time,left_s0,left_s1,left_e0,left_e1,left_w0,left_w1,left_w2,right_s0,right_s1,right_e0,right_e1,right_w0,right_w1,right_w2
0.0000,0.2934,-0.2255,-1.4304,1.7714,-0.2730,0.0594,0.1427,-0.2930,-0.2815,1.4036,1.7744,0.2719,0.0713,-0.1415
0.0300,0.2938,-0.2328,-1.4297,1.7714,-0.2727,0.0591,0.1404,-0.2926,-0.2899,1.4021,1.7748,0.2719,0.0740,-0.1419
0.0600,0.2938,-0.2420,-1.4281,1.7721,-0.2727,0.0610,0.1388,-0.2922,-0.2976,1.3986,1.7756,0.2723,0.0755,-0.1419
0.0900,0.2930,-0.2489,-1.4255,1.7733,-0.2723,0.0610,0.1377,-0.2930,-0.3030,1.3963,1.7763,0.2719,0.0805,-0.1415
0.1200,0.2930,-0.2581,-1.4235,1.7725,-0.2723,0.0629,0.1377,-0.2915,-0.3091,1.3925,1.7771,0.2730,0.0867,-0.1396
0.1500,0.2922,-0.2654,-1.4216,1.7729,-0.2719,0.0644,0.1377,-0.2918,-0.3156,1.3902,1.7779,0.2719,0.0936,-0.1361
0.1800,0.2922,-0.2742,-1.4193,1.7729,-0.2723,0.0713,0.1377,-0.2922,-0.3210,1.3848,1.7787,0.2719,0.1020,-0.1373
0.2100,0.2918,-0.2819,-1.4162,1.7729,-0.2723,0.0790,0.1373,-0.2915,-0.3248,1.3813,1.7810,0.2719,0.1108,-0.1361
0.2500,0.2926,-0.2915,-1.4128,1.7729,-0.2727,0.0913,0.1373,-0.2903,-0.3325,1.3760,1.7829,0.2719,0.1250,-0.1373
0.2800,0.2915,-0.2987,-1.4101,1.7744,-0.2723,0.1001,0.1373,-0.2911,-0.3356,1.3737,1.7836,0.2715,0.1342,-0.1365
0.3100,0.2918,-0.3056,-1.4067,1.7733,-0.2719,0.1124,0.1365,-0.2907,-0.3390,1.3698,1.7852,0.2711,0.1473,-0.1365
0.3400,0.2926,-0.3118,-1.4024,1.7748,-0.2715,0.1239,0.1369,-0.2899,-0.3428,1.3660,1.7879,0.2715,0.1565,-0.1365
0.3700,0.2911,-0.3187,-1.3986,1.7760,-0.2723,0.1350,0.1373,-0.2895,-0.3459,1.3622,1.7890,0.2707,0.1691,-0.1358
0.4000,0.2915,-0.3218,-1.3959,1.7771,-0.2707,0.1457,0.1369,-0.2899,-0.3494,1.3591,1.7917,0.2704,0.1783,-0.1365
0.4300,0.2918,-0.3283,-1.3925,1.7775,-0.2692,0.1580,0.1361,-0.2892,-0.3517,1.3557,1.7921,0.2681,0.1891,-0.1369
0.4600,0.2907,-0.3344,-1.3879,1.7790,-0.2665,0.1676,0.1365,-0.2895,-0.3551,1.3534,1.7955,0.2661,0.1975,-0.1361
0.5001,0.2903,-0.3402,-1.3829,1.7821,-0.2658,0.1810,0.1361,-0.2888,-0.3590,1.3491,1.7982,0.2658,0.2113,-0.1358
0.5300,0.2892,-0.3448,-1.3779,1.7829,-0.2658,0.1894,0.1365,-0.2892,-0.3613,1.3465,1.7997,0.2658,0.2174,-0.1361
0.5600,0.2892,-0.3497,-1.3744,1.7848,-0.2658,0.1967,0.1365,-0.2888,-0.3636,1.3430,1.8024,0.2658,0.2220,-0.1361
0.5900,0.2895,-0.3524,-1.3710,1.7863,-0.2654,0.2052,0.1369,-0.2899,-0.3655,1.3418,1.8047,0.2654,0.2274,-0.1365
0.6200,0.2892,-0.3547,-1.3679,1.7879,-0.2665,0.2113,0.1369,-0.2907,-0.3685,1.3388,1.8059,0.2658,0.2320,-0.1361
0.6500,0.2895,-0.3578,-1.3641,1.7898,-0.2669,0.2178,0.1361,-0.2926,-0.3716,1.3365,1.8101,0.2665,0.2355,-0.1361
0.6800,0.2892,-0.3620,-1.3614,1.7921,-0.2661,0.2228,0.1365,-0.2945,-0.3747,1.3369,1.8147,0.2658,0.2408,-0.1369
0.7100,0.2903,-0.3651,-1.3576,1.7955,-0.2661,0.2282,0.1358,-0.2976,-0.3774,1.3342,1.8193,0.2654,0.2443,-0.1361
0.7500,0.2907,-0.3685,-1.3537,1.7986,-0.2665,0.2351,0.1361,-0.3030,-0.3808,1.3334,1.8251,0.2658,0.2497,-0.1365
0.7800,0.2922,-0.3708,-1.3514,1.8009,-0.2658,0.2378,0.1358,-0.3083,-0.3835,1.3330,1.8308,0.2658,0.2531,-0.1365
0.8100,0.2930,-0.3739,-1.3495,1.8047,-0.2661,0.2416,0.1358,-0.3125,-0.3862,1.3319,1.8354,0.2650,0.2562,-0.1361
0.8401,0.2941,-0.3785,-1.3472,1.8089,-0.2661,0.2458,0.1358,-0.3179,-0.3889,1.3319,1.8404,0.2658,0.2592,-0.1358
0.8702,0.2961,-0.3804,-1.3457,1.8135,-0.2665,0.2500,0.1361,-0.3241,-0.3931,1.3319,1.8461,0.2661,0.2631,-0.1350
0.9000,0.2976,-0.3846,-1.3442,1.8182,-0.2658,0.2543,0.1358,-0.3302,-0.3954,1.3311,1.8523,0.2654,0.2681,-0.1342
0.9300,0.3007,-0.3881,-1.3430,1.8231,-0.2654,0.2581,0.1358,-0.3371,-0.3977,1.3319,1.8588,0.2654,0.2700,-0.1350
0.9704,0.3049,-0.3915,-1.3407,1.8308,-0.2661,0.2631,0.1354,-0.3436,-0.4023,1.3315,1.8676,0.2661,0.2742,-0.1346
1.0001,0.3079,-0.3950,-1.3395,1.8362,-0.2658,0.2665,0.1358,-0.3505,-0.4061,1.3315,1.8726,0.2654,0.2769,-0.1346
1.0300,0.3125,-0.3985,-1.3384,1.8431,-0.2658,0.2707,0.1354,-0.3567,-0.4084,1.3319,1.8787,0.2654,0.2800,-0.1342
1.0600,0.3172,-0.4011,-1.3369,1.8484,-0.2654,0.2742,0.1358,-0.3616,-0.4126,1.3319,1.8845,0.2654,0.2842,-0.1346
1.0900,0.3221,-0.4046,-1.3353,1.8542,-0.2654,0.2777,0.1354,-0.3655,-0.4153,1.3311,1.8902,0.2650,0.2876,-0.1346
1.1200,0.3279,-0.4092,-1.3346,1.8619,-0.2658,0.2807,0.1350,-0.3705,-0.4176,1.3303,1.8960,0.2646,0.2895,-0.1342
1.1500,0.3325,-0.4123,-1.3338,1.8684,-0.2661,0.2842,0.1358,-0.3770,-0.4203,1.3315,1.9010,0.2646,0.2926,-0.1350
1.1800,0.3394,-0.4149,-1.3326,1.8734,-0.2654,0.2895,0.1358,-0.3820,-0.4234,1.3315,1.9052,0.2650,0.2961,-0.1338
1.2200,0.3467,-0.4192,-1.3319,1.8826,-0.2658,0.2930,0.1354,-0.3881,-0.4268,1.3311,1.9117,0.2646,0.2984,-0.1342
1.2500,0.3532,-0.4215,-1.3307,1.8899,-0.2658,0.2968,0.1354,-0.3923,-0.4291,1.3319,1.9163,0.2646,0.3007,-0.1342
1.2800,0.3593,-0.4253,-1.3307,1.8964,-0.2654,0.3018,0.1350,-0.3973,-0.4310,1.3315,1.9205,0.2638,0.3022,-0.1338
1.3100,0.3659,-0.4280,-1.3292,1.9018,-0.2658,0.3045,0.1350,-0.3996,-0.4322,1.3303,1.9240,0.2650,0.3033,-0.1342
1.3401,0.3708,-0.4310,-1.3288,1.9079,-0.2650,0.3072,0.1358,-0.4023,-0.4337,1.3315,1.9263,0.2654,0.3072,-0.1342
1.3700,0.3770,-0.4322,-1.3284,1.9136,-0.2650,0.3087,0.1354,-0.4054,-0.4345,1.3303,1.9290,0.2646,0.3068,-0.1342
1.4001,0.3827,-0.4353,-1.3269,1.9194,-0.2654,0.3099,0.1354,-0.4077,-0.4349,1.3311,1.9317,0.2642,0.3087,-0.1342
1.4301,0.3866,-0.4364,-1.3257,1.9259,-0.2654,0.3106,0.1354,-0.4107,-0.4360,1.3303,1.9336,0.2650,0.3079,-0.1358
1.4702,0.3915,-0.4387,-1.3250,1.9309,-0.2631,0.3110,0.1354,-0.4134,-0.4364,1.3303,1.9367,0.2654,0.3076,-0.1342
1.5000,0.3969,-0.4403,-1.3231,1.9347,-0.2631,0.3106,0.1350,-0.4146,-0.4368,1.3307,1.9397,0.2638,0.3099,-0.1346
1.5300,0.3996,-0.4422,-1.3223,1.9390,-0.2631,0.3106,0.1354,-0.4161,-0.4364,1.3307,1.9413,0.2638,0.3095,-0.1350
1.5602,0.4031,-0.4426,-1.3215,1.9432,-0.2635,0.3114,0.1346,-0.4153,-0.4364,1.3303,1.9420,0.2638,0.3102,-0.1338
1.5901,0.4054,-0.4426,-1.3204,1.9459,-0.2627,0.3125,0.1350,-0.4169,-0.4364,1.3307,1.9436,0.2646,0.3095,-0.1342
1.6201,0.4084,-0.4426,-1.3204,1.9489,-0.2635,0.3156,0.1358,-0.4172,-0.4364,1.3311,1.9455,0.2646,0.3087,-0.1342
1.6501,0.4103,-0.4437,-1.3208,1.9512,-0.2631,0.3160,0.1346,-0.4176,-0.4368,1.3300,1.9451,0.2646,0.3087,-0.1338
1.6901,0.4130,-0.4437,-1.3204,1.9543,-0.2627,0.3183,0.1342,-0.4161,-0.4364,1.3292,1.9443,0.2646,0.3083,-0.1346
1.7201,0.4149,-0.4441,-1.3211,1.9570,-0.2623,0.3172,0.1346,-0.4169,-0.4372,1.3311,1.9443,0.2642,0.3083,-0.1346
1.7501,0.4172,-0.4441,-1.3192,1.9574,-0.2627,0.3168,0.1350,-0.4157,-0.4368,1.3303,1.9451,0.2638,0.3087,-0.1338
1.7800,0.4180,-0.4433,-1.3211,1.9600,-0.2635,0.3148,0.1350,-0.4165,-0.4376,1.3303,1.9447,0.2646,0.3079,-0.1346
1.8100,0.4192,-0.4441,-1.3192,1.9608,-0.2631,0.3164,0.1346,-0.4165,-0.4357,1.3300,1.9443,0.2650,0.3091,-0.1342
1.8402,0.4203,-0.4429,-1.3200,1.9623,-0.2623,0.3156,0.1350,-0.4161,-0.4368,1.3311,1.9424,0.2642,0.3087,-0.1338
1.8702,0.4199,-0.4441,-1.3192,1.9631,-0.2627,0.3175,0.1346,-0.4142,-0.4360,1.3300,1.9386,0.2638,0.3095,-0.1342
1.9001,0.4207,-0.4441,-1.3192,1.9631,-0.2627,0.3156,0.1346,-0.4123,-0.4360,1.3303,1.9355,0.2646,0.3099,-0.1335
1.9400,0.4211,-0.4441,-1.3192,1.9631,-0.2631,0.3172,0.1354,-0.4084,-0.4364,1.3303,1.9301,0.2646,0.3056,-0.1338
1.9703,0.4211,-0.4437,-1.3192,1.9620,-0.2631,0.3160,0.1346,-0.4061,-0.4368,1.3300,1.9255,0.2646,0.3053,-0.1342
2.0000,0.4207,-0.4429,-1.3196,1.9608,-0.2623,0.3172,0.1346,-0.4011,-0.4360,1.3300,1.9217,0.2642,0.3026,-0.1354
2.0300,0.4203,-0.4437,-1.3192,1.9604,-0.2627,0.3160,0.1350,-0.3977,-0.4357,1.3296,1.9163,0.2642,0.3033,-0.1342
2.0600,0.4203,-0.4437,-1.3196,1.9593,-0.2631,0.3172,0.1350,-0.3927,-0.4353,1.3300,1.9106,0.2642,0.3010,-0.1335
2.0900,0.4192,-0.4437,-1.3196,1.9570,-0.2627,0.3175,0.1342,-0.3869,-0.4360,1.3292,1.9021,0.2650,0.3007,-0.1335
2.1200,0.4180,-0.4433,-1.3196,1.9543,-0.2631,0.3175,0.1338,-0.3827,-0.4357,1.3288,1.8956,0.2646,0.3018,-0.1338
2.1500,0.4169,-0.4426,-1.3181,1.9501,-0.2627,0.3206,0.1327,-0.3762,-0.4360,1.3273,1.8868,0.2642,0.3018,-0.1335
2.1900,0.4138,-0.4437,-1.3188,1.9443,-0.2623,0.3221,0.1331,-0.3674,-0.4357,1.3261,1.8753,0.2642,0.3010,-0.1342
2.2200,0.4107,-0.4429,-1.3181,1.9386,-0.2631,0.3221,0.1323,-0.3586,-0.4357,1.3250,1.8661,0.2642,0.3014,-0.1342
2.2500,0.4088,-0.4426,-1.3181,1.9332,-0.2631,0.3225,0.1331,-0.3505,-0.4357,1.3223,1.8569,0.2646,0.3003,-0.1338
2.2800,0.4046,-0.4433,-1.3185,1.9255,-0.2627,0.3221,0.1331,-0.3425,-0.4349,1.3215,1.8454,0.2642,0.3010,-0.1338
2.3100,0.3981,-0.4433,-1.3177,1.9179,-0.2627,0.3221,0.1327,-0.3340,-0.4345,1.3185,1.8369,0.2654,0.3007,-0.1335
2.3401,0.3923,-0.4426,-1.3177,1.9083,-0.2635,0.3221,0.1331,-0.3237,-0.4341,1.3162,1.8270,0.2646,0.3007,-0.1338
2.3700,0.3854,-0.4445,-1.3169,1.8991,-0.2627,0.3233,0.1335,-0.3141,-0.4349,1.3127,1.8162,0.2654,0.3010,-0.1342
2.4100,0.3728,-0.4429,-1.3162,1.8853,-0.2635,0.3221,0.1331,-0.3018,-0.4333,1.3081,1.8028,0.2654,0.3003,-0.1338
2.4401,0.3616,-0.4429,-1.3150,1.8741,-0.2635,0.3218,0.1331,-0.2922,-0.4333,1.3054,1.7925,0.2654,0.3014,-0.1338
2.4702,0.3505,-0.4429,-1.3116,1.8642,-0.2642,0.3229,0.1323,-0.2826,-0.4330,1.3027,1.7821,0.2654,0.3014,-0.1346
2.5000,0.3405,-0.4422,-1.3104,1.8538,-0.2638,0.3225,0.1327,-0.2750,-0.4326,1.3004,1.7729,0.2658,0.3010,-0.1342
2.5300,0.3283,-0.4418,-1.3085,1.8427,-0.2642,0.3229,0.1327,-0.2658,-0.4318,1.2977,1.7641,0.2692,0.3018,-0.1338
2.5601,0.3160,-0.4414,-1.3066,1.8312,-0.2642,0.3221,0.1323,-0.2569,-0.4326,1.2951,1.7533,0.2715,0.3022,-0.1346
2.5901,0.3045,-0.4403,-1.3047,1.8201,-0.2665,0.3218,0.1327,-0.2485,-0.4322,1.2931,1.7438,0.2746,0.3030,-0.1346
2.6201,0.2930,-0.4418,-1.3016,1.8089,-0.2696,0.3218,0.1323,-0.2412,-0.4318,1.2916,1.7349,0.2811,0.3033,-0.1342
2.6601,0.2765,-0.4410,-1.2989,1.7940,-0.2753,0.3206,0.1331,-0.2316,-0.4318,1.2893,1.7227,0.2876,0.3037,-0.1338
2.6901,0.2658,-0.4399,-1.2962,1.7825,-0.2811,0.3198,0.1327,-0.2236,-0.4318,1.2874,1.7150,0.2926,0.2972,-0.1338
2.7201,0.2539,-0.4395,-1.2943,1.7717,-0.2857,0.3175,0.1327,-0.2163,-0.4318,1.2851,1.7062,0.2957,0.2934,-0.1335
2.7500,0.2439,-0.4395,-1.2931,1.7618,-0.2907,0.3156,0.1327,-0.2086,-0.4318,1.2847,1.6958,0.3003,0.2907,-0.1346
2.7800,0.2339,-0.4391,-1.2893,1.7518,-0.2945,0.3152,0.1331,-0.2021,-0.4310,1.2832,1.6866,0.3037,0.2861,-0.1338
2.8100,0.2247,-0.4387,-1.2882,1.7407,-0.2972,0.3145,0.1323,-0.1956,-0.4303,1.2813,1.6778,0.3068,0.2853,-0.1342
2.8400,0.2163,-0.4387,-1.2851,1.7307,-0.3018,0.3160,0.1327,-0.1887,-0.4303,1.2801,1.6674,0.3095,0.2876,-0.1335
2.8701,0.2086,-0.4399,-1.2836,1.7211,-0.3041,0.3168,0.1335,-0.1825,-0.4295,1.2797,1.6582,0.3099,0.2888,-0.1331
2.9100,0.1983,-0.4391,-1.2820,1.7069,-0.3053,0.3191,0.1331,-0.1741,-0.4295,1.2790,1.6460,0.3114,0.2922,-0.1338
2.9400,0.1910,-0.4376,-1.2801,1.6970,-0.3060,0.3187,0.1331,-0.1687,-0.4291,1.2778,1.6368,0.3137,0.2903,-0.1331
2.9703,0.1841,-0.4376,-1.2786,1.6881,-0.3083,0.3195,0.1327,-0.1630,-0.4295,1.2767,1.6283,0.3168,0.2903,-0.1335
3.0001,0.1768,-0.4380,-1.2770,1.6789,-0.3122,0.3198,0.1323,-0.1565,-0.4291,1.2755,1.6195,0.3183,0.2876,-0.1342
3.0300,0.1703,-0.4368,-1.2763,1.6678,-0.3148,0.3206,0.1331,-0.1511,-0.4284,1.2751,1.6103,0.3218,0.2872,-0.1335
3.0600,0.1630,-0.4364,-1.2744,1.6586,-0.3175,0.3218,0.1327,-0.1450,-0.4284,1.2736,1.6019,0.3256,0.2857,-0.1335
3.0900,0.1561,-0.4360,-1.2744,1.6490,-0.3206,0.3191,0.1327,-0.1388,-0.4284,1.2724,1.5930,0.3279,0.2853,-0.1335
3.1300,0.1473,-0.4357,-1.2728,1.6368,-0.3237,0.3198,0.1327,-0.1319,-0.4280,1.2705,1.5808,0.3333,0.2853,-0.1346
3.1600,0.1411,-0.4353,-1.2713,1.6279,-0.3267,0.3206,0.1319,-0.1258,-0.4276,1.2701,1.5727,0.3359,0.2861,-0.1331
3.1900,0.1335,-0.4337,-1.2698,1.6187,-0.3310,0.3202,0.1331,-0.1204,-0.4272,1.2690,1.5647,0.3379,0.2861,-0.1331
3.2200,0.1266,-0.4337,-1.2705,1.6091,-0.3329,0.3202,0.1327,-0.1150,-0.4276,1.2690,1.5566,0.3398,0.2869,-0.1335
3.2500,0.1200,-0.4326,-1.2690,1.6007,-0.3352,0.3206,0.1327,-0.1104,-0.4268,1.2675,1.5493,0.3425,0.2861,-0.1327
3.2800,0.1124,-0.4322,-1.2682,1.5927,-0.3367,0.3210,0.1323,-0.1051,-0.4261,1.2671,1.5413,0.3448,0.2869,-0.1327
3.3100,0.1058,-0.4318,-1.2667,1.5842,-0.3379,0.3206,0.1331,-0.0997,-0.4268,1.2655,1.5336,0.3459,0.2865,-0.1327
3.3401,0.0993,-0.4322,-1.2671,1.5762,-0.3402,0.3218,0.1327,-0.0963,-0.4261,1.2644,1.5282,0.3451,0.2876,-0.1335
3.3800,0.0905,-0.4314,-1.2655,1.5662,-0.3421,0.3218,0.1327,-0.0901,-0.4268,1.2625,1.5202,0.3471,0.2876,-0.1327
3.4100,0.0855,-0.4295,-1.2648,1.5597,-0.3436,0.3229,0.1327,-0.0859,-0.4261,1.2621,1.5163,0.3467,0.2865,-0.1331
3.4400,0.0794,-0.4295,-1.2632,1.5524,-0.3455,0.3225,0.1331,-0.0817,-0.4261,1.2617,1.5114,0.3467,0.2865,-0.1331
3.4703,0.0740,-0.4295,-1.2621,1.5455,-0.3474,0.3221,0.1323,-0.0790,-0.4257,1.2602,1.5075,0.3490,0.2872,-0.1331
3.5000,0.0702,-0.4287,-1.2628,1.5397,-0.3478,0.3221,0.1323,-0.0755,-0.4261,1.2586,1.5025,0.3509,0.2895,-0.1335
3.5300,0.0660,-0.4295,-1.2617,1.5340,-0.3463,0.3221,0.1331,-0.0725,-0.4257,1.2586,1.5006,0.3505,0.2861,-0.1335
3.5600,0.0625,-0.4291,-1.2613,1.5286,-0.3478,0.3229,0.1319,-0.0706,-0.4261,1.2586,1.4964,0.3513,0.2846,-0.1335
3.5900,0.0591,-0.4284,-1.2609,1.5229,-0.3471,0.3237,0.1327,-0.0683,-0.4257,1.2575,1.4933,0.3517,0.2876,-0.1342
3.6300,0.0541,-0.4287,-1.2609,1.5167,-0.3474,0.3233,0.1335,-0.0663,-0.4253,1.2579,1.4922,0.3520,0.2876,-0.1331
3.6600,0.0514,-0.4284,-1.2609,1.5125,-0.3482,0.3233,0.1331,-0.0663,-0.4261,1.2579,1.4914,0.3513,0.2872,-0.1331
3.6900,0.0491,-0.4276,-1.2609,1.5094,-0.3482,0.3241,0.1327,-0.0667,-0.4261,1.2575,1.4914,0.3532,0.2849,-0.1331
3.7201,0.0468,-0.4276,-1.2609,1.5071,-0.3501,0.3233,0.1327,-0.0667,-0.4253,1.2575,1.4910,0.3574,0.2869,-0.1327
3.7501,0.0460,-0.4280,-1.2609,1.5056,-0.3536,0.3233,0.1319,-0.0667,-0.4257,1.2575,1.4910,0.3613,0.2861,-0.1342
3.7800,0.0441,-0.4280,-1.2598,1.5033,-0.3567,0.3241,0.1327,-0.0675,-0.4253,1.2575,1.4914,0.3674,0.2846,-0.1331
3.8100,0.0437,-0.4276,-1.2598,1.5018,-0.3609,0.3233,0.1331,-0.0675,-0.4261,1.2567,1.4906,0.3724,0.2819,-0.1331
3.8500,0.0418,-0.4276,-1.2594,1.4995,-0.3678,0.3233,0.1331,-0.0683,-0.4272,1.2571,1.4914,0.3812,0.2780,-0.1331
3.8800,0.0418,-0.4276,-1.2582,1.4995,-0.3731,0.3225,0.1327,-0.0679,-0.4280,1.2559,1.4914,0.3900,0.2750,-0.1331
3.9100,0.0407,-0.4268,-1.2586,1.4979,-0.3816,0.3218,0.1327,-0.0679,-0.4295,1.2559,1.4914,0.3992,0.2750,-0.1331
3.9401,0.0403,-0.4276,-1.2590,1.4975,-0.3912,0.3195,0.1327,-0.0686,-0.4318,1.2559,1.4910,0.4126,0.2738,-0.1331
3.9713,0.0387,-0.4280,-1.2579,1.4975,-0.4023,0.3175,0.1327,-0.0686,-0.4337,1.2552,1.4910,0.4257,0.2746,-0.1327
4.0000,0.0407,-0.4284,-1.2575,1.4975,-0.4142,0.3168,0.1327,-0.0690,-0.4368,1.2559,1.4914,0.4403,0.2715,-0.1331
4.0301,0.0395,-0.4280,-1.2579,1.4979,-0.4280,0.3156,0.1327,-0.0694,-0.4403,1.2556,1.4922,0.4544,0.2684,-0.1331
4.0601,0.0391,-0.4291,-1.2579,1.4968,-0.4418,0.3125,0.1327,-0.0702,-0.4433,1.2556,1.4918,0.4694,0.2642,-0.1327
4.1000,0.0410,-0.4310,-1.2575,1.4968,-0.4625,0.3099,0.1331,-0.0702,-0.4498,1.2544,1.4910,0.4905,0.2623,-0.1327
4.1300,0.0407,-0.4322,-1.2567,1.4972,-0.4782,0.3076,0.1323,-0.0706,-0.4552,1.2556,1.4895,0.5039,0.2631,-0.1327
4.1601,0.0383,-0.4337,-1.2559,1.4964,-0.4928,0.3076,0.1331,-0.0717,-0.4610,1.2544,1.4887,0.5170,0.2642,-0.1327
4.1900,0.0383,-0.4364,-1.2552,1.4952,-0.5077,0.3041,0.1323,-0.0736,-0.4679,1.2544,1.4883,0.5288,0.2669,-0.1331
4.2200,0.0380,-0.4380,-1.2544,1.4949,-0.5204,0.2999,0.1331,-0.0732,-0.4748,1.2552,1.4868,0.5407,0.2700,-0.1335
4.2500,0.0372,-0.4414,-1.2536,1.4941,-0.5342,0.2953,0.1327,-0.0744,-0.4828,1.2556,1.4872,0.5534,0.2704,-0.1338
4.2800,0.0372,-0.4441,-1.2529,1.4933,-0.5465,0.2911,0.1327,-0.0759,-0.4893,1.2544,1.4864,0.5657,0.2715,-0.1327
4.3100,0.0357,-0.4491,-1.2525,1.4922,-0.5588,0.2869,0.1327,-0.0763,-0.4978,1.2556,1.4857,0.5791,0.2696,-0.1331
4.3501,0.0353,-0.4556,-1.2517,1.4899,-0.5749,0.2815,0.1331,-0.0771,-0.5093,1.2563,1.4837,0.5983,0.2704,-0.1338
4.3800,0.0349,-0.4606,-1.2506,1.4872,-0.5883,0.2765,0.1323,-0.0782,-0.5170,1.2556,1.4830,0.6109,0.2700,-0.1331
4.4100,0.0334,-0.4667,-1.2506,1.4860,-0.6021,0.2681,0.1327,-0.0782,-0.5250,1.2567,1.4811,0.6216,0.2688,-0.1338
4.4402,0.0330,-0.4748,-1.2506,1.4818,-0.6159,0.2615,0.1327,-0.0790,-0.5323,1.2567,1.4799,0.6335,0.2692,-0.1335
4.4705,0.0337,-0.4844,-1.2517,1.4780,-0.6297,0.2535,0.1327,-0.0809,-0.5403,1.2567,1.4795,0.6439,0.2692,-0.1338
4.5000,0.0341,-0.4924,-1.2517,1.4734,-0.6439,0.2477,0.1331,-0.0809,-0.5480,1.2567,1.4788,0.6542,0.2688,-0.1331
4.5300,0.0368,-0.5012,-1.2521,1.4680,-0.6535,0.2408,0.1327,-0.0832,-0.5557,1.2579,1.4788,0.6627,0.2681,-0.1338
4.5700,0.0395,-0.5143,-1.2513,1.4634,-0.6634,0.2263,0.1327,-0.0848,-0.5649,1.2590,1.4788,0.6742,0.2688,-0.1335
4.6000,0.0422,-0.5242,-1.2502,1.4565,-0.6727,0.2228,0.1327,-0.0859,-0.5718,1.2625,1.4772,0.6834,0.2688,-0.1327
4.6302,0.0464,-0.5338,-1.2498,1.4511,-0.6819,0.2236,0.1327,-0.0886,-0.5787,1.2640,1.4780,0.6937,0.2700,-0.1338
4.6601,0.0499,-0.5423,-1.2510,1.4477,-0.6903,0.2240,0.1327,-0.0909,-0.5844,1.2667,1.4780,0.7045,0.2734,-0.1335
4.6901,0.0556,-0.5511,-1.2502,1.4442,-0.7014,0.2266,0.1331,-0.0932,-0.5917,1.2694,1.4780,0.7160,0.2773,-0.1331
4.7200,0.0606,-0.5595,-1.2502,1.4408,-0.7137,0.2293,0.1323,-0.0966,-0.5963,1.2721,1.4780,0.7290,0.2826,-0.1323
4.7500,0.0675,-0.5672,-1.2502,1.4377,-0.7260,0.2332,0.1327,-0.1005,-0.6025,1.2755,1.4788,0.7405,0.2869,-0.1338
4.7800,0.0729,-0.5752,-1.2513,1.4339,-0.7375,0.2401,0.1323,-0.1035,-0.6094,1.2790,1.4795,0.7482,0.2926,-0.1335
4.8200,0.0825,-0.5860,-1.2513,1.4308,-0.7513,0.2481,0.1331,-0.1093,-0.6163,1.2862,1.4795,0.7601,0.2995,-0.1331
4.8500,0.0874,-0.5929,-1.2521,1.4297,-0.7593,0.2543,0.1319,-0.1131,-0.6213,1.2912,1.4788,0.7662,0.3033,-0.1331
4.8800,0.0928,-0.5986,-1.2533,1.4297,-0.7666,0.2585,0.1327,-0.1170,-0.6274,1.2966,1.4795,0.7712,0.3072,-0.1327
4.9101,0.1001,-0.6048,-1.2552,1.4301,-0.7716,0.2646,0.1327,-0.1235,-0.6328,1.3020,1.4799,0.7747,0.3122,-0.1331
4.9403,0.1062,-0.6101,-1.2563,1.4304,-0.7758,0.2696,0.1327,-0.1300,-0.6378,1.3073,1.4803,0.7796,0.3160,-0.1342
4.9700,0.1112,-0.6155,-1.2586,1.4308,-0.7808,0.2746,0.1323,-0.1361,-0.6420,1.3139,1.4811,0.7846,0.3210,-0.1323
5.0000,0.1181,-0.6197,-1.2628,1.4320,-0.7862,0.2811,0.1331,-0.1427,-0.6458,1.3200,1.4822,0.7908,0.3248,-0.1331
5.0300,0.1239,-0.6247,-1.2667,1.4324,-0.7900,0.2865,0.1327,-0.1503,-0.6512,1.3273,1.4826,0.7977,0.3310,-0.1331
5.0702,0.1312,-0.6297,-1.2744,1.4331,-0.7988,0.2953,0.1323,-0.1615,-0.6565,1.3369,1.4853,0.8061,0.3394,-0.1346
5.1000,0.1373,-0.6343,-1.2793,1.4347,-0.8046,0.3018,0.1323,-0.1703,-0.6600,1.3442,1.4883,0.8111,0.3448,-0.1331
5.1300,0.1430,-0.6393,-1.2855,1.4377,-0.8096,0.3076,0.1331,-0.1791,-0.6627,1.3514,1.4910,0.8130,0.3520,-0.1327
5.1600,0.1488,-0.6443,-1.2928,1.4400,-0.8122,0.3168,0.1323,-0.1894,-0.6657,1.3591,1.4960,0.8153,0.3590,-0.1342
5.1900,0.1557,-0.6485,-1.3008,1.4435,-0.8138,0.3233,0.1327,-0.1998,-0.6684,1.3672,1.4991,0.8161,0.3659,-0.1331
5.2200,0.1618,-0.6535,-1.3096,1.4465,-0.8165,0.3306,0.1327,-0.2105,-0.6711,1.3752,1.5041,0.8149,0.3724,-0.1327
5.2500,0.1684,-0.6588,-1.3169,1.4511,-0.8168,0.3382,0.1331,-0.2220,-0.6734,1.3833,1.5094,0.8161,0.3793,-0.1335
5.2900,0.1787,-0.6638,-1.3284,1.4588,-0.8180,0.3494,0.1323,-0.2370,-0.6773,1.3929,1.5167,0.8165,0.3877,-0.1338
5.3200,0.1864,-0.6684,-1.3376,1.4638,-0.8180,0.3567,0.1323,-0.2485,-0.6788,1.4013,1.5229,0.8168,0.3927,-0.1338
5.3501,0.1944,-0.6738,-1.3465,1.4703,-0.8188,0.3639,0.1331,-0.2612,-0.6803,1.4082,1.5305,0.8161,0.3985,-0.1335
5.3800,0.2033,-0.6773,-1.3557,1.4776,-0.8191,0.3708,0.1319,-0.2723,-0.6826,1.4147,1.5374,0.8161,0.4038,-0.1327
5.4100,0.2128,-0.6807,-1.3641,1.4845,-0.8184,0.3781,0.1327,-0.2846,-0.6834,1.4208,1.5459,0.8161,0.4111,-0.1335
5.4400,0.2224,-0.6853,-1.3721,1.4926,-0.8180,0.3843,0.1323,-0.2972,-0.6842,1.4262,1.5524,0.8161,0.4195,-0.1327
5.4703,0.2332,-0.6880,-1.3802,1.5014,-0.8184,0.3915,0.1323,-0.3091,-0.6865,1.4316,1.5608,0.8161,0.4264,-0.1327
5.5000,0.2431,-0.6911,-1.3883,1.5098,-0.8184,0.4000,0.1323,-0.3214,-0.6876,1.4377,1.5685,0.8161,0.4357,-0.1327
5.5401,0.2577,-0.6953,-1.3971,1.5206,-0.8180,0.4107,0.1327,-0.3379,-0.6884,1.4435,1.5788,0.8168,0.4491,-0.1331
5.5700,0.2692,-0.6968,-1.4055,1.5298,-0.8180,0.4211,0.1327,-0.3486,-0.6903,1.4485,1.5869,0.8157,0.4598,-0.1331
5.6000,0.2815,-0.6995,-1.4116,1.5393,-0.8188,0.4322,0.1327,-0.3597,-0.6911,1.4508,1.5946,0.8161,0.4713,-0.1335
5.6301,0.2945,-0.7018,-1.4178,1.5482,-0.8172,0.4426,0.1319,-0.3708,-0.6926,1.4546,1.6034,0.8168,0.4844,-0.1338
5.6600,0.3060,-0.7041,-1.4235,1.5581,-0.8172,0.4541,0.1327,-0.3800,-0.6934,1.4584,1.6114,0.8165,0.4943,-0.1331
5.6900,0.3183,-0.7056,-1.4293,1.5673,-0.8180,0.4648,0.1323,-0.3896,-0.6949,1.4600,1.6191,0.8165,0.5054,-0.1327
5.7200,0.3329,-0.7068,-1.4350,1.5758,-0.8172,0.4775,0.1327,-0.3992,-0.6968,1.4630,1.6253,0.8165,0.5150,-0.1331
5.7500,0.3444,-0.7083,-1.4393,1.5850,-0.8168,0.4890,0.1323,-0.4080,-0.6987,1.4646,1.6322,0.8165,0.5231,-0.1338
5.7900,0.3624,-0.7102,-1.4458,1.5976,-0.8157,0.5028,0.1331,-0.4203,-0.7010,1.4696,1.6402,0.8126,0.5354,-0.1335
5.8200,0.3747,-0.7118,-1.4508,1.6068,-0.8142,0.5123,0.1331,-0.4280,-0.7026,1.4711,1.6467,0.8099,0.5434,-0.1327
5.8501,0.3869,-0.7129,-1.4550,1.6149,-0.8099,0.5216,0.1327,-0.4349,-0.7045,1.4749,1.6513,0.8034,0.5515,-0.1335
5.8801,0.3985,-0.7145,-1.4577,1.6237,-0.8057,0.5288,0.1327,-0.4410,-0.7064,1.4776,1.6571,0.7977,0.5595,-0.1327
5.9101,0.4092,-0.7156,-1.4615,1.6318,-0.7992,0.5365,0.1327,-0.4483,-0.7083,1.4795,1.6625,0.7915,0.5660,-0.1331
5.9403,0.4207,-0.7168,-1.4642,1.6379,-0.7919,0.5430,0.1327,-0.4552,-0.7102,1.4811,1.6674,0.7862,0.5733,-0.1323
5.9702,0.4307,-0.7194,-1.4680,1.6467,-0.7865,0.5499,0.1323,-0.4598,-0.7125,1.4837,1.6728,0.7804,0.5775,-0.1342
6.0101,0.4433,-0.7217,-1.4711,1.6552,-0.7785,0.5599,0.1327,-0.4663,-0.7137,1.4845,1.6782,0.7758,0.5841,-0.1331
6.0404,0.4510,-0.7229,-1.4730,1.6613,-0.7731,0.5653,0.1327,-0.4698,-0.7148,1.4857,1.6824,0.7731,0.5906,-0.1331
6.0700,0.4590,-0.7244,-1.4765,1.6674,-0.7724,0.5726,0.1319,-0.4721,-0.7152,1.4845,1.6855,0.7712,0.5998,-0.1327
6.1001,0.4675,-0.7260,-1.4776,1.6732,-0.7704,0.5791,0.1323,-0.4759,-0.7160,1.4849,1.6889,0.7697,0.6063,-0.1331
6.1301,0.4740,-0.7271,-1.4799,1.6782,-0.7689,0.5864,0.1327,-0.4786,-0.7156,1.4853,1.6920,0.7693,0.6147,-0.1338
6.1601,0.4798,-0.7279,-1.4834,1.6824,-0.7662,0.5933,0.1327,-0.4824,-0.7152,1.4853,1.6950,0.7666,0.6213,-0.1331
6.1901,0.4863,-0.7286,-1.4834,1.6870,-0.7632,0.5994,0.1323,-0.4855,-0.7160,1.4860,1.6966,0.7647,0.6282,-0.1323
6.2201,0.4913,-0.7294,-1.4849,1.6904,-0.7612,0.6082,0.1319,-0.4878,-0.7152,1.4853,1.6989,0.7628,0.6339,-0.1323
6.2601,0.4978,-0.7309,-1.4864,1.6954,-0.7593,0.6159,0.1327,-0.4909,-0.7160,1.4864,1.7004,0.7563,0.6431,-0.1335
6.2901,0.5012,-0.7309,-1.4880,1.6989,-0.7555,0.6224,0.1331,-0.4943,-0.7168,1.4860,1.7043,0.7501,0.6493,-0.1342
6.3200,0.5058,-0.7313,-1.4891,1.7027,-0.7505,0.6285,0.1331,-0.4985,-0.7156,1.4872,1.7069,0.7436,0.6539,-0.1327
6.3500,0.5097,-0.7321,-1.4906,1.7046,-0.7440,0.6355,0.1327,-0.5005,-0.7156,1.4868,1.7096,0.7344,0.6596,-0.1335
6.3800,0.5127,-0.7321,-1.4891,1.7081,-0.7363,0.6427,0.1327,-0.5047,-0.7171,1.4853,1.7123,0.7248,0.6661,-0.1331
6.4100,0.5158,-0.7313,-1.4895,1.7115,-0.7275,0.6481,0.1315,-0.5089,-0.7156,1.4868,1.7158,0.7145,0.6738,-0.1327
6.4400,0.5196,-0.7313,-1.4903,1.7142,-0.7183,0.6569,0.1327,-0.5123,-0.7164,1.4868,1.7192,0.7037,0.6819,-0.1327
6.4701,0.5239,-0.7321,-1.4914,1.7181,-0.7075,0.6627,0.1327,-0.5181,-0.7156,1.4849,1.7234,0.6953,0.6907,-0.1346
6.5101,0.5285,-0.7321,-1.4922,1.7211,-0.6945,0.6738,0.1331,-0.5231,-0.7152,1.4864,1.7288,0.6853,0.7029,-0.1331
6.5401,0.5315,-0.7321,-1.4922,1.7242,-0.6865,0.6815,0.1327,-0.5285,-0.7148,1.4864,1.7330,0.6784,0.7122,-0.1335
6.5701,0.5350,-0.7321,-1.4926,1.7276,-0.6811,0.6911,0.1327,-0.5342,-0.7156,1.4864,1.7380,0.6730,0.7229,-0.1338
6.6000,0.5392,-0.7317,-1.4926,1.7315,-0.6750,0.7018,0.1327,-0.5392,-0.7156,1.4857,1.7438,0.6677,0.7317,-0.1342
6.6301,0.5434,-0.7325,-1.4914,1.7345,-0.6688,0.7114,0.1323,-0.5453,-0.7156,1.4868,1.7491,0.6611,0.7409,-0.1338
6.6601,0.5484,-0.7317,-1.4922,1.7392,-0.6631,0.7202,0.1323,-0.5515,-0.7152,1.4872,1.7549,0.6542,0.7520,-0.1331
6.6901,0.5530,-0.7309,-1.4922,1.7430,-0.6565,0.7309,0.1331,-0.5588,-0.7160,1.4868,1.7602,0.6458,0.7624,-0.1331
6.7300,0.5595,-0.7317,-1.4929,1.7491,-0.6447,0.7440,0.1327,-0.5687,-0.7156,1.4868,1.7679,0.6305,0.7754,-0.1335
6.7601,0.5637,-0.7313,-1.4926,1.7545,-0.6343,0.7536,0.1323,-0.5756,-0.7152,1.4876,1.7737,0.6193,0.7846,-0.1331
6.7900,0.5687,-0.7309,-1.4941,1.7579,-0.6224,0.7655,0.1323,-0.5818,-0.7152,1.4876,1.7790,0.6059,0.7931,-0.1327
6.8200,0.5745,-0.7317,-1.4952,1.7648,-0.6101,0.7754,0.1323,-0.5898,-0.7152,1.4876,1.7856,0.5906,0.8027,-0.1331
6.8500,0.5802,-0.7313,-1.4949,1.7702,-0.5948,0.7842,0.1323,-0.5967,-0.7145,1.4868,1.7917,0.5741,0.8103,-0.1331
6.8800,0.5864,-0.7309,-1.4972,1.7767,-0.5810,0.7942,0.1323,-0.6040,-0.7145,1.4880,1.7990,0.5584,0.8188,-0.1331
6.9100,0.5929,-0.7313,-1.4960,1.7825,-0.5660,0.8015,0.1327,-0.6105,-0.7145,1.4868,1.8055,0.5426,0.8260,-0.1335
6.9400,0.5998,-0.7309,-1.4972,1.7894,-0.5515,0.8099,0.1323,-0.6174,-0.7141,1.4872,1.8132,0.5285,0.8314,-0.1327
6.9800,0.6071,-0.7302,-1.4983,1.7978,-0.5308,0.8199,0.1327,-0.6270,-0.7133,1.4887,1.8228,0.5108,0.8356,-0.1327
7.0100,0.6147,-0.7302,-1.4987,1.8051,-0.5162,0.8253,0.1323,-0.6335,-0.7125,1.4880,1.8308,0.4978,0.8383,-0.1327
7.0401,0.6201,-0.7306,-1.4987,1.8132,-0.5028,0.8295,0.1327,-0.6389,-0.7110,1.4872,1.8369,0.4847,0.8410,-0.1335
7.0702,0.6274,-0.7309,-1.5010,1.8189,-0.4913,0.8333,0.1323,-0.6450,-0.7095,1.4868,1.8446,0.4725,0.8429,-0.1335
7.1000,0.6347,-0.7298,-1.4995,1.8258,-0.4786,0.8356,0.1323,-0.6500,-0.7072,1.4887,1.8523,0.4602,0.8448,-0.1327
7.1300,0.6389,-0.7290,-1.5014,1.8335,-0.4671,0.8376,0.1331,-0.6550,-0.7060,1.4891,1.8600,0.4468,0.8468,-0.1331
7.1600,0.6447,-0.7267,-1.5025,1.8408,-0.4552,0.8406,0.1327,-0.6596,-0.7029,1.4883,1.8665,0.4318,0.8448,-0.1331
7.1900,0.6516,-0.7260,-1.5033,1.8484,-0.4426,0.8406,0.1323,-0.6638,-0.6987,1.4887,1.8738,0.4180,0.8460,-0.1331
7.2300,0.6581,-0.7237,-1.5060,1.8577,-0.4241,0.8437,0.1331,-0.6692,-0.6941,1.4895,1.8833,0.3985,0.8464,-0.1335
7.2600,0.6619,-0.7214,-1.5048,1.8649,-0.4103,0.8475,0.1323,-0.6727,-0.6895,1.4883,1.8906,0.3854,0.8464,-0.1338
7.2900,0.6665,-0.7183,-1.5048,1.8726,-0.3958,0.8471,0.1323,-0.6746,-0.6849,1.4880,1.8979,0.3728,0.8475,-0.1346
7.3201,0.6715,-0.7148,-1.5060,1.8803,-0.3800,0.8487,0.1331,-0.6773,-0.6807,1.4872,1.9044,0.3574,0.8498,-0.1331
7.3501,0.6750,-0.7110,-1.5056,1.8883,-0.3662,0.8487,0.1323,-0.6803,-0.6761,1.4853,1.9102,0.3455,0.8483,-0.1331
7.3800,0.6788,-0.7098,-1.5075,1.8960,-0.3543,0.8494,0.1323,-0.6819,-0.6723,1.4841,1.9167,0.3321,0.8471,-0.1331
7.4100,0.6826,-0.7049,-1.5083,1.9021,-0.3425,0.8494,0.1327,-0.6838,-0.6680,1.4811,1.9225,0.3202,0.8468,-0.1335
7.4501,0.6857,-0.6964,-1.5079,1.9113,-0.3264,0.8491,0.1323,-0.6857,-0.6588,1.4803,1.9301,0.3030,0.8441,-0.1331
7.4800,0.6888,-0.6880,-1.5094,1.9171,-0.3148,0.8491,0.1319,-0.6876,-0.6512,1.4791,1.9359,0.2934,0.8406,-0.1323
7.5101,0.6907,-0.6803,-1.5087,1.9244,-0.3033,0.8494,0.1319,-0.6880,-0.6431,1.4788,1.9393,0.2811,0.8372,-0.1331
7.5401,0.6937,-0.6727,-1.5094,1.9309,-0.2918,0.8487,0.1327,-0.6884,-0.6351,1.4749,1.9439,0.2688,0.8353,-0.1327
7.5700,0.6960,-0.6646,-1.5075,1.9351,-0.2780,0.8487,0.1319,-0.6891,-0.6285,1.4734,1.9485,0.2566,0.8356,-0.1327
7.6002,0.6972,-0.6562,-1.5087,1.9413,-0.2642,0.8491,0.1331,-0.6895,-0.6209,1.4707,1.9516,0.2428,0.8341,-0.1327
7.6300,0.6995,-0.6489,-1.5087,1.9474,-0.2523,0.8475,0.1327,-0.6895,-0.6136,1.4684,1.9558,0.2324,0.8333,-0.1342
7.6600,0.7006,-0.6420,-1.5071,1.9528,-0.2397,0.8471,0.1323,-0.6895,-0.6059,1.4646,1.9589,0.2205,0.8330,-0.1331
7.7000,0.7026,-0.6324,-1.5068,1.9593,-0.2251,0.8468,0.1327,-0.6911,-0.5967,1.4611,1.9635,0.2067,0.8341,-0.1327
7.7301,0.7037,-0.6247,-1.5056,1.9639,-0.2148,0.8471,0.1327,-0.6907,-0.5902,1.4580,1.9669,0.1971,0.8330,-0.1327
7.7600,0.7045,-0.6174,-1.5048,1.9681,-0.2056,0.8452,0.1331,-0.6907,-0.5848,1.4550,1.9700,0.1875,0.8341,-0.1331
7.7899,0.7041,-0.6098,-1.5022,1.9719,-0.1963,0.8437,0.1323,-0.6918,-0.5791,1.4519,1.9719,0.1776,0.8333,-0.1335
7.8200,0.7052,-0.6036,-1.5010,1.9754,-0.1864,0.8418,0.1327,-0.6914,-0.5733,1.4485,1.9738,0.1661,0.8333,-0.1331
7.8500,0.7060,-0.5960,-1.4979,1.9796,-0.1745,0.8425,0.1327,-0.6914,-0.5691,1.4454,1.9777,0.1568,0.8337,-0.1323
7.8800,0.7075,-0.5890,-1.4941,1.9831,-0.1661,0.8425,0.1323,-0.6911,-0.5641,1.4423,1.9800,0.1450,0.8333,-0.1331
7.9102,0.7064,-0.5821,-1.4903,1.9865,-0.1530,0.8425,0.1323,-0.6903,-0.5603,1.4396,1.9819,0.1331,0.8337,-0.1331
7.9500,0.7075,-0.5741,-1.4860,1.9903,-0.1365,0.8418,0.1327,-0.6907,-0.5549,1.4366,1.9869,0.1173,0.8330,-0.1331
7.9800,0.7072,-0.5683,-1.4818,1.9946,-0.1254,0.8425,0.1327,-0.6918,-0.5530,1.4316,1.9900,0.1081,0.8341,-0.1331
8.0100,0.7072,-0.5626,-1.4772,1.9972,-0.1139,0.8422,0.1319,-0.6911,-0.5499,1.4293,1.9923,0.0970,0.8341,-0.1331
8.0402,0.7079,-0.5568,-1.4738,2.0003,-0.1043,0.8418,0.1319,-0.6911,-0.5469,1.4262,1.9957,0.0886,0.8356,-0.1327
8.0706,0.7075,-0.5511,-1.4696,2.0045,-0.0955,0.8422,0.1323,-0.6911,-0.5449,1.4232,1.9984,0.0790,0.8383,-0.1327
8.1000,0.7083,-0.5469,-1.4646,2.0080,-0.0859,0.8433,0.1323,-0.6918,-0.5438,1.4208,2.0022,0.0709,0.8429,-0.1331
8.1300,0.7083,-0.5426,-1.4603,2.0103,-0.0782,0.8425,0.1323,-0.6926,-0.5415,1.4185,2.0049,0.0629,0.8464,-0.1338
8.1707,0.7087,-0.5388,-1.4561,2.0149,-0.0671,0.8456,0.1319,-0.6941,-0.5396,1.4159,2.0095,0.0525,0.8498,-0.1331
8.2000,0.7079,-0.5342,-1.4511,2.0180,-0.0575,0.8494,0.1323,-0.6960,-0.5384,1.4151,2.0126,0.0456,0.8544,-0.1335
8.2300,0.7087,-0.5319,-1.4477,2.0206,-0.0472,0.8533,0.1331,-0.6983,-0.5380,1.4136,2.0157,0.0372,0.8590,-0.1327
8.2601,0.7091,-0.5296,-1.4439,2.0249,-0.0383,0.8567,0.1323,-0.7006,-0.5380,1.4120,2.0187,0.0288,0.8632,-0.1327
8.2900,0.7087,-0.5285,-1.4416,2.0283,-0.0307,0.8609,0.1327,-0.7037,-0.5377,1.4113,2.0218,0.0184,0.8686,-0.1335
8.3200,0.7087,-0.5258,-1.4396,2.0306,-0.0238,0.8652,0.1323,-0.7068,-0.5369,1.4101,2.0256,0.0100,0.8748,-0.1335
8.3500,0.7098,-0.5242,-1.4354,2.0333,-0.0150,0.8709,0.1323,-0.7118,-0.5354,1.4097,2.0287,0.0015,0.8809,-0.1331
8.3800,0.7102,-0.5231,-1.4362,2.0371,-0.0096,0.8771,0.1319,-0.7156,-0.5350,1.4093,2.0329,-0.0046,0.8893,-0.1331
8.4200,0.7125,-0.5216,-1.4324,2.0425,-0.0023,0.8866,0.1315,-0.7229,-0.5354,1.4074,2.0371,-0.0115,0.9004,-0.1331
8.4500,0.7137,-0.5216,-1.4304,2.0452,0.0004,0.8932,0.1331,-0.7286,-0.5346,1.4070,2.0406,-0.0146,0.9089,-0.1327
8.4800,0.7160,-0.5208,-1.4285,2.0486,0.0054,0.9012,0.1323,-0.7348,-0.5334,1.4059,2.0436,-0.0165,0.9169,-0.1331
8.5100,0.7194,-0.5212,-1.4270,2.0528,0.0069,0.9089,0.1323,-0.7409,-0.5338,1.4063,2.0475,-0.0173,0.9269,-0.1338
8.5401,0.7229,-0.5200,-1.4258,2.0563,0.0073,0.9173,0.1327,-0.7474,-0.5315,1.4063,2.0494,-0.0199,0.9357,-0.1338
8.5700,0.7260,-0.5193,-1.4247,2.0590,0.0088,0.9261,0.1327,-0.7536,-0.5304,1.4067,2.0521,-0.0245,0.9434,-0.1327
8.6000,0.7302,-0.5189,-1.4228,2.0621,0.0096,0.9346,0.1327,-0.7597,-0.5281,1.4055,2.0559,-0.0299,0.9511,-0.1331
8.6300,0.7348,-0.5181,-1.4235,2.0655,0.0146,0.9415,0.1319,-0.7662,-0.5273,1.4055,2.0594,-0.0368,0.9591,-0.1331
8.6703,0.7424,-0.5162,-1.4224,2.0693,0.0226,0.9511,0.1327,-0.7739,-0.5258,1.4047,2.0624,-0.0445,0.9691,-0.1338
8.7001,0.7470,-0.5150,-1.4216,2.0720,0.0291,0.9564,0.1327,-0.7789,-0.5223,1.4044,2.0644,-0.0575,0.9733,-0.1331
8.7300,0.7520,-0.5135,-1.4216,2.0751,0.0357,0.9618,0.1331,-0.7835,-0.5196,1.4040,2.0670,-0.0644,0.9768,-0.1335
8.7600,0.7578,-0.5123,-1.4201,2.0789,0.0414,0.9672,0.1323,-0.7892,-0.5177,1.4036,2.0709,-0.0706,0.9783,-0.1331
8.7900,0.7639,-0.5112,-1.4185,2.0828,0.0468,0.9710,0.1319,-0.7931,-0.5158,1.4028,2.0736,-0.0725,0.9787,-0.1331
8.8200,0.7697,-0.5085,-1.4185,2.0858,0.0506,0.9733,0.1315,-0.7969,-0.5131,1.4021,2.0770,-0.0736,0.9806,-0.1342
8.8500,0.7758,-0.5074,-1.4166,2.0889,0.0545,0.9752,0.1327,-0.8004,-0.5104,1.4009,2.0808,-0.0748,0.9806,-0.1327
8.8899,0.7835,-0.5035,-1.4159,2.0931,0.0579,0.9756,0.1323,-0.8046,-0.5066,1.4028,2.0866,-0.0836,0.9810,-0.1335
8.9200,0.7877,-0.5012,-1.4155,2.0962,0.0637,0.9771,0.1327,-0.8084,-0.5035,1.4021,2.0897,-0.0947,0.9814,-0.1338
8.9500,0.7931,-0.4993,-1.4155,2.0993,0.0717,0.9791,0.1327,-0.8103,-0.5016,1.4021,2.0943,-0.1081,0.9810,-0.1327
8.9800,0.7969,-0.4966,-1.4132,2.1019,0.0817,0.9817,0.1323,-0.8122,-0.4985,1.4009,2.0981,-0.1216,0.9817,-0.1331
9.0100,0.8004,-0.4932,-1.4120,2.1062,0.0940,0.9833,0.1319,-0.8142,-0.4962,1.4021,2.1046,-0.1358,0.9814,-0.1327
9.0401,0.8042,-0.4905,-1.4101,2.1108,0.1097,0.9863,0.1323,-0.8161,-0.4936,1.4009,2.1088,-0.1484,0.9817,-0.1338
9.0704,0.8080,-0.4886,-1.4078,2.1150,0.1250,0.9887,0.1327,-0.8191,-0.4920,1.3998,2.1154,-0.1592,0.9821,-0.1331
9.1000,0.8119,-0.4870,-1.4063,2.1184,0.1411,0.9887,0.1323,-0.8214,-0.4909,1.3975,2.1196,-0.1680,0.9825,-0.1335
9.1401,0.8165,-0.4821,-1.4028,2.1246,0.1561,0.9883,0.1315,-0.8241,-0.4874,1.3955,2.1269,-0.1760,0.9840,-0.1331
9.1708,0.8199,-0.4790,-1.4017,2.1284,0.1622,0.9890,0.1319,-0.8264,-0.4836,1.3936,2.1322,-0.1829,0.9833,-0.1331
9.2000,0.8226,-0.4775,-1.4005,2.1342,0.1672,0.9894,0.1323,-0.8295,-0.4813,1.3921,2.1365,-0.1856,0.9837,-0.1323
9.2300,0.8268,-0.4740,-1.3994,2.1380,0.1699,0.9890,0.1323,-0.8307,-0.4771,1.3886,2.1414,-0.1906,0.9829,-0.1331
9.2600,0.8295,-0.4721,-1.3990,2.1430,0.1749,0.9887,0.1319,-0.8330,-0.4725,1.3863,2.1453,-0.1987,0.9810,-0.1335
9.2900,0.8326,-0.4694,-1.3978,2.1468,0.1818,0.9867,0.1323,-0.8353,-0.4671,1.3871,2.1495,-0.2109,0.9779,-0.1331
9.3200,0.8356,-0.4663,-1.3982,2.1522,0.1917,0.9837,0.1323,-0.8372,-0.4636,1.3863,2.1526,-0.2274,0.9752,-0.1335
9.3500,0.8379,-0.4636,-1.3971,2.1560,0.2044,0.9821,0.1323,-0.8376,-0.4587,1.3844,2.1560,-0.2374,0.9695,-0.1342
9.3900,0.8410,-0.4583,-1.3963,2.1614,0.2205,0.9771,0.1327,-0.8399,-0.4529,1.3829,2.1614,-0.2435,0.9637,-0.1327
9.4200,0.8425,-0.4544,-1.3948,2.1664,0.2328,0.9745,0.1327,-0.8410,-0.4487,1.3813,2.1652,-0.2451,0.9587,-0.1335
9.4501,0.8452,-0.4502,-1.3921,2.1683,0.2401,0.9710,0.1327,-0.8410,-0.4426,1.3794,2.1667,-0.2447,0.9557,-0.1327
9.4802,0.8468,-0.4456,-1.3886,2.1710,0.2439,0.9676,0.1323,-0.8422,-0.4372,1.3783,2.1683,-0.2454,0.9545,-0.1323
9.5100,0.8491,-0.4433,-1.3867,2.1737,0.2443,0.9649,0.1323,-0.8433,-0.4333,1.3775,2.1706,-0.2493,0.9534,-0.1335
9.5401,0.8506,-0.4380,-1.3852,2.1760,0.2443,0.9603,0.1319,-0.8425,-0.4295,1.3767,2.1710,-0.2581,0.9518,-0.1327
9.5705,0.8533,-0.4330,-1.3840,2.1771,0.2454,0.9576,0.1323,-0.8429,-0.4253,1.3767,2.1733,-0.2700,0.9526,-0.1323
9.6100,0.8563,-0.4272,-1.3833,2.1794,0.2493,0.9545,0.1331,-0.8437,-0.4199,1.3752,2.1771,-0.2849,0.9495,-0.1338
9.6401,0.8586,-0.4218,-1.3813,2.1825,0.2577,0.9545,0.1327,-0.8452,-0.4180,1.3748,2.1790,-0.2953,0.9449,-0.1327
9.6702,0.8598,-0.4180,-1.3794,2.1844,0.2673,0.9526,0.1323,-0.8456,-0.4157,1.3729,2.1817,-0.3010,0.9392,-0.1335
9.7000,0.8609,-0.4134,-1.3790,2.1878,0.2823,0.9518,0.1327,-0.8456,-0.4119,1.3695,2.1840,-0.3045,0.9338,-0.1327
9.7300,0.8625,-0.4084,-1.3779,2.1909,0.2984,0.9488,0.1323,-0.8448,-0.4084,1.3702,2.1882,-0.3145,0.9269,-0.1323
9.7600,0.8632,-0.4054,-1.3771,2.1940,0.3125,0.9442,0.1319,-0.8460,-0.4046,1.3691,2.1913,-0.3183,0.9208,-0.1327
9.7900,0.8632,-0.4023,-1.3744,2.1967,0.3244,0.9376,0.1331,-0.8448,-0.4019,1.3664,2.1944,-0.3202,0.9139,-0.1331
9.8200,0.8632,-0.3977,-1.3718,2.2001,0.3310,0.9319,0.1323,-0.8456,-0.3992,1.3672,2.1982,-0.3248,0.9066,-0.1331
9.8600,0.8640,-0.3954,-1.3672,2.2024,0.3313,0.9219,0.1323,-0.8464,-0.3950,1.3660,2.2020,-0.3294,0.8993,-0.1331
9.8900,0.8644,-0.3908,-1.3672,2.2043,0.3321,0.9143,0.1327,-0.8456,-0.3915,1.3656,2.2047,-0.3386,0.8939,-0.1331
9.9200,0.8655,-0.3881,-1.3660,2.2066,0.3321,0.9073,0.1319,-0.8460,-0.3885,1.3649,2.2062,-0.3459,0.8870,-0.1335
9.9500,0.8663,-0.3869,-1.3641,2.2089,0.3340,0.9001,0.1319,-0.8456,-0.3862,1.3641,2.2085,-0.3528,0.8817,-0.1335
9.9800,0.8678,-0.3835,-1.3641,2.2112,0.3398,0.8935,0.1323,-0.8452,-0.3831,1.3622,2.2097,-0.3620,0.8771,-0.1327
10.0100,0.8682,-0.3816,-1.3633,2.2135,0.3497,0.8886,0.1327,-0.8456,-0.3804,1.3622,2.2112,-0.3701,0.8736,-0.1323
10.0400,0.8682,-0.3785,-1.3629,2.2166,0.3597,0.8843,0.1323,-0.8460,-0.3770,1.3606,2.2128,-0.3754,0.8705,-0.1335
10.0702,0.8682,-0.3766,-1.3618,2.2174,0.3708,0.8797,0.1323,-0.8456,-0.3731,1.3591,2.2158,-0.3800,0.8690,-0.1327
10.1100,0.8690,-0.3720,-1.3610,2.2204,0.3858,0.8778,0.1323,-0.8460,-0.3678,1.3580,2.2193,-0.3985,0.8659,-0.1335
10.1400,0.8686,-0.3697,-1.3599,2.2224,0.3938,0.8763,0.1323,-0.8456,-0.3643,1.3564,2.2212,-0.4130,0.8629,-0.1331
10.1700,0.8686,-0.3643,-1.3583,2.2254,0.3973,0.8751,0.1323,-0.8448,-0.3597,1.3518,2.2243,-0.4261,0.8567,-0.1327
10.2000,0.8690,-0.3616,-1.3572,2.2285,0.4065,0.8725,0.1331,-0.8441,-0.3543,1.3480,2.2273,-0.4414,0.8494,-0.1331
10.2300,0.8690,-0.3559,-1.3564,2.2308,0.4215,0.8675,0.1319,-0.8441,-0.3490,1.3438,2.2289,-0.4552,0.8425,-0.1331
10.2600,0.8682,-0.3524,-1.3541,2.2335,0.4349,0.8594,0.1327,-0.8429,-0.3428,1.3403,2.2323,-0.4702,0.8349,-0.1338
10.2900,0.8678,-0.3490,-1.3514,2.2362,0.4510,0.8517,0.1327,-0.8422,-0.3363,1.3353,2.2331,-0.4847,0.8291,-0.1331
10.3300,0.8675,-0.3402,-1.3468,2.2400,0.4725,0.8414,0.1315,-0.8399,-0.3267,1.3277,2.2354,-0.5028,0.8211,-0.1335
10.3600,0.8667,-0.3348,-1.3434,2.2419,0.4893,0.8330,0.1327,-0.8368,-0.3214,1.3215,2.2365,-0.5147,0.8157,-0.1335
10.3900,0.8648,-0.3290,-1.3392,2.2446,0.5054,0.8257,0.1327,-0.8333,-0.3133,1.3146,2.2385,-0.5285,0.8107,-0.1327
10.4200,0.8640,-0.3218,-1.3346,2.2454,0.5219,0.8207,0.1327,-0.8295,-0.3060,1.3081,2.2392,-0.5411,0.8046,-0.1331
10.4500,0.8621,-0.3160,-1.3292,2.2473,0.5373,0.8142,0.1323,-0.8253,-0.2991,1.3004,2.2404,-0.5542,0.8000,-0.1331
10.4800,0.8594,-0.3099,-1.3234,2.2480,0.5522,0.8103,0.1327,-0.8207,-0.2918,1.2928,2.2404,-0.5695,0.7923,-0.1327
10.5100,0.8567,-0.3037,-1.3173,2.2484,0.5657,0.8050,0.1315,-0.8153,-0.2834,1.2836,2.2396,-0.5864,0.7846,-0.1335
10.5400,0.8533,-0.2968,-1.3081,2.2492,0.5779,0.8000,0.1323,-0.8103,-0.2750,1.2751,2.2388,-0.6063,0.7750,-0.1335
10.5800,0.8494,-0.2872,-1.2981,2.2503,0.5952,0.7865,0.1331,-0.8023,-0.2650,1.2613,2.2369,-0.6312,0.7612,-0.1331
10.6100,0.8460,-0.2803,-1.2908,2.2523,0.6109,0.7773,0.1323,-0.7958,-0.2573,1.2525,2.2350,-0.6485,0.7509,-0.1331
10.6400,0.8414,-0.2727,-1.2820,2.2519,0.6324,0.7716,0.1323,-0.7892,-0.2493,1.2421,2.2331,-0.6665,0.7394,-0.1331
10.6702,0.8364,-0.2654,-1.2732,2.2519,0.6550,0.7612,0.1319,-0.7816,-0.2405,1.2322,2.2300,-0.6819,0.7283,-0.1331
10.7000,0.8310,-0.2577,-1.2640,2.2503,0.6773,0.7501,0.1323,-0.7743,-0.2312,1.2218,2.2273,-0.6995,0.7171,-0.1331
10.7300,0.8249,-0.2493,-1.2548,2.2500,0.6976,0.7390,0.1323,-0.7666,-0.2247,1.2115,2.2247,-0.7133,0.7072,-0.1327
10.7600,0.8184,-0.2428,-1.2437,2.2492,0.7187,0.7267,0.1331,-0.7589,-0.2155,1.2000,2.2216,-0.7306,0.6914,-0.1331
10.7899,0.8119,-0.2335,-1.2337,2.2477,0.7359,0.7095,0.1327,-0.7490,-0.2079,1.1881,2.2174,-0.7463,0.6738,-0.1331
10.8300,0.8023,-0.2224,-1.2184,2.2438,0.7528,0.6888,0.1327,-0.7371,-0.1971,1.1735,2.2112,-0.7666,0.6562,-0.1323
10.8599,0.7954,-0.2148,-1.2072,2.2400,0.7639,0.6746,0.1319,-0.7283,-0.1894,1.1628,2.2051,-0.7804,0.6427,-0.1335
10.8900,0.7873,-0.2063,-1.1977,2.2362,0.7754,0.6623,0.1319,-0.7194,-0.1825,1.1505,2.1997,-0.7958,0.6308,-0.1335
10.9200,0.7785,-0.1994,-1.1865,2.2319,0.7888,0.6489,0.1319,-0.7091,-0.1753,1.1394,2.1947,-0.8073,0.6182,-0.1327
10.9500,0.7697,-0.1929,-1.1750,2.2273,0.8034,0.6355,0.1331,-0.7006,-0.1687,1.1271,2.1867,-0.8176,0.6052,-0.1323
10.9800,0.7609,-0.1841,-1.1635,2.2231,0.8172,0.6243,0.1319,-0.6907,-0.1626,1.1160,2.1806,-0.8268,0.5937,-0.1335
11.0100,0.7520,-0.1779,-1.1509,2.2189,0.8310,0.6124,0.1315,-0.6811,-0.1568,1.1041,2.1729,-0.8349,0.5841,-0.1331
11.0500,0.7401,-0.1676,-1.1344,2.2089,0.8487,0.5971,0.1323,-0.6677,-0.1476,1.0872,2.1618,-0.8433,0.5714,-0.1338
11.0800,0.7298,-0.1607,-1.1229,2.2009,0.8594,0.5860,0.1323,-0.6573,-0.1415,1.0765,2.1529,-0.8510,0.5576,-0.1327
11.1100,0.7194,-0.1538,-1.1098,2.1924,0.8682,0.5726,0.1323,-0.6477,-0.1354,1.0646,2.1460,-0.8598,0.5449,-0.1327
11.1400,0.7087,-0.1465,-1.0976,2.1832,0.8705,0.5611,0.1319,-0.6366,-0.1292,1.0523,2.1395,-0.8678,0.5331,-0.1335
11.1703,0.6976,-0.1396,-1.0861,2.1713,0.8717,0.5522,0.1319,-0.6270,-0.1231,1.0400,2.1315,-0.8717,0.5250,-0.1327
11.2000,0.6849,-0.1331,-1.0738,2.1610,0.8751,0.5403,0.1319,-0.6151,-0.1162,1.0293,2.1234,-0.8740,0.5189,-0.1331
11.2302,0.6750,-0.1273,-1.0627,2.1545,0.8824,0.5281,0.1319,-0.6052,-0.1104,1.0170,2.1165,-0.8736,0.5097,-0.1327
11.2600,0.6634,-0.1223,-1.0523,2.1468,0.8893,0.5235,0.1323,-0.5937,-0.1051,1.0059,2.1088,-0.8832,0.5001,-0.1327
11.3000,0.6481,-0.1139,-1.0370,2.1368,0.8978,0.5154,0.1319,-0.5787,-0.0978,0.9917,2.0970,-0.8947,0.4936,-0.1338
11.3300,0.6358,-0.1074,-1.0258,2.1299,0.9043,0.5066,0.1323,-0.5668,-0.0905,0.9802,2.0874,-0.9001,0.4859,-0.1323
11.3600,0.6251,-0.1016,-1.0140,2.1226,0.9093,0.5008,0.1327,-0.5561,-0.0840,0.9695,2.0785,-0.9093,0.4798,-0.1327
11.3900,0.6128,-0.0963,-1.0028,2.1154,0.9154,0.4909,0.1331,-0.5457,-0.0782,0.9580,2.0690,-0.9204,0.4748,-0.1331
11.4200,0.6006,-0.0897,-0.9929,2.1054,0.9215,0.4836,0.1327,-0.5350,-0.0732,0.9476,2.0601,-0.9277,0.4682,-0.1331
11.4500,0.5875,-0.0840,-0.9814,2.0966,0.9284,0.4771,0.1331,-0.5242,-0.0675,0.9353,2.0502,-0.9269,0.4606,-0.1327
11.4800,0.5760,-0.0775,-0.9702,2.0881,0.9346,0.4702,0.1331,-0.5135,-0.0610,0.9258,2.0398,-0.9269,0.4552,-0.1327
11.5101,0.5637,-0.0717,-0.9603,2.0801,0.9388,0.4640,0.1319,-0.5047,-0.0541,0.9154,2.0302,-0.9273,0.4495,-0.1331
11.5500,0.5476,-0.0629,-0.9461,2.0667,0.9419,0.4560,0.1331,-0.4928,-0.0453,0.9016,2.0180,-0.9304,0.4414,-0.1331
11.5800,0.5354,-0.0571,-0.9350,2.0563,0.9430,0.4502,0.1323,-0.4824,-0.0387,0.8932,2.0084,-0.9338,0.4364,-0.1331
11.6101,0.5227,-0.0514,-0.9242,2.0459,0.9434,0.4449,0.1319,-0.4736,-0.0326,0.8851,1.9992,-0.9376,0.4326,-0.1331
11.6402,0.5120,-0.0456,-0.9154,2.0356,0.9438,0.4403,0.1327,-0.4652,-0.0253,0.8763,1.9892,-0.9415,0.4291,-0.1338
11.6703,0.5008,-0.0380,-0.9058,2.0264,0.9449,0.4341,0.1323,-0.4571,-0.0180,0.8682,1.9804,-0.9449,0.4257,-0.1335
11.7000,0.4890,-0.0314,-0.8981,2.0164,0.9480,0.4307,0.1327,-0.4483,-0.0115,0.8609,1.9708,-0.9468,0.4215,-0.1327
11.7300,0.4786,-0.0249,-0.8886,2.0076,0.9515,0.4245,0.1323,-0.4387,-0.0027,0.8556,1.9616,-0.9484,0.4161,-0.1331
11.7706,0.4652,-0.0153,-0.8801,1.9949,0.9564,0.4218,0.1327,-0.4295,0.0058,0.8471,1.9497,-0.9484,0.4084,-0.1335
11.8000,0.4541,-0.0073,-0.8728,1.9854,0.9599,0.4192,0.1327,-0.4222,0.0138,0.8425,1.9405,-0.9476,0.4096,-0.1331
11.8300,0.4445,-0.0004,-0.8659,1.9746,0.9618,0.4169,0.1327,-0.4142,0.0211,0.8395,1.9320,-0.9480,0.4084,-0.1327
11.8601,0.4353,0.0065,-0.8602,1.9654,0.9618,0.4149,0.1315,-0.4080,0.0272,0.8345,1.9225,-0.9480,0.4092,-0.1331
11.8900,0.4249,0.0138,-0.8544,1.9551,0.9603,0.4130,0.1319,-0.4004,0.0349,0.8314,1.9152,-0.9492,0.4088,-0.1338
11.9200,0.4149,0.0219,-0.8498,1.9455,0.9618,0.4130,0.1323,-0.3942,0.0410,0.8280,1.9071,-0.9484,0.4084,-0.1327
11.9501,0.4057,0.0291,-0.8448,1.9355,0.9614,0.4100,0.1327,-0.3885,0.0476,0.8260,1.8991,-0.9488,0.4096,-0.1327
11.9803,0.3981,0.0376,-0.8437,1.9274,0.9610,0.4054,0.1319,-0.3831,0.0533,0.8241,1.8929,-0.9484,0.4084,-0.1338
12.0200,0.3873,0.0476,-0.8383,1.9148,0.9618,0.4019,0.1327,-0.3770,0.0617,0.8230,1.8837,-0.9484,0.4092,-0.1338
12.0500,0.3789,0.0552,-0.8337,1.9071,0.9618,0.3962,0.1327,-0.3720,0.0667,0.8214,1.8784,-0.9480,0.4077,-0.1327
12.0800,0.3708,0.0606,-0.8314,1.8983,0.9610,0.3908,0.1331,-0.3682,0.0698,0.8214,1.8726,-0.9488,0.4088,-0.1327
12.1100,0.3639,0.0679,-0.8291,1.8895,0.9614,0.3869,0.1319,-0.3655,0.0752,0.8214,1.8699,-0.9480,0.4073,-0.1327
12.1400,0.3563,0.0740,-0.8276,1.8826,0.9603,0.3812,0.1327,-0.3620,0.0767,0.8203,1.8657,-0.9480,0.4080,-0.1327
12.1702,0.3513,0.0794,-0.8268,1.8757,0.9614,0.3816,0.1319,-0.3597,0.0786,0.8214,1.8619,-0.9476,0.4077,-0.1335
12.2000,0.3459,0.0828,-0.8253,1.8684,0.9607,0.3808,0.1323,-0.3559,0.0802,0.8203,1.8592,-0.9480,0.4054,-0.1342
12.2301,0.3405,0.0871,-0.8245,1.8626,0.9614,0.3835,0.1327,-0.3536,0.0821,0.8222,1.8573,-0.9480,0.4054,-0.1327
12.2703,0.3340,0.0928,-0.8222,1.8565,0.9603,0.3820,0.1327,-0.3517,0.0825,0.8214,1.8565,-0.9480,0.4057,-0.1327
12.3000,0.3306,0.0951,-0.8214,1.8511,0.9610,0.3839,0.1323,-0.3509,0.0825,0.8211,1.8557,-0.9480,0.4065,-0.1331
12.3300,0.3275,0.0970,-0.8207,1.8484,0.9607,0.3854,0.1323,-0.3505,0.0825,0.8214,1.8553,-0.9488,0.4069,-0.1327
12.3600,0.3244,0.0993,-0.8211,1.8458,0.9607,0.3862,0.1323,-0.3501,0.0825,0.8211,1.8553,-0.9484,0.4057,-0.1327
12.3900,0.3237,0.1009,-0.8203,1.8431,0.9595,0.3866,0.1327,-0.3505,0.0821,0.8211,1.8553,-0.9484,0.4061,-0.1327
12.4200,0.3214,0.1020,-0.8211,1.8408,0.9584,0.3877,0.1323,-0.3505,0.0821,0.8218,1.8553,-0.9488,0.4065,-0.1331
12.4500,0.3206,0.1032,-0.8199,1.8392,0.9591,0.3866,0.1319,-0.3513,0.0825,0.8211,1.8550,-0.9472,0.4061,-0.1331
12.4900,0.3191,0.1043,-0.8207,1.8369,0.9591,0.3877,0.1323,-0.3505,0.0821,0.8211,1.8553,-0.9492,0.4061,-0.1342
