time,left_s0,left_s1,left_e0,left_e1,left_w0,left_w1,left_w2,right_s0,right_s1,right_e0,right_e1,right_w0,right_w1,right_w2
0.0000,0.2938,-0.2389,-1.4266,1.7725,-0.2692,0.0690,0.1553,-0.2884,-0.2823,1.4013,1.7813,0.2631,0.0717,-0.1419
0.0300,0.2926,-0.2462,-1.4243,1.7729,-0.2684,0.0698,0.1488,-0.2876,-0.2895,1.3975,1.7825,0.2635,0.0725,-0.1373
0.0600,0.2926,-0.2535,-1.4232,1.7740,-0.2665,0.0706,0.1434,-0.2865,-0.2953,1.3940,1.7833,0.2631,0.0732,-0.1350
0.0901,0.2926,-0.2604,-1.4197,1.7744,-0.2661,0.0709,0.1392,-0.2861,-0.3010,1.3906,1.7840,0.2635,0.0732,-0.1342
0.1200,0.2918,-0.2677,-1.4170,1.7752,-0.2661,0.0713,0.1377,-0.2849,-0.3053,1.3856,1.7852,0.2631,0.0748,-0.1327
0.1500,0.2915,-0.2761,-1.4132,1.7760,-0.2669,0.0725,0.1361,-0.2849,-0.3114,1.3817,1.7863,0.2635,0.0767,-0.1335
0.1801,0.2918,-0.2830,-1.4109,1.7760,-0.2665,0.0721,0.1365,-0.2853,-0.3156,1.3779,1.7879,0.2635,0.0821,-0.1338
0.2101,0.2915,-0.2892,-1.4082,1.7767,-0.2665,0.0744,0.1354,-0.2842,-0.3198,1.3748,1.7886,0.2635,0.0886,-0.1342
0.2401,0.2899,-0.2964,-1.4040,1.7779,-0.2665,0.0782,0.1350,-0.2846,-0.3233,1.3718,1.7898,0.2635,0.0951,-0.1331
0.2701,0.2899,-0.3030,-1.4005,1.7779,-0.2669,0.0836,0.1358,-0.2846,-0.3267,1.3672,1.7917,0.2642,0.1032,-0.1327
0.3101,0.2895,-0.3095,-1.3963,1.7794,-0.2665,0.0951,0.1358,-0.2853,-0.3313,1.3633,1.7932,0.2635,0.1150,-0.1323
0.3402,0.2903,-0.3164,-1.3936,1.7794,-0.2661,0.1043,0.1354,-0.2861,-0.3336,1.3599,1.7944,0.2631,0.1266,-0.1323
0.3700,0.2888,-0.3210,-1.3902,1.7810,-0.2673,0.1147,0.1350,-0.2872,-0.3371,1.3572,1.7967,0.2631,0.1381,-0.1323
0.4000,0.2888,-0.3260,-1.3863,1.7813,-0.2669,0.1243,0.1346,-0.2876,-0.3398,1.3537,1.7974,0.2627,0.1492,-0.1323
0.4300,0.2888,-0.3306,-1.3829,1.7829,-0.2661,0.1358,0.1358,-0.2888,-0.3421,1.3522,1.7990,0.2638,0.1599,-0.1323
0.4600,0.2903,-0.3344,-1.3787,1.7848,-0.2661,0.1450,0.1354,-0.2903,-0.3455,1.3491,1.7994,0.2635,0.1710,-0.1335
0.4900,0.2892,-0.3371,-1.3764,1.7848,-0.2661,0.1568,0.1354,-0.2915,-0.3474,1.3468,1.8009,0.2627,0.1806,-0.1323
0.5201,0.2888,-0.3409,-1.3729,1.7863,-0.2661,0.1653,0.1354,-0.2941,-0.3513,1.3461,1.8020,0.2631,0.1906,-0.1323
0.5501,0.2892,-0.3444,-1.3695,1.7875,-0.2661,0.1764,0.1354,-0.2961,-0.3524,1.3442,1.8043,0.2638,0.1994,-0.1323
0.5901,0.2899,-0.3494,-1.3656,1.7890,-0.2669,0.1871,0.1358,-0.2999,-0.3563,1.3426,1.8074,0.2638,0.2105,-0.1335
0.6201,0.2907,-0.3528,-1.3633,1.7898,-0.2661,0.1975,0.1350,-0.3010,-0.3593,1.3411,1.8105,0.2638,0.2186,-0.1323
0.6501,0.2918,-0.3555,-1.3614,1.7909,-0.2665,0.2052,0.1346,-0.3045,-0.3624,1.3399,1.8128,0.2631,0.2240,-0.1338
0.6802,0.2926,-0.3582,-1.3583,1.7932,-0.2661,0.2117,0.1358,-0.3083,-0.3639,1.3392,1.8174,0.2631,0.2301,-0.1319
0.7101,0.2934,-0.3628,-1.3568,1.7959,-0.2654,0.2194,0.1350,-0.3125,-0.3666,1.3388,1.8216,0.2635,0.2351,-0.1327
0.7401,0.2949,-0.3639,-1.3549,1.7982,-0.2661,0.2247,0.1350,-0.3156,-0.3693,1.3380,1.8274,0.2631,0.2397,-0.1331
0.7701,0.2968,-0.3678,-1.3541,1.7997,-0.2658,0.2309,0.1350,-0.3210,-0.3716,1.3372,1.8323,0.2638,0.2439,-0.1327
0.8001,0.2991,-0.3705,-1.3518,1.8055,-0.2658,0.2358,0.1358,-0.3248,-0.3751,1.3365,1.8373,0.2635,0.2474,-0.1323
0.8301,0.3026,-0.3735,-1.3495,1.8093,-0.2658,0.2412,0.1346,-0.3302,-0.3766,1.3361,1.8438,0.2627,0.2504,-0.1323
0.8600,0.3053,-0.3762,-1.3499,1.8139,-0.2654,0.2447,0.1350,-0.3356,-0.3797,1.3357,1.8507,0.2631,0.2543,-0.1331
0.9000,0.3099,-0.3797,-1.3468,1.8201,-0.2650,0.2497,0.1346,-0.3409,-0.3831,1.3369,1.8588,0.2627,0.2577,-0.1335
0.9300,0.3141,-0.3827,-1.3461,1.8254,-0.2642,0.2539,0.1354,-0.3463,-0.3858,1.3357,1.8657,0.2631,0.2608,-0.1323
0.9600,0.3172,-0.3858,-1.3453,1.8308,-0.2650,0.2569,0.1350,-0.3513,-0.3889,1.3365,1.8715,0.2627,0.2642,-0.1338
0.9902,0.3225,-0.3889,-1.3430,1.8381,-0.2650,0.2604,0.1358,-0.3559,-0.3915,1.3365,1.8780,0.2627,0.2677,-0.1335
1.0201,0.3275,-0.3912,-1.3426,1.8442,-0.2650,0.2650,0.1350,-0.3613,-0.3954,1.3372,1.8841,0.2623,0.2715,-0.1319
1.0501,0.3317,-0.3942,-1.3418,1.8504,-0.2650,0.2684,0.1338,-0.3651,-0.3985,1.3361,1.8902,0.2627,0.2750,-0.1331
1.0803,0.3359,-0.3969,-1.3415,1.8573,-0.2650,0.2711,0.1335,-0.3697,-0.4004,1.3372,1.8964,0.2627,0.2780,-0.1327
1.1101,0.3417,-0.3992,-1.3395,1.8626,-0.2642,0.2761,0.1338,-0.3735,-0.4034,1.3369,1.9006,0.2631,0.2807,-0.1327
1.1401,0.3455,-0.4031,-1.3392,1.8707,-0.2646,0.2788,0.1338,-0.3781,-0.4065,1.3361,1.9048,0.2631,0.2838,-0.1319
1.1803,0.3532,-0.4069,-1.3380,1.8780,-0.2646,0.2830,0.1338,-0.3827,-0.4103,1.3369,1.9117,0.2623,0.2876,-0.1323
1.2101,0.3578,-0.4096,-1.3372,1.8849,-0.2642,0.2869,0.1335,-0.3869,-0.4134,1.3361,1.9152,0.2619,0.2899,-0.1323
1.2402,0.3639,-0.4126,-1.3365,1.8918,-0.2642,0.2899,0.1338,-0.3885,-0.4146,1.3369,1.9182,0.2631,0.2930,-0.1319
1.2701,0.3689,-0.4142,-1.3365,1.8964,-0.2646,0.2934,0.1331,-0.3923,-0.4169,1.3361,1.9213,0.2623,0.2961,-0.1331
1.3000,0.3735,-0.4176,-1.3357,1.9029,-0.2638,0.2964,0.1335,-0.3938,-0.4184,1.3361,1.9248,0.2627,0.2991,-0.1323
1.3300,0.3777,-0.4195,-1.3353,1.9075,-0.2635,0.2999,0.1335,-0.3969,-0.4195,1.3365,1.9271,0.2631,0.3003,-0.1331
1.3600,0.3823,-0.4234,-1.3342,1.9136,-0.2642,0.3045,0.1331,-0.3988,-0.4203,1.3365,1.9286,0.2627,0.3026,-0.1327
1.3902,0.3862,-0.4261,-1.3330,1.9182,-0.2635,0.3072,0.1331,-0.4004,-0.4215,1.3365,1.9301,0.2627,0.3041,-0.1327
1.4201,0.3900,-0.4272,-1.3319,1.9240,-0.2638,0.3102,0.1335,-0.4011,-0.4215,1.3369,1.9313,0.2619,0.3049,-0.1338
1.4501,0.3923,-0.4276,-1.3319,1.9278,-0.2635,0.3122,0.1331,-0.4023,-0.4218,1.3361,1.9320,0.2627,0.3064,-0.1323
1.4901,0.3954,-0.4284,-1.3315,1.9336,-0.2635,0.3118,0.1331,-0.4027,-0.4215,1.3361,1.9317,0.2627,0.3079,-0.1327
1.5201,0.3977,-0.4299,-1.3307,1.9351,-0.2631,0.3122,0.1335,-0.4027,-0.4222,1.3357,1.9313,0.2627,0.3068,-0.1331
1.5501,0.3996,-0.4299,-1.3311,1.9370,-0.2638,0.3114,0.1331,-0.4027,-0.4215,1.3365,1.9313,0.2623,0.3056,-0.1331
1.5803,0.4019,-0.4310,-1.3311,1.9405,-0.2638,0.3122,0.1331,-0.4019,-0.4222,1.3361,1.9313,0.2627,0.3064,-0.1327
1.6101,0.4046,-0.4322,-1.3319,1.9428,-0.2638,0.3114,0.1335,-0.4023,-0.4222,1.3361,1.9309,0.2619,0.3041,-0.1323
1.6401,0.4057,-0.4318,-1.3311,1.9451,-0.2638,0.3145,0.1335,-0.4023,-0.4222,1.3365,1.9305,0.2623,0.3045,-0.1327
1.6701,0.4069,-0.4322,-1.3303,1.9466,-0.2635,0.3118,0.1338,-0.4023,-0.4218,1.3361,1.9305,0.2627,0.3033,-0.1323
1.7000,0.4092,-0.4322,-1.3296,1.9482,-0.2631,0.3148,0.1331,-0.4015,-0.4222,1.3361,1.9301,0.2619,0.3014,-0.1331
1.7300,0.4100,-0.4318,-1.3300,1.9485,-0.2631,0.3133,0.1327,-0.4015,-0.4226,1.3361,1.9309,0.2631,0.3010,-0.1327
1.7700,0.4115,-0.4326,-1.3296,1.9497,-0.2635,0.3141,0.1335,-0.4011,-0.4222,1.3365,1.9297,0.2627,0.2987,-0.1327
1.8000,0.4126,-0.4326,-1.3292,1.9497,-0.2635,0.3145,0.1335,-0.3988,-0.4222,1.3357,1.9282,0.2631,0.2972,-0.1335
1.8300,0.4134,-0.4322,-1.3280,1.9497,-0.2631,0.3141,0.1335,-0.3988,-0.4215,1.3365,1.9271,0.2627,0.2964,-0.1323
1.8600,0.4142,-0.4322,-1.3280,1.9489,-0.2638,0.3141,0.1331,-0.3965,-0.4218,1.3361,1.9240,0.2627,0.2964,-0.1327
1.8901,0.4134,-0.4326,-1.3277,1.9493,-0.2631,0.3137,0.1331,-0.3942,-0.4218,1.3349,1.9217,0.2623,0.2949,-0.1327
1.9200,0.4134,-0.4318,-1.3277,1.9493,-0.2631,0.3137,0.1331,-0.3919,-0.4218,1.3369,1.9182,0.2631,0.2953,-0.1323
1.9502,0.4134,-0.4318,-1.3269,1.9485,-0.2635,0.3133,0.1338,-0.3889,-0.4215,1.3361,1.9136,0.2635,0.2945,-0.1331
2.0770,0.4080,-0.4322,-1.3265,1.9386,-0.2635,0.3164,0.1327,-0.3712,-0.4207,1.3342,1.8887,0.2638,0.2915,-0.1323
2.1068,0.4057,-0.4322,-1.3269,1.9351,-0.2635,0.3187,0.1327,-0.3643,-0.4215,1.3346,1.8818,0.2638,0.2911,-0.1323
2.1367,0.4031,-0.4314,-1.3269,1.9317,-0.2635,0.3156,0.1331,-0.3574,-0.4215,1.3319,1.8730,0.2642,0.2907,-0.1319
2.1768,0.3985,-0.4322,-1.3265,1.9255,-0.2627,0.3156,0.1338,-0.3494,-0.4203,1.3303,1.8615,0.2654,0.2911,-0.1327
2.2069,0.3931,-0.4303,-1.3273,1.9190,-0.2635,0.3160,0.1335,-0.3425,-0.4203,1.3284,1.8515,0.2654,0.2911,-0.1338
2.2367,0.3889,-0.4326,-1.3269,1.9125,-0.2631,0.3164,0.1327,-0.3344,-0.4203,1.3265,1.8423,0.2646,0.2907,-0.1331
2.2667,0.3831,-0.4326,-1.3261,1.9056,-0.2631,0.3164,0.1331,-0.3256,-0.4199,1.3242,1.8327,0.2646,0.2899,-0.1319
2.2967,0.3762,-0.4314,-1.3257,1.8972,-0.2635,0.3156,0.1331,-0.3172,-0.4199,1.3204,1.8231,0.2673,0.2907,-0.1323
2.3268,0.3689,-0.4322,-1.3257,1.8883,-0.2638,0.3156,0.1335,-0.3079,-0.4199,1.3181,1.8143,0.2684,0.2911,-0.1327
2.3568,0.3593,-0.4310,-1.3257,1.8787,-0.2635,0.3145,0.1335,-0.3007,-0.4203,1.3142,1.8047,0.2696,0.2918,-0.1315
2.3869,0.3505,-0.4310,-1.3238,1.8703,-0.2650,0.3125,0.1335,-0.2915,-0.4199,1.3116,1.7948,0.2711,0.2918,-0.1327
2.4168,0.3405,-0.4310,-1.3231,1.8600,-0.2658,0.3095,0.1327,-0.2838,-0.4203,1.3085,1.7852,0.2707,0.2911,-0.1327
2.4568,0.3264,-0.4310,-1.3196,1.8454,-0.2673,0.3072,0.1327,-0.2730,-0.4203,1.3039,1.7748,0.2707,0.2911,-0.1323
2.4869,0.3160,-0.4295,-1.3165,1.8343,-0.2677,0.3060,0.1331,-0.2650,-0.4199,1.3012,1.7652,0.2711,0.2911,-0.1335
2.5169,0.3053,-0.4318,-1.3150,1.8243,-0.2688,0.3060,0.1327,-0.2581,-0.4199,1.2985,1.7560,0.2715,0.2903,-0.1319
2.5470,0.2961,-0.4318,-1.3108,1.8132,-0.2684,0.3060,0.1331,-0.2508,-0.4203,1.2966,1.7480,0.2719,0.2907,-0.1327
2.5768,0.2876,-0.4295,-1.3077,1.8028,-0.2688,0.3064,0.1331,-0.2435,-0.4199,1.2947,1.7388,0.2723,0.2895,-0.1323
2.6068,0.2784,-0.4299,-1.3058,1.7932,-0.2684,0.3060,0.1331,-0.2370,-0.4199,1.2924,1.7299,0.2727,0.2915,-0.1323
2.6368,0.2700,-0.4303,-1.3027,1.7833,-0.2692,0.3076,0.1335,-0.2312,-0.4199,1.2916,1.7230,0.2757,0.2915,-0.1319
2.6668,0.2615,-0.4291,-1.3008,1.7729,-0.2696,0.3072,0.1331,-0.2259,-0.4199,1.2893,1.7146,0.2792,0.2915,-0.1319
2.6967,0.2535,-0.4299,-1.2970,1.7637,-0.2719,0.3083,0.1331,-0.2197,-0.4199,1.2889,1.7073,0.2826,0.2907,-0.1319
2.7268,0.2458,-0.4299,-1.2947,1.7541,-0.2757,0.3087,0.1323,-0.2140,-0.4199,1.2885,1.6989,0.2884,0.2907,-0.1323
2.7667,0.2355,-0.4284,-1.2916,1.7426,-0.2823,0.3091,0.1331,-0.2063,-0.4203,1.2870,1.6881,0.2941,0.2907,-0.1323
2.7967,0.2282,-0.4280,-1.2897,1.7345,-0.2872,0.3087,0.1319,-0.2010,-0.4199,1.2862,1.6805,0.2991,0.2907,-0.1319
2.8268,0.2217,-0.4295,-1.2874,1.7253,-0.2922,0.3091,0.1323,-0.1960,-0.4203,1.2855,1.6724,0.3030,0.2899,-0.1335
2.8568,0.2140,-0.4291,-1.2862,1.7165,-0.2964,0.3095,0.1323,-0.1906,-0.4199,1.2847,1.6640,0.3072,0.2907,-0.1327
2.8868,0.2082,-0.4276,-1.2847,1.7077,-0.3003,0.3095,0.1327,-0.1856,-0.4199,1.2847,1.6555,0.3102,0.2888,-0.1319
2.9168,0.2006,-0.4280,-1.2820,1.6997,-0.3033,0.3095,0.1331,-0.1795,-0.4199,1.2832,1.6467,0.3133,0.2884,-0.1327
2.9469,0.1944,-0.4272,-1.2820,1.6897,-0.3072,0.3091,0.1331,-0.1745,-0.4203,1.2828,1.6383,0.3145,0.2865,-0.1319
2.9768,0.1879,-0.4272,-1.2816,1.6820,-0.3091,0.3095,0.1327,-0.1680,-0.4199,1.2824,1.6310,0.3164,0.2842,-0.1323
3.0069,0.1810,-0.4268,-1.2809,1.6728,-0.3102,0.3087,0.1331,-0.1626,-0.4195,1.2816,1.6230,0.3179,0.2819,-0.1323
3.0472,0.1726,-0.4272,-1.2793,1.6617,-0.3118,0.3072,0.1323,-0.1568,-0.4195,1.2801,1.6122,0.3191,0.2796,-0.1331
3.0768,0.1664,-0.4264,-1.2778,1.6517,-0.3141,0.3068,0.1331,-0.1496,-0.4199,1.2797,1.6038,0.3221,0.2777,-0.1315
3.1068,0.1592,-0.4261,-1.2774,1.6444,-0.3168,0.3045,0.1323,-0.1446,-0.4195,1.2782,1.5957,0.3241,0.2765,-0.1331
3.1367,0.1526,-0.4268,-1.2759,1.6345,-0.3198,0.3041,0.1323,-0.1396,-0.4195,1.2778,1.5877,0.3271,0.2761,-0.1319
3.1667,0.1465,-0.4264,-1.2759,1.6260,-0.3221,0.3041,0.1331,-0.1354,-0.4192,1.2767,1.5808,0.3310,0.2757,-0.1327
3.1968,0.1415,-0.4253,-1.2751,1.6180,-0.3248,0.3037,0.1327,-0.1308,-0.4199,1.2770,1.5719,0.3336,0.2761,-0.1323
3.2268,0.1358,-0.4253,-1.2744,1.6084,-0.3283,0.3045,0.1327,-0.1258,-0.4199,1.2767,1.5643,0.3371,0.2765,-0.1323
3.2568,0.1296,-0.4261,-1.2736,1.6003,-0.3313,0.3049,0.1323,-0.1208,-0.4199,1.2763,1.5555,0.3398,0.2773,-0.1319
3.2868,0.1227,-0.4253,-1.2717,1.5923,-0.3352,0.3053,0.1319,-0.1162,-0.4199,1.2763,1.5486,0.3425,0.2780,-0.1327
3.3168,0.1173,-0.4253,-1.2717,1.5850,-0.3363,0.3056,0.1331,-0.1124,-0.4195,1.2744,1.5420,0.3451,0.2788,-0.1323
3.3568,0.1097,-0.4253,-1.2713,1.5735,-0.3405,0.3060,0.1327,-0.1074,-0.4195,1.2728,1.5340,0.3482,0.2800,-0.1335
3.3870,0.1047,-0.4245,-1.2709,1.5666,-0.3428,0.3068,0.1323,-0.1043,-0.4195,1.2724,1.5290,0.3497,0.2823,-0.1335
3.4168,0.0997,-0.4261,-1.2701,1.5589,-0.3444,0.3068,0.1323,-0.1005,-0.4195,1.2705,1.5244,0.3517,0.2849,-0.1319
3.4470,0.0951,-0.4241,-1.2690,1.5528,-0.3451,0.3068,0.1319,-0.0989,-0.4199,1.2686,1.5206,0.3517,0.2853,-0.1323
3.4768,0.0909,-0.4245,-1.2682,1.5463,-0.3463,0.3076,0.1319,-0.0963,-0.4199,1.2663,1.5190,0.3513,0.2849,-0.1323
3.5069,0.0863,-0.4241,-1.2686,1.5405,-0.3474,0.3076,0.1327,-0.0947,-0.4199,1.2655,1.5179,0.3520,0.2869,-0.1323
3.5367,0.0821,-0.4249,-1.2675,1.5355,-0.3501,0.3076,0.1319,-0.0940,-0.4199,1.2640,1.5171,0.3520,0.2857,-0.1327
3.5667,0.0798,-0.4249,-1.2671,1.5305,-0.3490,0.3079,0.1323,-0.0932,-0.4199,1.2632,1.5171,0.3517,0.2857,-0.1319
3.5967,0.0763,-0.4241,-1.2663,1.5263,-0.3494,0.3076,0.1319,-0.0936,-0.4207,1.2636,1.5183,0.3517,0.2849,-0.1323
3.6367,0.0740,-0.4249,-1.2671,1.5217,-0.3501,0.3083,0.1323,-0.0936,-0.4203,1.2636,1.5179,0.3524,0.2861,-0.1319
3.6667,0.0717,-0.4241,-1.2648,1.5190,-0.3501,0.3095,0.1323,-0.0940,-0.4215,1.2636,1.5179,0.3524,0.2869,-0.1327
3.6967,0.0698,-0.4245,-1.2640,1.5171,-0.3505,0.3095,0.1323,-0.0943,-0.4211,1.2636,1.5179,0.3536,0.2846,-0.1323
3.7268,0.0690,-0.4253,-1.2636,1.5144,-0.3509,0.3106,0.1319,-0.0932,-0.4218,1.2636,1.5179,0.3543,0.2838,-0.1319
3.7568,0.0683,-0.4245,-1.2632,1.5133,-0.3513,0.3095,0.1319,-0.0932,-0.4230,1.2640,1.5179,0.3563,0.2826,-0.1319
3.7868,0.0671,-0.4253,-1.2621,1.5129,-0.3520,0.3095,0.1323,-0.0936,-0.4234,1.2640,1.5167,0.3574,0.2815,-0.1327
3.8168,0.0671,-0.4264,-1.2617,1.5117,-0.3547,0.3102,0.1319,-0.0932,-0.4241,1.2628,1.5171,0.3609,0.2792,-0.1323
3.8468,0.0663,-0.4253,-1.2613,1.5117,-0.3570,0.3087,0.1315,-0.0924,-0.4257,1.2644,1.5167,0.3647,0.2765,-0.1319
3.8768,0.0663,-0.4253,-1.2613,1.5110,-0.3597,0.3083,0.1319,-0.0928,-0.4280,1.2648,1.5167,0.3685,0.2734,-0.1327
3.9068,0.0671,-0.4253,-1.2613,1.5114,-0.3636,0.3060,0.1319,-0.0924,-0.4310,1.2652,1.5171,0.3743,0.2711,-0.1323
3.9471,0.0679,-0.4268,-1.2609,1.5106,-0.3708,0.3041,0.1323,-0.0928,-0.4349,1.2652,1.5156,0.3835,0.2696,-0.1327
3.9768,0.0660,-0.4268,-1.2605,1.5114,-0.3766,0.3010,0.1327,-0.0928,-0.4391,1.2644,1.5148,0.3923,0.2681,-0.1319
4.0068,0.0667,-0.4280,-1.2602,1.5121,-0.3839,0.2995,0.1315,-0.0917,-0.4433,1.2644,1.5133,0.4019,0.2677,-0.1323
4.0367,0.0660,-0.4291,-1.2602,1.5114,-0.3935,0.2964,0.1323,-0.0924,-0.4483,1.2648,1.5117,0.4146,0.2661,-0.1327
4.0668,0.0660,-0.4303,-1.2590,1.5110,-0.4046,0.2953,0.1323,-0.0920,-0.4537,1.2648,1.5110,0.4276,0.2665,-0.1323
4.0969,0.0648,-0.4326,-1.2586,1.5106,-0.4165,0.2938,0.1315,-0.0917,-0.4590,1.2640,1.5094,0.4422,0.2688,-0.1323
4.1269,0.0656,-0.4333,-1.2575,1.5102,-0.4295,0.2930,0.1319,-0.0917,-0.4652,1.2648,1.5087,0.4556,0.2700,-0.1323
4.1568,0.0644,-0.4383,-1.2563,1.5098,-0.4441,0.2911,0.1327,-0.0920,-0.4713,1.2652,1.5079,0.4698,0.2723,-0.1323
4.1868,0.0652,-0.4395,-1.2575,1.5087,-0.4579,0.2892,0.1319,-0.0924,-0.4782,1.2648,1.5064,0.4855,0.2757,-0.1323
4.2267,0.0652,-0.4456,-1.2556,1.5071,-0.4790,0.2872,0.1327,-0.0920,-0.4874,1.2655,1.5056,0.5043,0.2742,-0.1327
4.2568,0.0644,-0.4502,-1.2548,1.5048,-0.4932,0.2861,0.1323,-0.0924,-0.4939,1.2652,1.5033,0.5177,0.2738,-0.1323
4.2868,0.0652,-0.4552,-1.2544,1.5029,-0.5100,0.2834,0.1323,-0.0924,-0.5012,1.2648,1.5025,0.5296,0.2738,-0.1315
4.3168,0.0644,-0.4613,-1.2556,1.5006,-0.5216,0.2811,0.1327,-0.0924,-0.5081,1.2648,1.5010,0.5415,0.2746,-0.1315
4.3471,0.0652,-0.4686,-1.2548,1.4983,-0.5342,0.2753,0.1319,-0.0928,-0.5154,1.2659,1.4995,0.5534,0.2757,-0.1319
4.3768,0.0652,-0.4752,-1.2548,1.4949,-0.5465,0.2692,0.1315,-0.0924,-0.5223,1.2652,1.4975,0.5657,0.2746,-0.1319
4.4068,0.0663,-0.4840,-1.2548,1.4910,-0.5584,0.2669,0.1323,-0.0924,-0.5288,1.2655,1.4964,0.5787,0.2757,-0.1323
4.4367,0.0663,-0.4913,-1.2552,1.4868,-0.5706,0.2623,0.1319,-0.0928,-0.5354,1.2663,1.4956,0.5925,0.2761,-0.1315
4.4667,0.0683,-0.5005,-1.2548,1.4826,-0.5833,0.2589,0.1323,-0.0932,-0.5419,1.2675,1.4941,0.6048,0.2773,-0.1323
4.4968,0.0709,-0.5081,-1.2536,1.4795,-0.5971,0.2531,0.1319,-0.0947,-0.5484,1.2694,1.4933,0.6178,0.2765,-0.1319
4.5369,0.0729,-0.5193,-1.2548,1.4749,-0.6144,0.2447,0.1319,-0.0963,-0.5565,1.2713,1.4926,0.6328,0.2780,-0.1327
4.5667,0.0748,-0.5269,-1.2540,1.4703,-0.6266,0.2451,0.1319,-0.0978,-0.5630,1.2732,1.4918,0.6420,0.2765,-0.1331
4.5967,0.0798,-0.5350,-1.2548,1.4673,-0.6378,0.2451,0.1319,-0.0997,-0.5691,1.2751,1.4926,0.6519,0.2777,-0.1331
4.6268,0.0825,-0.5423,-1.2536,1.4650,-0.6485,0.2458,0.1323,-0.1020,-0.5756,1.2782,1.4926,0.6611,0.2780,-0.1319
4.6568,0.0848,-0.5495,-1.2544,1.4623,-0.6569,0.2474,0.1323,-0.1043,-0.5814,1.2797,1.4926,0.6692,0.2784,-0.1323
4.6868,0.0886,-0.5568,-1.2540,1.4607,-0.6654,0.2481,0.1323,-0.1066,-0.5871,1.2832,1.4937,0.6784,0.2784,-0.1319
4.7168,0.0905,-0.5637,-1.2548,1.4600,-0.6750,0.2477,0.1323,-0.1097,-0.5933,1.2859,1.4937,0.6876,0.2800,-0.1319
4.7470,0.0943,-0.5703,-1.2556,1.4588,-0.6830,0.2466,0.1323,-0.1139,-0.5983,1.2893,1.4941,0.6980,0.2838,-0.1327
4.7768,0.0978,-0.5772,-1.2556,1.4584,-0.6930,0.2489,0.1319,-0.1173,-0.6036,1.2931,1.4937,0.7091,0.2872,-0.1319
4.8171,0.1016,-0.5856,-1.2575,1.4577,-0.7075,0.2535,0.1323,-0.1231,-0.6098,1.2977,1.4937,0.7252,0.2930,-0.1327
4.8471,0.1058,-0.5902,-1.2602,1.4588,-0.7194,0.2600,0.1323,-0.1296,-0.6147,1.3023,1.4941,0.7363,0.2964,-0.1323
4.8768,0.1085,-0.5963,-1.2632,1.4584,-0.7317,0.2646,0.1319,-0.1346,-0.6182,1.3070,1.4937,0.7463,0.3014,-0.1319
4.9068,0.1127,-0.6013,-1.2667,1.4592,-0.7421,0.2700,0.1323,-0.1411,-0.6216,1.3123,1.4949,0.7551,0.3056,-0.1319
4.9367,0.1158,-0.6063,-1.2701,1.4600,-0.7509,0.2746,0.1315,-0.1476,-0.6274,1.3181,1.4956,0.7616,0.3106,-0.1327
4.9667,0.1200,-0.6109,-1.2755,1.4600,-0.7589,0.2792,0.1323,-0.1557,-0.6324,1.3242,1.4960,0.7666,0.3141,-0.1327
4.9969,0.1246,-0.6159,-1.2790,1.4600,-0.7655,0.2842,0.1319,-0.1615,-0.6366,1.3296,1.4972,0.7712,0.3183,-0.1319
5.0269,0.1289,-0.6205,-1.2851,1.4603,-0.7697,0.2888,0.1323,-0.1699,-0.6401,1.3365,1.4983,0.7758,0.3218,-0.1327
5.0569,0.1342,-0.6262,-1.2908,1.4619,-0.7754,0.2938,0.1323,-0.1772,-0.6435,1.3415,1.5002,0.7819,0.3267,-0.1323
5.0868,0.1392,-0.6312,-1.2974,1.4642,-0.7804,0.2984,0.1327,-0.1856,-0.6473,1.3488,1.5014,0.7865,0.3325,-0.1323
5.1269,0.1480,-0.6370,-1.3062,1.4657,-0.7881,0.3056,0.1327,-0.1971,-0.6493,1.3572,1.5056,0.7950,0.3379,-0.1319
5.1569,0.1545,-0.6416,-1.3127,1.4688,-0.7938,0.3099,0.1319,-0.2071,-0.6523,1.3649,1.5087,0.8011,0.3440,-0.1319
5.1868,0.1611,-0.6458,-1.3200,1.4715,-0.7988,0.3175,0.1327,-0.2174,-0.6562,1.3706,1.5125,0.8069,0.3509,-0.1319
5.2168,0.1684,-0.6504,-1.3269,1.4753,-0.8042,0.3237,0.1319,-0.2270,-0.6573,1.3790,1.5167,0.8111,0.3586,-0.1323
5.2471,0.1756,-0.6539,-1.3346,1.4780,-0.8096,0.3294,0.1323,-0.2374,-0.6600,1.3871,1.5225,0.8134,0.3647,-0.1327
5.2768,0.1845,-0.6581,-1.3422,1.4822,-0.8122,0.3375,0.1323,-0.2477,-0.6615,1.3959,1.5278,0.8161,0.3712,-0.1319
5.3068,0.1933,-0.6615,-1.3507,1.4868,-0.8149,0.3451,0.1319,-0.2592,-0.6623,1.4040,1.5344,0.8161,0.3781,-0.1315
5.3367,0.2029,-0.6642,-1.3587,1.4922,-0.8145,0.3509,0.1323,-0.2700,-0.6646,1.4105,1.5397,0.8165,0.3839,-0.1319
5.3667,0.2121,-0.6665,-1.3668,1.4979,-0.8157,0.3601,0.1327,-0.2811,-0.6665,1.4178,1.5474,0.8165,0.3904,-0.1327
5.4069,0.2259,-0.6700,-1.3764,1.5060,-0.8161,0.3685,0.1323,-0.2945,-0.6680,1.4258,1.5574,0.8165,0.3973,-0.1323
5.4367,0.2374,-0.6734,-1.3844,1.5125,-0.8161,0.3758,0.1323,-0.3060,-0.6688,1.4316,1.5658,0.8165,0.4031,-0.1319
5.4667,0.2481,-0.6746,-1.3917,1.5194,-0.8165,0.3820,0.1319,-0.3160,-0.6707,1.4381,1.5731,0.8168,0.4092,-0.1315
5.4967,0.2592,-0.6765,-1.3990,1.5271,-0.8161,0.3866,0.1319,-0.3275,-0.6723,1.4419,1.5812,0.8165,0.4157,-0.1315
5.5268,0.2707,-0.6796,-1.4063,1.5355,-0.8149,0.3931,0.1327,-0.3379,-0.6719,1.4469,1.5884,0.8161,0.4230,-0.1323
5.5568,0.2819,-0.6811,-1.4124,1.5424,-0.8165,0.4000,0.1323,-0.3467,-0.6750,1.4508,1.5969,0.8157,0.4307,-0.1319
5.5869,0.2938,-0.6830,-1.4174,1.5516,-0.8149,0.4073,0.1323,-0.3570,-0.6757,1.4534,1.6038,0.8149,0.4403,-0.1319
5.6168,0.3049,-0.6838,-1.4239,1.5593,-0.8172,0.4169,0.1319,-0.3659,-0.6765,1.4584,1.6122,0.8153,0.4491,-0.1331
5.6468,0.3164,-0.6861,-1.4304,1.5677,-0.8157,0.4261,0.1323,-0.3747,-0.6773,1.4596,1.6187,0.8153,0.4598,-0.1323
5.6770,0.3294,-0.6868,-1.4347,1.5762,-0.8161,0.4360,0.1319,-0.3839,-0.6788,1.4630,1.6253,0.8145,0.4705,-0.1319
5.7168,0.3440,-0.6891,-1.4408,1.5877,-0.8157,0.4506,0.1323,-0.3942,-0.6807,1.4661,1.6325,0.8149,0.4859,-0.1319
5.7468,0.3547,-0.6907,-1.4458,1.5957,-0.8153,0.4617,0.1319,-0.4031,-0.6834,1.4669,1.6383,0.8134,0.4962,-0.1323
5.7768,0.3655,-0.6918,-1.4496,1.6034,-0.8149,0.4736,0.1319,-0.4100,-0.6849,1.4676,1.6429,0.8138,0.5062,-0.1323
5.8069,0.3774,-0.6926,-1.4542,1.6111,-0.8157,0.4844,0.1323,-0.4172,-0.6876,1.4684,1.6483,0.8119,0.5158,-0.1323
5.8367,0.3866,-0.6941,-1.4565,1.6191,-0.8153,0.4955,0.1319,-0.4238,-0.6899,1.4676,1.6521,0.8099,0.5262,-0.1327
5.8667,0.3962,-0.6960,-1.4592,1.6264,-0.8134,0.5058,0.1323,-0.4299,-0.6918,1.4680,1.6567,0.8080,0.5331,-0.1331
5.8967,0.4054,-0.6980,-1.4619,1.6329,-0.8107,0.5154,0.1323,-0.4364,-0.6930,1.4684,1.6602,0.8057,0.5426,-0.1327
5.9268,0.4138,-0.7006,-1.4646,1.6402,-0.8088,0.5235,0.1323,-0.4410,-0.6945,1.4676,1.6644,0.8011,0.5503,-0.1319
5.9568,0.4230,-0.7014,-1.4669,1.6460,-0.8057,0.5315,0.1319,-0.4445,-0.6972,1.4692,1.6678,0.7965,0.5553,-0.1323
5.9967,0.4333,-0.7041,-1.4711,1.6532,-0.7992,0.5415,0.1323,-0.4510,-0.6976,1.4676,1.6717,0.7881,0.5649,-0.1323
6.0269,0.4395,-0.7064,-1.4722,1.6590,-0.7935,0.5480,0.1323,-0.4548,-0.6983,1.4684,1.6747,0.7827,0.5699,-0.1323
6.0570,0.4468,-0.7079,-1.4726,1.6628,-0.7869,0.5545,0.1319,-0.4587,-0.6987,1.4676,1.6778,0.7777,0.5764,-0.1327
6.0868,0.4525,-0.7102,-1.4745,1.6682,-0.7808,0.5618,0.1327,-0.4610,-0.6980,1.4684,1.6812,0.7724,0.5806,-0.1323
6.1169,0.4583,-0.7129,-1.4753,1.6724,-0.7766,0.5687,0.1323,-0.4633,-0.6980,1.4684,1.6835,0.7693,0.5875,-0.1327
6.1470,0.4644,-0.7141,-1.4772,1.6766,-0.7720,0.5741,0.1323,-0.4667,-0.6983,1.4680,1.6858,0.7666,0.5948,-0.1335
6.1768,0.4694,-0.7141,-1.4776,1.6805,-0.7693,0.5814,0.1323,-0.4694,-0.6980,1.4680,1.6866,0.7655,0.6013,-0.1327
6.2069,0.4732,-0.7145,-1.4772,1.6832,-0.7678,0.5883,0.1319,-0.4721,-0.6983,1.4684,1.6881,0.7632,0.6094,-0.1319
6.2367,0.4775,-0.7148,-1.4780,1.6858,-0.7658,0.5948,0.1319,-0.4748,-0.6983,1.4680,1.6897,0.7620,0.6170,-0.1335
6.2667,0.4809,-0.7148,-1.4788,1.6889,-0.7643,0.6009,0.1323,-0.4786,-0.6976,1.4676,1.6916,0.7612,0.6232,-0.1323
6.3068,0.4847,-0.7152,-1.4788,1.6927,-0.7616,0.6105,0.1327,-0.4813,-0.6983,1.4684,1.6947,0.7586,0.6324,-0.1323
6.3368,0.4882,-0.7152,-1.4772,1.6947,-0.7597,0.6186,0.1331,-0.4847,-0.6980,1.4680,1.6962,0.7559,0.6389,-0.1327
6.3667,0.4913,-0.7152,-1.4772,1.6973,-0.7570,0.6232,0.1319,-0.4882,-0.6991,1.4665,1.7004,0.7509,0.6450,-0.1323
6.3968,0.4943,-0.7152,-1.4780,1.6997,-0.7532,0.6297,0.1323,-0.4913,-0.6983,1.4688,1.7035,0.7440,0.6519,-0.1323
6.4268,0.4978,-0.7152,-1.4788,1.7012,-0.7486,0.6378,0.1315,-0.4959,-0.6987,1.4669,1.7069,0.7359,0.6562,-0.1323
6.4568,0.5016,-0.7152,-1.4791,1.7043,-0.7413,0.6450,0.1323,-0.5008,-0.6987,1.4684,1.7112,0.7275,0.6623,-0.1331
6.4868,0.5051,-0.7152,-1.4795,1.7069,-0.7336,0.6500,0.1319,-0.5058,-0.6987,1.4673,1.7161,0.7171,0.6688,-0.1323
6.5169,0.5077,-0.7152,-1.4791,1.7104,-0.7248,0.6565,0.1327,-0.5093,-0.6976,1.4680,1.7211,0.7072,0.6776,-0.1338
6.5470,0.5127,-0.7160,-1.4795,1.7127,-0.7145,0.6638,0.1319,-0.5162,-0.6983,1.4684,1.7269,0.6972,0.6857,-0.1319
6.5868,0.5170,-0.7145,-1.4795,1.7177,-0.7003,0.6738,0.1323,-0.5231,-0.6987,1.4684,1.7342,0.6861,0.6980,-0.1319
6.6170,0.5219,-0.7160,-1.4795,1.7215,-0.6918,0.6819,0.1323,-0.5296,-0.6987,1.4684,1.7392,0.6799,0.7072,-0.1323
6.6469,0.5250,-0.7156,-1.4791,1.7261,-0.6842,0.6914,0.1319,-0.5357,-0.6983,1.4680,1.7461,0.6734,0.7175,-0.1335
6.6768,0.5300,-0.7160,-1.4795,1.7311,-0.6773,0.7006,0.1323,-0.5426,-0.6976,1.4676,1.7530,0.6680,0.7271,-0.1323
6.7070,0.5342,-0.7148,-1.4795,1.7357,-0.6723,0.7122,0.1319,-0.5495,-0.6980,1.4676,1.7595,0.6623,0.7375,-0.1327
6.7369,0.5396,-0.7152,-1.4803,1.7411,-0.6665,0.7210,0.1319,-0.5584,-0.6980,1.4680,1.7656,0.6550,0.7482,-0.1319
6.7668,0.5461,-0.7145,-1.4811,1.7468,-0.6604,0.7321,0.1319,-0.5649,-0.6980,1.4676,1.7717,0.6485,0.7574,-0.1327
6.7968,0.5518,-0.7145,-1.4811,1.7526,-0.6539,0.7409,0.1323,-0.5714,-0.6983,1.4680,1.7779,0.6385,0.7674,-0.1323
6.8269,0.5588,-0.7148,-1.4826,1.7587,-0.6450,0.7513,0.1323,-0.5787,-0.6980,1.4684,1.7840,0.6278,0.7777,-0.1323
6.8569,0.5649,-0.7148,-1.4803,1.7648,-0.6351,0.7612,0.1323,-0.5856,-0.6987,1.4688,1.7905,0.6155,0.7881,-0.1331
6.8969,0.5737,-0.7141,-1.4803,1.7729,-0.6186,0.7754,0.1315,-0.5948,-0.6983,1.4676,1.7990,0.5960,0.8004,-0.1331
6.9269,0.5802,-0.7145,-1.4814,1.7790,-0.6055,0.7850,0.1323,-0.6017,-0.6972,1.4676,1.8059,0.5810,0.8088,-0.1327
6.9569,0.5879,-0.7133,-1.4807,1.7859,-0.5906,0.7942,0.1319,-0.6078,-0.6972,1.4680,1.8124,0.5657,0.8165,-0.1323
6.9868,0.5952,-0.7141,-1.4814,1.7925,-0.5756,0.8019,0.1323,-0.6144,-0.6964,1.4676,1.8197,0.5492,0.8241,-0.1319
7.0169,0.6013,-0.7137,-1.4818,1.7997,-0.5607,0.8111,0.1319,-0.6209,-0.6968,1.4669,1.8270,0.5342,0.8291,-0.1323
7.0469,0.6082,-0.7133,-1.4826,1.8059,-0.5453,0.8191,0.1323,-0.6266,-0.6937,1.4650,1.8358,0.5193,0.8333,-0.1323
7.0768,0.6151,-0.7122,-1.4834,1.8128,-0.5304,0.8253,0.1315,-0.6320,-0.6934,1.4650,1.8431,0.5062,0.8368,-0.1323
7.1068,0.6216,-0.7129,-1.4826,1.8197,-0.5158,0.8287,0.1323,-0.6378,-0.6922,1.4642,1.8507,0.4924,0.8402,-0.1335
7.1369,0.6293,-0.7125,-1.4834,1.8277,-0.5024,0.8341,0.1319,-0.6420,-0.6911,1.4630,1.8573,0.4790,0.8422,-0.1327
7.1768,0.6355,-0.7114,-1.4822,1.8366,-0.4855,0.8376,0.1319,-0.6489,-0.6865,1.4611,1.8680,0.4617,0.8448,-0.1319
7.2068,0.6416,-0.7102,-1.4834,1.8442,-0.4732,0.8406,0.1323,-0.6527,-0.6845,1.4619,1.8745,0.4483,0.8464,-0.1323
7.2369,0.6470,-0.7083,-1.4837,1.8523,-0.4602,0.8418,0.1315,-0.6565,-0.6815,1.4596,1.8810,0.4345,0.8471,-0.1319
7.2668,0.6523,-0.7052,-1.4837,1.8592,-0.4475,0.8441,0.1331,-0.6600,-0.6780,1.4596,1.8876,0.4192,0.8464,-0.1319
7.2969,0.6565,-0.7033,-1.4837,1.8665,-0.4341,0.8452,0.1315,-0.6631,-0.6734,1.4588,1.8945,0.4054,0.8460,-0.1319
7.3267,0.6608,-0.6999,-1.4841,1.8745,-0.4188,0.8456,0.1323,-0.6654,-0.6696,1.4584,1.9002,0.3908,0.8456,-0.1331
7.3568,0.6646,-0.6972,-1.4845,1.8810,-0.4050,0.8456,0.1319,-0.6680,-0.6654,1.4561,1.9067,0.3781,0.8452,-0.1327
7.3868,0.6692,-0.6934,-1.4837,1.8879,-0.3900,0.8475,0.1319,-0.6711,-0.6604,1.4546,1.9121,0.3647,0.8464,-0.1338
7.4168,0.6715,-0.6891,-1.4845,1.8956,-0.3762,0.8491,0.1319,-0.6727,-0.6554,1.4531,1.9171,0.3494,0.8460,-0.1331
7.4471,0.6753,-0.6861,-1.4841,1.9025,-0.3628,0.8498,0.1323,-0.6742,-0.6493,1.4511,1.9228,0.3382,0.8452,-0.1323
7.4868,0.6788,-0.6776,-1.4837,1.9110,-0.3448,0.8491,0.1319,-0.6761,-0.6404,1.4477,1.9297,0.3195,0.8429,-0.1338
7.5168,0.6822,-0.6711,-1.4845,1.9171,-0.3336,0.8491,0.1319,-0.6776,-0.6351,1.4465,1.9340,0.3079,0.8402,-0.1323
7.5469,0.6830,-0.6646,-1.4834,1.9240,-0.3214,0.8487,0.1319,-0.6780,-0.6278,1.4427,1.9382,0.2945,0.8376,-0.1327
7.5768,0.6853,-0.6585,-1.4841,1.9290,-0.3091,0.8487,0.1323,-0.6784,-0.6216,1.4408,1.9416,0.2823,0.8356,-0.1327
7.6069,0.6868,-0.6508,-1.4814,1.9340,-0.2964,0.8479,0.1327,-0.6792,-0.6159,1.4393,1.9447,0.2688,0.8337,-0.1323
7.6369,0.6880,-0.6439,-1.4791,1.9386,-0.2838,0.8479,0.1323,-0.6784,-0.6094,1.4377,1.9478,0.2558,0.8322,-0.1327
7.6667,0.6891,-0.6366,-1.4776,1.9432,-0.2715,0.8483,0.1323,-0.6784,-0.6040,1.4358,1.9505,0.2431,0.8318,-0.1319
7.6968,0.6903,-0.6305,-1.4753,1.9485,-0.2589,0.8475,0.1319,-0.6792,-0.5990,1.4335,1.9524,0.2316,0.8318,-0.1319
7.7268,0.6903,-0.6228,-1.4742,1.9524,-0.2470,0.8441,0.1323,-0.6796,-0.5929,1.4301,1.9547,0.2213,0.8322,-0.1323
7.7667,0.6911,-0.6140,-1.4719,1.9581,-0.2305,0.8406,0.1327,-0.6792,-0.5864,1.4281,1.9577,0.2067,0.8322,-0.1323
7.7969,0.6934,-0.6071,-1.4680,1.9612,-0.2201,0.8379,0.1319,-0.6796,-0.5825,1.4251,1.9597,0.1971,0.8322,-0.1323
7.8268,0.6922,-0.6009,-1.4661,1.9643,-0.2109,0.8376,0.1319,-0.6799,-0.5791,1.4216,1.9616,0.1871,0.8330,-0.1319
7.8568,0.6930,-0.5948,-1.4623,1.9662,-0.2010,0.8383,0.1327,-0.6792,-0.5737,1.4193,1.9639,0.1776,0.8330,-0.1323
7.8868,0.6934,-0.5883,-1.4592,1.9696,-0.1914,0.8376,0.1319,-0.6792,-0.5710,1.4166,1.9658,0.1664,0.8330,-0.1323
7.9168,0.6934,-0.5833,-1.4569,1.9719,-0.1802,0.8376,0.1323,-0.6796,-0.5676,1.4151,1.9673,0.1568,0.8333,-0.1323
7.9471,0.6941,-0.5775,-1.4531,1.9742,-0.1707,0.8376,0.1327,-0.6799,-0.5649,1.4136,1.9696,0.1453,0.8333,-0.1319
7.9768,0.6941,-0.5718,-1.4492,1.9777,-0.1592,0.8372,0.1319,-0.6799,-0.5622,1.4113,1.9723,0.1338,0.8326,-0.1319
8.0070,0.6934,-0.5683,-1.4469,1.9804,-0.1484,0.8379,0.1319,-0.6803,-0.5599,1.4090,1.9742,0.1231,0.8337,-0.1323
8.0367,0.6934,-0.5634,-1.4435,1.9823,-0.1365,0.8383,0.1327,-0.6807,-0.5576,1.4074,1.9777,0.1127,0.8326,-0.1323
8.0768,0.6934,-0.5584,-1.4389,1.9865,-0.1204,0.8383,0.1323,-0.6811,-0.5557,1.4040,1.9823,0.0989,0.8360,-0.1327
8.1068,0.6937,-0.5549,-1.4362,1.9900,-0.1097,0.8383,0.1319,-0.6830,-0.5545,1.4028,1.9846,0.0882,0.8368,-0.1323
8.1367,0.6934,-0.5511,-1.4339,1.9926,-0.0993,0.8395,0.1319,-0.6845,-0.5530,1.4013,1.9880,0.0794,0.8410,-0.1327
8.1667,0.6930,-0.5492,-1.4316,1.9961,-0.0913,0.8399,0.1315,-0.6868,-0.5530,1.4009,1.9907,0.0709,0.8452,-0.1327
8.1967,0.6926,-0.5469,-1.4285,1.9984,-0.0817,0.8422,0.1327,-0.6903,-0.5530,1.3994,1.9934,0.0637,0.8491,-0.1327
8.2268,0.6941,-0.5442,-1.4262,2.0022,-0.0725,0.8445,0.1323,-0.6930,-0.5526,1.3959,1.9961,0.0552,0.8506,-0.1331
8.2568,0.6937,-0.5426,-1.4228,2.0041,-0.0652,0.8491,0.1327,-0.6972,-0.5542,1.3959,1.9999,0.0464,0.8537,-0.1331
8.2868,0.6953,-0.5423,-1.4212,2.0084,-0.0564,0.8525,0.1323,-0.7022,-0.5534,1.3971,2.0038,0.0364,0.8571,-0.1327
8.3168,0.6968,-0.5407,-1.4201,2.0118,-0.0464,0.8575,0.1323,-0.7068,-0.5530,1.3948,2.0068,0.0272,0.8613,-0.1331
8.3569,0.6987,-0.5384,-1.4174,2.0172,-0.0341,0.8621,0.1319,-0.7145,-0.5534,1.3963,2.0103,0.0153,0.8690,-0.1335
8.3868,0.7018,-0.5377,-1.4155,2.0199,-0.0257,0.8667,0.1323,-0.7202,-0.5522,1.3963,2.0141,0.0069,0.8744,-0.1338
8.4168,0.7045,-0.5373,-1.4143,2.0237,-0.0173,0.8709,0.1319,-0.7256,-0.5518,1.3959,2.0176,-0.0019,0.8809,-0.1335
8.4471,0.7072,-0.5369,-1.4136,2.0268,-0.0104,0.8763,0.1315,-0.7329,-0.5511,1.3948,2.0199,-0.0077,0.8874,-0.1331
8.4768,0.7098,-0.5369,-1.4116,2.0298,-0.0035,0.8836,0.1323,-0.7390,-0.5507,1.3948,2.0229,-0.0130,0.8955,-0.1331
8.5068,0.7145,-0.5357,-1.4109,2.0325,0.0015,0.8889,0.1319,-0.7451,-0.5492,1.3959,2.0249,-0.0176,0.9024,-0.1327
8.5367,0.7198,-0.5357,-1.4090,2.0360,0.0065,0.8966,0.1323,-0.7509,-0.5465,1.3963,2.0283,-0.0207,0.9116,-0.1327
8.5667,0.7237,-0.5357,-1.4090,2.0390,0.0088,0.9047,0.1327,-0.7570,-0.5457,1.3963,2.0306,-0.0242,0.9192,-0.1331
8.5967,0.7286,-0.5350,-1.4082,2.0425,0.0127,0.9127,0.1319,-0.7628,-0.5430,1.3955,2.0344,-0.0276,0.9277,-0.1335
8.6269,0.7348,-0.5334,-1.4067,2.0459,0.0134,0.9208,0.1327,-0.7681,-0.5415,1.3955,2.0356,-0.0322,0.9369,-0.1335
8.6668,0.7417,-0.5323,-1.4070,2.0498,0.0157,0.9327,0.1323,-0.7739,-0.5384,1.3955,2.0379,-0.0399,0.9480,-0.1335
8.6969,0.7478,-0.5315,-1.4063,2.0528,0.0192,0.9419,0.1319,-0.7785,-0.5373,1.3967,2.0402,-0.0468,0.9557,-0.1338
8.7269,0.7540,-0.5288,-1.4067,2.0559,0.0257,0.9503,0.1323,-0.7823,-0.5350,1.3975,2.0421,-0.0552,0.9630,-0.1335
8.7569,0.7605,-0.5281,-1.4063,2.0586,0.0314,0.9564,0.1315,-0.7862,-0.5338,1.3971,2.0440,-0.0629,0.9699,-0.1335
8.7868,0.7655,-0.5262,-1.4059,2.0609,0.0387,0.9630,0.1323,-0.7900,-0.5319,1.3971,2.0463,-0.0690,0.9748,-0.1335
8.8168,0.7712,-0.5250,-1.4059,2.0636,0.0460,0.9695,0.1319,-0.7935,-0.5296,1.3959,2.0498,-0.0759,0.9783,-0.1335
8.8471,0.7762,-0.5223,-1.4047,2.0655,0.0495,0.9729,0.1323,-0.7965,-0.5258,1.3959,2.0528,-0.0802,0.9802,-0.1338
8.8768,0.7816,-0.5200,-1.4044,2.0682,0.0556,0.9756,0.1327,-0.7992,-0.5239,1.3975,2.0567,-0.0825,0.9787,-0.1331
8.9070,0.7858,-0.5193,-1.4044,2.0709,0.0598,0.9779,0.1319,-0.8007,-0.5216,1.3963,2.0605,-0.0844,0.9775,-0.1327
8.9471,0.7919,-0.5147,-1.4040,2.0747,0.0667,0.9779,0.1323,-0.8042,-0.5158,1.3975,2.0659,-0.0909,0.9752,-0.1335
8.9768,0.7946,-0.5116,-1.4036,2.0778,0.0706,0.9787,0.1315,-0.8065,-0.5143,1.3948,2.0701,-0.0978,0.9733,-0.1338
9.0068,0.7984,-0.5093,-1.4028,2.0812,0.0767,0.9791,0.1327,-0.8088,-0.5135,1.3963,2.0739,-0.1074,0.9737,-0.1338
9.0367,0.8015,-0.5070,-1.4024,2.0835,0.0825,0.9783,0.1323,-0.8107,-0.5100,1.3967,2.0793,-0.1193,0.9725,-0.1331
9.0667,0.8027,-0.5043,-1.4032,2.0870,0.0920,0.9775,0.1319,-0.8126,-0.5081,1.3967,2.0847,-0.1308,0.9695,-0.1327
9.0967,0.8061,-0.5001,-1.4028,2.0908,0.1043,0.9787,0.1323,-0.8149,-0.5054,1.3944,2.0885,-0.1430,0.9699,-0.1327
9.1268,0.8076,-0.4993,-1.4024,2.0947,0.1185,0.9783,0.1323,-0.8165,-0.5035,1.3940,2.0935,-0.1542,0.9672,-0.1335
9.1568,0.8088,-0.4962,-1.4028,2.0996,0.1319,0.9787,0.1327,-0.8191,-0.4997,1.3940,2.0996,-0.1630,0.9656,-0.1327
9.1869,0.8119,-0.4939,-1.4024,2.1039,0.1442,0.9787,0.1323,-0.8207,-0.4978,1.3909,2.1039,-0.1691,0.9641,-0.1327
9.2167,0.8138,-0.4920,-1.4021,2.1085,0.1557,0.9779,0.1323,-0.8226,-0.4928,1.3890,2.1088,-0.1737,0.9618,-0.1338
9.2569,0.8168,-0.4890,-1.4009,2.1157,0.1638,0.9775,0.1323,-0.8245,-0.4878,1.3875,2.1138,-0.1799,0.9587,-0.1327
9.2868,0.8191,-0.4859,-1.3990,2.1184,0.1676,0.9745,0.1323,-0.8249,-0.4840,1.3852,2.1184,-0.1868,0.9584,-0.1335
9.3169,0.8218,-0.4828,-1.3975,2.1234,0.1722,0.9691,0.1319,-0.8257,-0.4805,1.3844,2.1219,-0.1979,0.9576,-0.1327
9.3470,0.8234,-0.4794,-1.3975,2.1276,0.1783,0.9656,0.1323,-0.8268,-0.4763,1.3825,2.1249,-0.2090,0.9568,-0.1331
9.3770,0.8276,-0.4767,-1.3963,2.1326,0.1879,0.9649,0.1312,-0.8268,-0.4698,1.3821,2.1276,-0.2213,0.9561,-0.1323
9.4070,0.8295,-0.4717,-1.3955,2.1357,0.1987,0.9641,0.1323,-0.8280,-0.4656,1.3821,2.1299,-0.2316,0.9541,-0.1335
9.4369,0.8310,-0.4679,-1.3944,2.1399,0.2113,0.9630,0.1319,-0.8280,-0.4594,1.3821,2.1338,-0.2374,0.9522,-0.1327
9.4668,0.8326,-0.4640,-1.3929,2.1426,0.2232,0.9633,0.1323,-0.8276,-0.4548,1.3817,2.1361,-0.2382,0.9480,-0.1323
9.4969,0.8341,-0.4602,-1.3909,2.1480,0.2339,0.9591,0.1319,-0.8276,-0.4498,1.3821,2.1376,-0.2385,0.9453,-0.1327
9.5369,0.8364,-0.4529,-1.3890,2.1506,0.2443,0.9557,0.1319,-0.8280,-0.4437,1.3813,2.1403,-0.2405,0.9403,-0.1327
9.5667,0.8387,-0.4491,-1.3852,2.1526,0.2447,0.9515,0.1319,-0.8287,-0.4391,1.3813,2.1426,-0.2443,0.9392,-0.1335
9.5969,0.8402,-0.4437,-1.3837,2.1556,0.2447,0.9476,0.1319,-0.8295,-0.4349,1.3821,2.1434,-0.2508,0.9388,-0.1335
9.6270,0.8422,-0.4399,-1.3817,2.1572,0.2454,0.9449,0.1319,-0.8295,-0.4333,1.3802,2.1449,-0.2592,0.9373,-0.1327
9.6568,0.8445,-0.4345,-1.3810,2.1591,0.2481,0.9449,0.1319,-0.8303,-0.4303,1.3798,2.1480,-0.2707,0.9361,-0.1323
9.6869,0.8468,-0.4295,-1.3794,2.1602,0.2512,0.9434,0.1319,-0.8310,-0.4272,1.3794,2.1510,-0.2826,0.9323,-0.1335
9.7168,0.8468,-0.4253,-1.3787,2.1618,0.2600,0.9430,0.1315,-0.8310,-0.4257,1.3760,2.1537,-0.2926,0.9296,-0.1331
9.7470,0.8479,-0.4218,-1.3794,2.1656,0.2727,0.9403,0.1319,-0.8314,-0.4238,1.3741,2.1583,-0.3030,0.9254,-0.1331
9.7768,0.8471,-0.4176,-1.3775,2.1667,0.2865,0.9388,0.1319,-0.8307,-0.4215,1.3718,2.1621,-0.3122,0.9219,-0.1331
9.8069,0.8471,-0.4165,-1.3764,2.1710,0.2991,0.9346,0.1319,-0.8310,-0.4192,1.3702,2.1675,-0.3172,0.9150,-0.1327
9.8470,0.8468,-0.4123,-1.3741,2.1760,0.3191,0.9307,0.1315,-0.8303,-0.4146,1.3695,2.1729,-0.3210,0.9047,-0.1331
9.8768,0.8468,-0.4092,-1.3725,2.1798,0.3252,0.9242,0.1323,-0.8299,-0.4100,1.3691,2.1760,-0.3218,0.8974,-0.1327
9.9069,0.8471,-0.4077,-1.3698,2.1825,0.3264,0.9177,0.1319,-0.8299,-0.4057,1.3698,2.1798,-0.3229,0.8905,-0.1335
9.9367,0.8487,-0.4038,-1.3679,2.1840,0.3271,0.9104,0.1319,-0.8295,-0.4034,1.3687,2.1825,-0.3260,0.8840,-0.1327
9.9667,0.8494,-0.4011,-1.3675,2.1875,0.3267,0.9012,0.1323,-0.8287,-0.4008,1.3695,2.1852,-0.3317,0.8771,-0.1331
9.9967,0.8502,-0.3992,-1.3668,2.1898,0.3279,0.8935,0.1323,-0.8295,-0.3965,1.3687,2.1875,-0.3375,0.8725,-0.1327
10.0268,0.8514,-0.3969,-1.3664,2.1924,0.3329,0.8851,0.1327,-0.8299,-0.3923,1.3687,2.1886,-0.3459,0.8671,-0.1327
10.0568,0.8525,-0.3942,-1.3645,2.1944,0.3394,0.8797,0.1327,-0.8295,-0.3908,1.3675,2.1901,-0.3563,0.8652,-0.1327
10.0868,0.8533,-0.3904,-1.3645,2.1963,0.3486,0.8751,0.1319,-0.8295,-0.3862,1.3656,2.1924,-0.3647,0.8644,-0.1327
10.1268,0.8537,-0.3866,-1.3637,2.2005,0.3624,0.8728,0.1323,-0.8295,-0.3816,1.3618,2.1963,-0.3781,0.8632,-0.1331
10.1568,0.8521,-0.3831,-1.3629,2.2016,0.3731,0.8698,0.1315,-0.8287,-0.3781,1.3580,2.1982,-0.3881,0.8617,-0.1323
10.1869,0.8537,-0.3812,-1.3622,2.2036,0.3835,0.8702,0.1323,-0.8272,-0.3735,1.3537,2.2005,-0.3981,0.8590,-0.1323
10.2168,0.8529,-0.3770,-1.3599,2.2066,0.3931,0.8694,0.1323,-0.8264,-0.3689,1.3499,2.2043,-0.4084,0.8548,-0.1338
10.2468,0.8514,-0.3720,-1.3580,2.2097,0.4015,0.8686,0.1319,-0.8249,-0.3636,1.3445,2.2070,-0.4218,0.8479,-0.1331
10.2768,0.8521,-0.3682,-1.3560,2.2135,0.4115,0.8636,0.1327,-0.8226,-0.3574,1.3399,2.2093,-0.4353,0.8418,-0.1327
10.3068,0.8514,-0.3643,-1.3537,2.2143,0.4241,0.8583,0.1323,-0.8207,-0.3524,1.3346,2.2128,-0.4502,0.8345,-0.1319
10.3367,0.8502,-0.3597,-1.3499,2.2178,0.4372,0.8502,0.1319,-0.8168,-0.3459,1.3273,2.2135,-0.4663,0.8295,-0.1327
10.3667,0.8494,-0.3543,-1.3461,2.2204,0.4487,0.8429,0.1319,-0.8142,-0.3390,1.3211,2.2143,-0.4809,0.8249,-0.1323
10.3967,0.8479,-0.3490,-1.3407,2.2227,0.4617,0.8364,0.1319,-0.8084,-0.3321,1.3146,2.2139,-0.4951,0.8207,-0.1327
10.4367,0.8448,-0.3386,-1.3349,2.2243,0.4855,0.8272,0.1323,-0.8038,-0.3229,1.3043,2.2135,-0.5104,0.8142,-0.1323
10.4667,0.8425,-0.3333,-1.3296,2.2266,0.5028,0.8214,0.1319,-0.7992,-0.3148,1.2966,2.2132,-0.5219,0.8069,-0.1327
10.4968,0.8395,-0.3267,-1.3231,2.2273,0.5166,0.8168,0.1323,-0.7950,-0.3076,1.2878,2.2124,-0.5342,0.8007,-0.1327
10.5268,0.8353,-0.3202,-1.3162,2.2293,0.5315,0.8126,0.1319,-0.7892,-0.2999,1.2790,2.2112,-0.5469,0.7942,-0.1335
10.5568,0.8318,-0.3133,-1.3085,2.2300,0.5480,0.8065,0.1319,-0.7846,-0.2930,1.2698,2.2108,-0.5622,0.7858,-0.1335
10.5868,0.8276,-0.3053,-1.3016,2.2308,0.5622,0.8007,0.1327,-0.7785,-0.2842,1.2602,2.2093,-0.5779,0.7789,-0.1319
10.6169,0.8230,-0.2987,-1.2920,2.2308,0.5737,0.7931,0.1319,-0.7724,-0.2757,1.2506,2.2062,-0.5956,0.7708,-0.1323
10.6471,0.8180,-0.2922,-1.2839,2.2289,0.5844,0.7858,0.1327,-0.7655,-0.2688,1.2414,2.2032,-0.6140,0.7628,-0.1323
10.6769,0.8130,-0.2846,-1.2744,2.2285,0.5983,0.7773,0.1315,-0.7589,-0.2608,1.2318,2.2013,-0.6312,0.7540,-0.1319
10.7170,0.8053,-0.2734,-1.2621,2.2277,0.6216,0.7643,0.1319,-0.7486,-0.2500,1.2184,2.1963,-0.6550,0.7378,-0.1323
10.7470,0.7996,-0.2646,-1.2533,2.2273,0.6450,0.7547,0.1319,-0.7405,-0.2408,1.2076,2.1936,-0.6715,0.7260,-0.1323
10.7768,0.7927,-0.2573,-1.2433,2.2254,0.6657,0.7447,0.1319,-0.7321,-0.2332,1.1973,2.1905,-0.6868,0.7145,-0.1323
10.8069,0.7854,-0.2493,-1.2329,2.2243,0.6861,0.7325,0.1319,-0.7244,-0.2255,1.1873,2.1871,-0.7018,0.6991,-0.1323
10.8369,0.7781,-0.2408,-1.2230,2.2212,0.7049,0.7206,0.1319,-0.7156,-0.2186,1.1769,2.1840,-0.7168,0.6845,-0.1319
10.8667,0.7697,-0.2328,-1.2126,2.2178,0.7221,0.7072,0.1323,-0.7075,-0.2113,1.1658,2.1806,-0.7321,0.6719,-0.1319
10.8967,0.7612,-0.2243,-1.2007,2.2143,0.7336,0.6926,0.1327,-0.6980,-0.2025,1.1551,2.1767,-0.7459,0.6596,-0.1327
10.9268,0.7540,-0.2163,-1.1892,2.2097,0.7444,0.6780,0.1323,-0.6888,-0.1952,1.1432,2.1725,-0.7597,0.6473,-0.1327
10.9568,0.7455,-0.2082,-1.1792,2.2051,0.7570,0.6657,0.1319,-0.6796,-0.1894,1.1328,2.1679,-0.7727,0.6366,-0.1315
10.9868,0.7371,-0.2013,-1.1681,2.2001,0.7701,0.6546,0.1323,-0.6700,-0.1825,1.1217,2.1633,-0.7865,0.6236,-0.1323
11.0268,0.7244,-0.1917,-1.1524,2.1963,0.7881,0.6374,0.1323,-0.6573,-0.1733,1.1048,2.1564,-0.8011,0.6098,-0.1319
11.0568,0.7156,-0.1848,-1.1413,2.1909,0.8023,0.6247,0.1315,-0.6477,-0.1672,1.0933,2.1514,-0.8099,0.5979,-0.1319
11.0868,0.7056,-0.1768,-1.1290,2.1836,0.8153,0.6147,0.1323,-0.6385,-0.1615,1.0818,2.1460,-0.8195,0.5871,-0.1319
11.1168,0.6953,-0.1699,-1.1171,2.1775,0.8264,0.6021,0.1327,-0.6289,-0.1553,1.0707,2.1403,-0.8272,0.5772,-0.1319
11.1468,0.6842,-0.1630,-1.1045,2.1690,0.8353,0.5910,0.1323,-0.6178,-0.1484,1.0588,2.1342,-0.8341,0.5672,-0.1319
11.1768,0.6738,-0.1561,-1.0937,2.1606,0.8433,0.5791,0.1315,-0.6086,-0.1419,1.0469,2.1261,-0.8395,0.5572,-0.1312
11.2068,0.6634,-0.1496,-1.0815,2.1537,0.8498,0.5645,0.1323,-0.5990,-0.1365,1.0351,2.1192,-0.8456,0.5469,-0.1323
11.2367,0.6542,-0.1438,-1.0703,2.1480,0.8563,0.5522,0.1327,-0.5890,-0.1304,1.0243,2.1115,-0.8498,0.5373,-0.1315
11.2667,0.6420,-0.1369,-1.0588,2.1418,0.8617,0.5469,0.1323,-0.5787,-0.1243,1.0128,2.1031,-0.8552,0.5273,-0.1315
11.3069,0.6285,-0.1292,-1.0435,2.1326,0.8690,0.5361,0.1319,-0.5645,-0.1158,0.9982,2.0912,-0.8629,0.5166,-0.1323
11.3367,0.6174,-0.1243,-1.0320,2.1257,0.8725,0.5296,0.1319,-0.5545,-0.1097,0.9871,2.0828,-0.8694,0.5100,-0.1319
11.3667,0.6071,-0.1173,-1.0205,2.1173,0.8771,0.5212,0.1327,-0.5446,-0.1043,0.9775,2.0739,-0.8755,0.5016,-0.1315
11.3967,0.5956,-0.1112,-1.0086,2.1108,0.8824,0.5112,0.1327,-0.5354,-0.0982,0.9676,2.0651,-0.8817,0.4947,-0.1312
11.4268,0.5844,-0.1039,-0.9982,2.1031,0.8878,0.5024,0.1327,-0.5258,-0.0932,0.9580,2.0563,-0.8878,0.4886,-0.1319
11.4568,0.5737,-0.0982,-0.9887,2.0943,0.8951,0.4951,0.1323,-0.5162,-0.0855,0.9488,2.0471,-0.8932,0.4801,-0.1312
11.4868,0.5622,-0.0917,-0.9783,2.0862,0.9016,0.4874,0.1323,-0.5074,-0.0802,0.9392,2.0379,-0.8989,0.4744,-0.1319
11.5169,0.5518,-0.0867,-0.9664,2.0778,0.9085,0.4813,0.1323,-0.4985,-0.0740,0.9304,2.0298,-0.9020,0.4679,-0.1312
11.5468,0.5407,-0.0794,-0.9564,2.0686,0.9143,0.4748,0.1323,-0.4901,-0.0671,0.9212,2.0203,-0.9066,0.4629,-0.1319
11.5768,0.5296,-0.0740,-0.9468,2.0586,0.9196,0.4682,0.1315,-0.4821,-0.0602,0.9116,2.0122,-0.9104,0.4567,-0.1315
11.6168,0.5147,-0.0656,-0.9342,2.0463,0.9246,0.4598,0.1319,-0.4713,-0.0510,0.9012,1.9999,-0.9143,0.4491,-0.1319
11.6471,0.5051,-0.0583,-0.9235,2.0360,0.9261,0.4537,0.1323,-0.4629,-0.0445,0.8935,1.9907,-0.9169,0.4433,-0.1323
11.6769,0.4943,-0.0525,-0.9154,2.0264,0.9281,0.4487,0.1319,-0.4552,-0.0364,0.8855,1.9823,-0.9212,0.4383,-0.1319
11.7068,0.4851,-0.0464,-0.9054,2.0168,0.9300,0.4429,0.1327,-0.4468,-0.0299,0.8797,1.9731,-0.9242,0.4357,-0.1319
11.7367,0.4759,-0.0403,-0.8970,2.0080,0.9319,0.4383,0.1319,-0.4403,-0.0219,0.8725,1.9654,-0.9277,0.4322,-0.1327
11.7667,0.4675,-0.0334,-0.8893,1.9992,0.9346,0.4337,0.1327,-0.4330,-0.0138,0.8671,1.9566,-0.9311,0.4295,-0.1315
11.7967,0.4575,-0.0261,-0.8820,1.9900,0.9380,0.4307,0.1323,-0.4261,-0.0073,0.8617,1.9474,-0.9327,0.4272,-0.1315
11.8267,0.4487,-0.0176,-0.8755,1.9815,0.9422,0.4272,0.1331,-0.4195,0.0012,0.8571,1.9393,-0.9342,0.4249,-0.1319
11.8568,0.4403,-0.0111,-0.8678,1.9715,0.9453,0.4238,0.1327,-0.4130,0.0084,0.8552,1.9309,-0.9346,0.4238,-0.1331
11.8967,0.4295,-0.0015,-0.8609,1.9589,0.9476,0.4207,0.1323,-0.4069,0.0169,0.8514,1.9194,-0.9353,0.4207,-0.1319
11.9268,0.4211,0.0061,-0.8556,1.9497,0.9465,0.4195,0.1335,-0.4008,0.0242,0.8483,1.9121,-0.9353,0.4199,-0.1323
11.9568,0.4138,0.0130,-0.8510,1.9416,0.9472,0.4188,0.1331,-0.3958,0.0311,0.8468,1.9033,-0.9350,0.4192,-0.1315
11.9868,0.4057,0.0215,-0.8471,1.9324,0.9472,0.4176,0.1327,-0.3912,0.0368,0.8445,1.8968,-0.9346,0.4188,-0.1319
12.0169,0.3988,0.0291,-0.8456,1.9228,0.9472,0.4165,0.1327,-0.3873,0.0422,0.8437,1.8899,-0.9353,0.4176,-0.1315
12.0470,0.3919,0.0368,-0.8425,1.9156,0.9476,0.4138,0.1335,-0.3835,0.0479,0.8437,1.8837,-0.9353,0.4176,-0.1319
12.0769,0.3862,0.0437,-0.8391,1.9067,0.9461,0.4092,0.1323,-0.3816,0.0522,0.8445,1.8780,-0.9357,0.4176,-0.1315
12.1068,0.3800,0.0502,-0.8376,1.8995,0.9465,0.4061,0.1327,-0.3785,0.0556,0.8445,1.8730,-0.9353,0.4169,-0.1327
12.1368,0.3747,0.0560,-0.8353,1.8922,0.9472,0.4042,0.1331,-0.3770,0.0579,0.8460,1.8707,-0.9353,0.4165,-0.1331
12.1667,0.3697,0.0625,-0.8333,1.8853,0.9465,0.4000,0.1335,-0.3751,0.0587,0.8468,1.8703,-0.9353,0.4161,-0.1323
12.2070,0.3628,0.0675,-0.8314,1.8761,0.9461,0.4015,0.1331,-0.3751,0.0579,0.8483,1.8699,-0.9353,0.4176,-0.1323
12.2367,0.3586,0.0713,-0.8310,1.8718,0.9468,0.4008,0.1323,-0.3762,0.0571,0.8498,1.8715,-0.9353,0.4192,-0.1315
12.2667,0.3563,0.0748,-0.8299,1.8672,0.9465,0.4019,0.1331,-0.3747,0.0564,0.8491,1.8722,-0.9357,0.4188,-0.1319
12.2967,0.3532,0.0778,-0.8310,1.8626,0.9461,0.4034,0.1327,-0.3758,0.0564,0.8498,1.8734,-0.9346,0.4176,-0.1319
12.3267,0.3520,0.0805,-0.8299,1.8596,0.9461,0.4027,0.1338,-0.3762,0.0560,0.8510,1.8745,-0.9357,0.4180,-0.1323
12.3568,0.3494,0.0813,-0.8307,1.8573,0.9457,0.4034,0.1331,-0.3762,0.0556,0.8506,1.8753,-0.9353,0.4172,-0.1319
12.3868,0.3478,0.0817,-0.8307,1.8557,0.9465,0.4034,0.1323,-0.3766,0.0560,0.8517,1.8757,-0.9361,0.4172,-0.1327
12.4168,0.3467,0.0832,-0.8310,1.8550,0.9465,0.4046,0.1331,-0.3774,0.0556,0.8529,1.8761,-0.9361,0.4184,-0.1319
12.4471,0.3471,0.0828,-0.8314,1.8557,0.9465,0.4038,0.1331,-0.3781,0.0560,0.8537,1.8768,-0.9361,0.4195,-0.1319
12.4868,0.3474,0.0828,-0.8314,1.8546,0.9465,0.4046,0.1338,-0.3777,0.0556,0.8540,1.8780,-0.9365,0.4153,-0.1335
