time,left_s0,left_s1,left_e0,left_e1,left_w0,left_w1,left_w2,right_s0,right_s1,right_e0,right_e1,right_w0,right_w1,right_w2
0.0000,0.0890,-0.3942,-1.2709,1.5397,-0.1787,0.3942,-0.0211,-0.1120,-0.3624,1.2759,1.5501,0.1848,0.3996,0.0207
0.0300,0.0905,-0.3942,-1.2690,1.5393,-0.1799,0.3996,-0.0207,-0.1139,-0.3609,1.2755,1.5539,0.1845,0.4004,0.0199
0.0600,0.0932,-0.3946,-1.2663,1.5409,-0.1799,0.4031,-0.0203,-0.1166,-0.3613,1.2751,1.5589,0.1848,0.4015,0.0199
0.0901,0.0951,-0.3950,-1.2652,1.5413,-0.1802,0.4046,-0.0211,-0.1200,-0.3616,1.2755,1.5654,0.1845,0.4000,0.0199
0.1204,0.0974,-0.3946,-1.2628,1.5428,-0.1799,0.4057,-0.0207,-0.1227,-0.3620,1.2755,1.5712,0.1845,0.4008,0.0199
0.1500,0.1009,-0.3954,-1.2617,1.5455,-0.1799,0.4050,-0.0207,-0.1266,-0.3620,1.2755,1.5777,0.1841,0.4008,0.0199
0.1800,0.1032,-0.3942,-1.2609,1.5489,-0.1799,0.4057,-0.0211,-0.1304,-0.3632,1.2759,1.5858,0.1845,0.4004,0.0188
0.2099,0.1062,-0.3942,-1.2594,1.5528,-0.1795,0.4061,-0.0211,-0.1346,-0.3636,1.2759,1.5934,0.1845,0.4008,0.0188
0.2400,0.1101,-0.3958,-1.2594,1.5581,-0.1802,0.4061,-0.0207,-0.1392,-0.3643,1.2751,1.6030,0.1837,0.4004,0.0188
0.2700,0.1139,-0.3954,-1.2590,1.5631,-0.1802,0.4061,-0.0215,-0.1442,-0.3651,1.2759,1.6122,0.1837,0.4008,0.0188
0.3001,0.1193,-0.3942,-1.2586,1.5693,-0.1799,0.4054,-0.0207,-0.1499,-0.3674,1.2763,1.6214,0.1841,0.4008,0.0176
0.3300,0.1231,-0.3950,-1.2590,1.5754,-0.1795,0.4065,-0.0211,-0.1565,-0.3682,1.2759,1.6318,0.1841,0.4008,0.0180
0.3601,0.1277,-0.3938,-1.2579,1.5827,-0.1802,0.4050,-0.0211,-0.1622,-0.3712,1.2763,1.6429,0.1848,0.4000,0.0180
0.3902,0.1327,-0.3950,-1.2582,1.5915,-0.1810,0.4054,-0.0207,-0.1695,-0.3739,1.2763,1.6540,0.1841,0.4015,0.0184
0.4202,0.1384,-0.3958,-1.2590,1.6003,-0.1802,0.4061,-0.0211,-0.1764,-0.3774,1.2763,1.6655,0.1845,0.4004,0.0180
0.4501,0.1438,-0.3962,-1.2586,1.6091,-0.1799,0.4046,-0.0203,-0.1841,-0.3808,1.2770,1.6786,0.1848,0.4008,0.0180
0.4801,0.1488,-0.3954,-1.2586,1.6210,-0.1802,0.4054,-0.0211,-0.1914,-0.3843,1.2767,1.6904,0.1837,0.4000,0.0173
0.5100,0.1553,-0.3965,-1.2586,1.6318,-0.1810,0.4054,-0.0207,-0.1998,-0.3885,1.2770,1.7031,0.1845,0.4015,0.0180
0.5399,0.1622,-0.3977,-1.2586,1.6425,-0.1802,0.4046,-0.0203,-0.2079,-0.3923,1.2782,1.7158,0.1837,0.4008,0.0184
0.5699,0.1684,-0.3996,-1.2579,1.6536,-0.1795,0.4050,-0.0215,-0.2151,-0.3973,1.2782,1.7284,0.1845,0.4015,0.0180
0.6000,0.1764,-0.4011,-1.2575,1.6667,-0.1799,0.4046,-0.0203,-0.2236,-0.4011,1.2782,1.7403,0.1848,0.4015,0.0188
0.6300,0.1837,-0.4050,-1.2582,1.6789,-0.1814,0.4054,-0.0211,-0.2309,-0.4061,1.2778,1.7518,0.1845,0.4011,0.0176
0.6601,0.1921,-0.4077,-1.2575,1.6916,-0.1802,0.4054,-0.0207,-0.2385,-0.4115,1.2790,1.7625,0.1845,0.4011,0.0176
0.6900,0.1990,-0.4107,-1.2586,1.7043,-0.1799,0.4046,-0.0211,-0.2462,-0.4149,1.2801,1.7737,0.1848,0.4015,0.0176
0.7203,0.2071,-0.4149,-1.2590,1.7169,-0.1802,0.4050,-0.0207,-0.2535,-0.4199,1.2797,1.7840,0.1845,0.4015,0.0173
0.7500,0.2159,-0.4195,-1.2590,1.7296,-0.1802,0.4046,-0.0215,-0.2604,-0.4234,1.2809,1.7936,0.1852,0.4004,0.0180
0.7801,0.2243,-0.4245,-1.2590,1.7418,-0.1802,0.4046,-0.0203,-0.2661,-0.4268,1.2820,1.8028,0.1848,0.4008,0.0192
0.8101,0.2332,-0.4284,-1.2590,1.7541,-0.1802,0.4050,-0.0211,-0.2723,-0.4295,1.2832,1.8105,0.1848,0.4008,0.0180
0.8401,0.2424,-0.4330,-1.2594,1.7668,-0.1802,0.4050,-0.0207,-0.2773,-0.4314,1.2851,1.8182,0.1848,0.4008,0.0188
0.8700,0.2493,-0.4387,-1.2609,1.7775,-0.1810,0.4065,-0.0211,-0.2823,-0.4333,1.2866,1.8231,0.1848,0.4004,0.0184
0.9001,0.2581,-0.4410,-1.2609,1.7886,-0.1802,0.4057,-0.0211,-0.2849,-0.4337,1.2882,1.8281,0.1848,0.4004,0.0188
0.9300,0.2661,-0.4441,-1.2621,1.7982,-0.1814,0.4057,-0.0207,-0.2872,-0.4330,1.2889,1.8300,0.1852,0.4004,0.0180
0.9600,0.2727,-0.4479,-1.2625,1.8070,-0.1810,0.4050,-0.0211,-0.2892,-0.4330,1.2908,1.8316,0.1856,0.4000,0.0188
0.9900,0.2811,-0.4502,-1.2640,1.8158,-0.1795,0.4054,-0.0211,-0.2895,-0.4330,1.2912,1.8312,0.1848,0.4004,0.0184
1.0300,0.2892,-0.4518,-1.2655,1.8251,-0.1802,0.4057,-0.0203,-0.2892,-0.4326,1.2912,1.8316,0.1848,0.3996,0.0196
1.0601,0.2945,-0.4533,-1.2663,1.8312,-0.1802,0.4054,-0.0203,-0.2888,-0.4333,1.2916,1.8304,0.1852,0.3992,0.0180
1.0900,0.2991,-0.4552,-1.2682,1.8366,-0.1802,0.4034,-0.0211,-0.2872,-0.4337,1.2916,1.8297,0.1845,0.3977,0.0180
1.1203,0.3037,-0.4564,-1.2690,1.8415,-0.1814,0.4034,-0.0207,-0.2865,-0.4333,1.2920,1.8297,0.1845,0.3973,0.0184
1.1501,0.3087,-0.4567,-1.2701,1.8469,-0.1802,0.4050,-0.0211,-0.2857,-0.4330,1.2912,1.8289,0.1848,0.3950,0.0176
1.1800,0.3110,-0.4564,-1.2709,1.8500,-0.1810,0.4057,-0.0203,-0.2834,-0.4333,1.2912,1.8274,0.1848,0.3938,0.0184
1.2100,0.3122,-0.4560,-1.2701,1.8507,-0.1810,0.4042,-0.0215,-0.2826,-0.4330,1.2908,1.8258,0.1848,0.3923,0.0184
1.2400,0.3125,-0.4564,-1.2721,1.8515,-0.1810,0.4034,-0.0211,-0.2807,-0.4326,1.2916,1.8247,0.1852,0.3908,0.0192
1.2700,0.3122,-0.4564,-1.2724,1.8519,-0.1799,0.4034,-0.0207,-0.2788,-0.4322,1.2912,1.8228,0.1848,0.3896,0.0180
1.3001,0.3118,-0.4560,-1.2717,1.8500,-0.1810,0.4023,-0.0211,-0.2753,-0.4318,1.2905,1.8185,0.1848,0.3877,0.0184
1.3300,0.3110,-0.4552,-1.2713,1.8500,-0.1802,0.4023,-0.0207,-0.2727,-0.4310,1.2897,1.8139,0.1848,0.3889,0.0188
1.3601,0.3087,-0.4560,-1.2713,1.8496,-0.1799,0.4019,-0.0207,-0.2688,-0.4299,1.2893,1.8078,0.1845,0.3896,0.0184
1.3901,0.3072,-0.4560,-1.2728,1.8492,-0.1818,0.4027,-0.0211,-0.2642,-0.4287,1.2885,1.8005,0.1848,0.3908,0.0184
1.4206,0.3060,-0.4548,-1.2740,1.8469,-0.1802,0.4031,-0.0207,-0.2600,-0.4257,1.2882,1.7936,0.1841,0.3919,0.0188
1.4500,0.3045,-0.4552,-1.2744,1.8446,-0.1810,0.4023,-0.0211,-0.2535,-0.4241,1.2882,1.7844,0.1848,0.3919,0.0188
1.4800,0.3007,-0.4556,-1.2763,1.8400,-0.1802,0.4031,-0.0207,-0.2481,-0.4215,1.2870,1.7760,0.1848,0.3915,0.0192
1.5099,0.2980,-0.4541,-1.2767,1.8346,-0.1810,0.4027,-0.0207,-0.2412,-0.4192,1.2855,1.7656,0.1848,0.3912,0.0192
1.5400,0.2938,-0.4521,-1.2778,1.8300,-0.1814,0.4038,-0.0211,-0.2339,-0.4149,1.2847,1.7560,0.1841,0.3900,0.0188
1.5700,0.2892,-0.4518,-1.2797,1.8243,-0.1810,0.4038,-0.0215,-0.2259,-0.4103,1.2839,1.7449,0.1845,0.3892,0.0192
1.6000,0.2830,-0.4479,-1.2797,1.8162,-0.1814,0.4034,-0.0211,-0.2182,-0.4054,1.2824,1.7330,0.1841,0.3881,0.0192
1.6300,0.2765,-0.4437,-1.2805,1.8070,-0.1814,0.4038,-0.0207,-0.2086,-0.3996,1.2828,1.7207,0.1837,0.3858,0.0192
1.6601,0.2704,-0.4399,-1.2813,1.7974,-0.1822,0.4023,-0.0215,-0.2010,-0.3946,1.2809,1.7066,0.1841,0.3843,0.0188
1.6900,0.2619,-0.4341,-1.2813,1.7871,-0.1825,0.4023,-0.0203,-0.1906,-0.3881,1.2813,1.6924,0.1837,0.3835,0.0188
1.7205,0.2539,-0.4272,-1.2820,1.7756,-0.1822,0.4027,-0.0207,-0.1814,-0.3808,1.2801,1.6770,0.1833,0.3823,0.0192
1.7500,0.2458,-0.4195,-1.2816,1.7629,-0.1825,0.4015,-0.0207,-0.1722,-0.3735,1.2805,1.6594,0.1829,0.3804,0.0188
1.7800,0.2362,-0.4126,-1.2816,1.7503,-0.1814,0.4031,-0.0211,-0.1622,-0.3670,1.2786,1.6425,0.1822,0.3785,0.0192
1.8099,0.2263,-0.4050,-1.2813,1.7361,-0.1825,0.4004,-0.0207,-0.1519,-0.3605,1.2790,1.6253,0.1806,0.3770,0.0184
1.8400,0.2159,-0.3950,-1.2801,1.7215,-0.1822,0.3969,-0.0207,-0.1415,-0.3536,1.2790,1.6065,0.1779,0.3743,0.0188
1.8700,0.2052,-0.3877,-1.2797,1.7050,-0.1814,0.3915,-0.0207,-0.1304,-0.3459,1.2786,1.5877,0.1737,0.3708,0.0188
1.9000,0.1933,-0.3804,-1.2797,1.6885,-0.1795,0.3873,-0.0207,-0.1189,-0.3390,1.2782,1.5689,0.1695,0.3678,0.0196
1.9300,0.1829,-0.3735,-1.2797,1.6705,-0.1753,0.3854,-0.0207,-0.1085,-0.3325,1.2778,1.5497,0.1634,0.3662,0.0192
1.9600,0.1718,-0.3655,-1.2801,1.6532,-0.1710,0.3808,-0.0207,-0.0963,-0.3264,1.2778,1.5301,0.1557,0.3639,0.0192
1.9901,0.1595,-0.3597,-1.2809,1.6341,-0.1649,0.3804,-0.0207,-0.0844,-0.3206,1.2770,1.5114,0.1503,0.3620,0.0188
2.0300,0.1430,-0.3501,-1.2793,1.6072,-0.1549,0.3762,-0.0203,-0.0686,-0.3122,1.2759,1.4849,0.1442,0.3636,0.0196
2.0600,0.1308,-0.3413,-1.2793,1.5877,-0.1499,0.3751,-0.0207,-0.0568,-0.3060,1.2759,1.4657,0.1400,0.3639,0.0192
2.0901,0.1181,-0.3352,-1.2793,1.5677,-0.1465,0.3743,-0.0211,-0.0460,-0.3007,1.2759,1.4473,0.1388,0.3659,0.0196
2.1205,0.1051,-0.3283,-1.2790,1.5474,-0.1430,0.3754,-0.0207,-0.0357,-0.2961,1.2744,1.4289,0.1377,0.3659,0.0188
2.1500,0.0936,-0.3206,-1.2793,1.5271,-0.1407,0.3747,-0.0207,-0.0253,-0.2918,1.2744,1.4128,0.1381,0.3659,0.0184
2.1800,0.0809,-0.3141,-1.2786,1.5060,-0.1400,0.3743,-0.0211,-0.0161,-0.2880,1.2740,1.3971,0.1369,0.3655,0.0199
2.2099,0.0698,-0.3076,-1.2782,1.4864,-0.1396,0.3743,-0.0203,-0.0061,-0.2853,1.2736,1.3825,0.1373,0.3659,0.0188
2.2400,0.0579,-0.3022,-1.2790,1.4669,-0.1388,0.3751,-0.0211,0.0015,-0.2823,1.2736,1.3687,0.1377,0.3662,0.0188
2.2700,0.0456,-0.2961,-1.2782,1.4469,-0.1396,0.3743,-0.0207,0.0096,-0.2807,1.2740,1.3560,0.1365,0.3662,0.0196
2.3000,0.0345,-0.2911,-1.2782,1.4285,-0.1388,0.3747,-0.0211,0.0169,-0.2792,1.2740,1.3434,0.1377,0.3666,0.0196
2.3300,0.0226,-0.2865,-1.2778,1.4109,-0.1392,0.3743,-0.0207,0.0226,-0.2796,1.2736,1.3326,0.1377,0.3659,0.0184
2.3600,0.0115,-0.2819,-1.2786,1.3936,-0.1392,0.3758,-0.0215,0.0291,-0.2792,1.2740,1.3227,0.1369,0.3655,0.0192
2.3900,0.0004,-0.2777,-1.2782,1.3779,-0.1392,0.3754,-0.0211,0.0349,-0.2784,1.2744,1.3150,0.1369,0.3655,0.0196
2.4206,-0.0092,-0.2753,-1.2778,1.3618,-0.1381,0.3762,-0.0211,0.0395,-0.2784,1.2732,1.3070,0.1377,0.3666,0.0196
2.4500,-0.0188,-0.2730,-1.2782,1.3491,-0.1384,0.3754,-0.0211,0.0426,-0.2780,1.2728,1.3012,0.1373,0.3662,0.0196
2.4800,-0.0272,-0.2715,-1.2774,1.3357,-0.1377,0.3766,-0.0203,0.0468,-0.2784,1.2728,1.2962,0.1381,0.3662,0.0203
2.5099,-0.0368,-0.2696,-1.2778,1.3246,-0.1388,0.3770,-0.0211,0.0491,-0.2780,1.2736,1.2931,0.1381,0.3659,0.0192
2.5400,-0.0433,-0.2688,-1.2786,1.3135,-0.1373,0.3766,-0.0203,0.0518,-0.2777,1.2724,1.2908,0.1373,0.3659,0.0196
2.5700,-0.0514,-0.2688,-1.2797,1.3043,-0.1373,0.3754,-0.0211,0.0529,-0.2780,1.2724,1.2897,0.1381,0.3655,0.0196
2.6000,-0.0579,-0.2681,-1.2778,1.2962,-0.1373,0.3762,-0.0207,0.0525,-0.2788,1.2721,1.2905,0.1373,0.3647,0.0196
2.6300,-0.0629,-0.2684,-1.2786,1.2893,-0.1373,0.3754,-0.0207,0.0525,-0.2788,1.2713,1.2912,0.1377,0.3651,0.0184
2.6600,-0.0671,-0.2681,-1.2790,1.2832,-0.1377,0.3747,-0.0211,0.0518,-0.2784,1.2713,1.2901,0.1377,0.3666,0.0192
2.6901,-0.0717,-0.2684,-1.2778,1.2786,-0.1373,0.3751,-0.0207,0.0518,-0.2780,1.2717,1.2920,0.1373,0.3662,0.0188
2.7204,-0.0740,-0.2684,-1.2786,1.2751,-0.1373,0.3735,-0.0211,0.0506,-0.2788,1.2713,1.2916,0.1384,0.3647,0.0188
2.7501,-0.0755,-0.2677,-1.2782,1.2724,-0.1377,0.3739,-0.0215,0.0499,-0.2792,1.2717,1.2924,0.1384,0.3639,0.0188
2.7801,-0.0786,-0.2677,-1.2782,1.2678,-0.1365,0.3735,-0.0211,0.0491,-0.2803,1.2732,1.2931,0.1388,0.3632,0.0184
2.8099,-0.0794,-0.2681,-1.2782,1.2663,-0.1373,0.3751,-0.0211,0.0476,-0.2826,1.2740,1.2928,0.1384,0.3624,0.0196
2.8400,-0.0802,-0.2677,-1.2786,1.2652,-0.1369,0.3739,-0.0215,0.0468,-0.2846,1.2740,1.2920,0.1396,0.3616,0.0192
2.8700,-0.0802,-0.2681,-1.2778,1.2621,-0.1377,0.3735,-0.0211,0.0445,-0.2888,1.2744,1.2928,0.1415,0.3605,0.0196
2.9000,-0.0813,-0.2684,-1.2778,1.2605,-0.1377,0.3735,-0.0215,0.0422,-0.2930,1.2755,1.2947,0.1450,0.3597,0.0196
2.9301,-0.0802,-0.2692,-1.2782,1.2613,-0.1384,0.3720,-0.0211,0.0407,-0.2984,1.2755,1.2947,0.1519,0.3586,0.0192
2.9600,-0.0790,-0.2707,-1.2755,1.2621,-0.1415,0.3724,-0.0199,0.0383,-0.3056,1.2747,1.2970,0.1622,0.3570,0.0196
2.9901,-0.0782,-0.2711,-1.2747,1.2625,-0.1480,0.3716,-0.0215,0.0353,-0.3129,1.2751,1.3012,0.1760,0.3586,0.0196
3.0300,-0.0778,-0.2761,-1.2728,1.2621,-0.1645,0.3685,-0.0215,0.0303,-0.3248,1.2751,1.3047,0.1967,0.3590,0.0192
3.0601,-0.0752,-0.2800,-1.2717,1.2628,-0.1810,0.3678,-0.0211,0.0268,-0.3333,1.2744,1.3089,0.2159,0.3590,0.0192
3.0900,-0.0736,-0.2861,-1.2682,1.2652,-0.1971,0.3655,-0.0199,0.0222,-0.3436,1.2755,1.3135,0.2370,0.3590,0.0188
3.1203,-0.0713,-0.2918,-1.2667,1.2682,-0.2163,0.3659,-0.0211,0.0173,-0.3543,1.2759,1.3196,0.2573,0.3597,0.0192
3.1500,-0.0698,-0.2991,-1.2652,1.2709,-0.2370,0.3643,-0.0207,0.0111,-0.3659,1.2774,1.3254,0.2800,0.3590,0.0199
3.1801,-0.0660,-0.3076,-1.2644,1.2724,-0.2585,0.3613,-0.0211,0.0058,-0.3758,1.2793,1.3323,0.3010,0.3582,0.0192
3.2102,-0.0629,-0.3160,-1.2640,1.2755,-0.2803,0.3605,-0.0211,-0.0012,-0.3873,1.2820,1.3399,0.3218,0.3590,0.0188
3.2400,-0.0587,-0.3252,-1.2648,1.2801,-0.3030,0.3597,-0.0211,-0.0084,-0.3981,1.2836,1.3472,0.3425,0.3590,0.0192
3.2700,-0.0522,-0.3352,-1.2644,1.2851,-0.3233,0.3593,-0.0203,-0.0161,-0.4103,1.2878,1.3564,0.3601,0.3586,0.0203
3.3000,-0.0464,-0.3474,-1.2655,1.2916,-0.3444,0.3570,-0.0207,-0.0245,-0.4215,1.2908,1.3668,0.3789,0.3578,0.0196
3.3300,-0.0410,-0.3597,-1.2652,1.2977,-0.3636,0.3528,-0.0211,-0.0322,-0.4345,1.2951,1.3764,0.3965,0.3582,0.0192
3.3601,-0.0330,-0.3720,-1.2667,1.3070,-0.3823,0.3474,-0.0207,-0.0426,-0.4456,1.2997,1.3867,0.4142,0.3586,0.0192
3.3901,-0.0253,-0.3846,-1.2690,1.3127,-0.3992,0.3478,-0.0207,-0.0518,-0.4575,1.3039,1.3978,0.4303,0.3590,0.0188
3.4205,-0.0169,-0.3981,-1.2709,1.3215,-0.4169,0.3463,-0.0207,-0.0625,-0.4690,1.3096,1.4093,0.4460,0.3578,0.0196
3.4501,-0.0077,-0.4123,-1.2736,1.3311,-0.4337,0.3482,-0.0203,-0.0748,-0.4813,1.3165,1.4216,0.4625,0.3578,0.0188
3.4800,0.0031,-0.4257,-1.2763,1.3422,-0.4491,0.3482,-0.0207,-0.0863,-0.4909,1.3227,1.4343,0.4767,0.3586,0.0196
3.5100,0.0134,-0.4383,-1.2816,1.3530,-0.4652,0.3494,-0.0211,-0.0974,-0.5024,1.3303,1.4477,0.4909,0.3586,0.0192
3.5400,0.0249,-0.4533,-1.2859,1.3629,-0.4805,0.3494,-0.0211,-0.1097,-0.5123,1.3388,1.4607,0.5054,0.3578,0.0188
3.5700,0.0368,-0.4652,-1.2916,1.3767,-0.4943,0.3497,-0.0207,-0.1235,-0.5219,1.3476,1.4742,0.5185,0.3582,0.0192
3.6000,0.0483,-0.4778,-1.2993,1.3894,-0.5089,0.3501,-0.0207,-0.1361,-0.5296,1.3580,1.4880,0.5315,0.3578,0.0188
3.6300,0.0617,-0.4916,-1.3070,1.4032,-0.5223,0.3486,-0.0196,-0.1507,-0.5392,1.3687,1.5022,0.5430,0.3578,0.0196
3.6600,0.0755,-0.5035,-1.3154,1.4166,-0.5342,0.3494,-0.0211,-0.1653,-0.5465,1.3810,1.5152,0.5545,0.3567,0.0203
3.6900,0.0890,-0.5158,-1.3234,1.4308,-0.5465,0.3490,-0.0207,-0.1802,-0.5549,1.3936,1.5294,0.5668,0.3559,0.0196
3.7202,0.1035,-0.5265,-1.3338,1.4454,-0.5584,0.3490,-0.0207,-0.1952,-0.5614,1.4055,1.5428,0.5795,0.3570,0.0196
3.7501,0.1181,-0.5377,-1.3438,1.4607,-0.5706,0.3494,-0.0207,-0.2113,-0.5680,1.4166,1.5562,0.5902,0.3582,0.0184
3.7800,0.1338,-0.5476,-1.3549,1.4761,-0.5818,0.3497,-0.0207,-0.2270,-0.5741,1.4304,1.5704,0.6009,0.3590,0.0196
3.8100,0.1488,-0.5576,-1.3660,1.4926,-0.5929,0.3494,-0.0211,-0.2424,-0.5806,1.4435,1.5835,0.6098,0.3586,0.0196
3.8400,0.1641,-0.5660,-1.3775,1.5079,-0.6029,0.3494,-0.0203,-0.2581,-0.5860,1.4565,1.5976,0.6182,0.3582,0.0196
3.8700,0.1799,-0.5741,-1.3894,1.5232,-0.6121,0.3497,-0.0207,-0.2730,-0.5917,1.4684,1.6122,0.6243,0.3582,0.0207
3.9000,0.1960,-0.5825,-1.4009,1.5390,-0.6182,0.3494,-0.0211,-0.2888,-0.5971,1.4814,1.6253,0.6297,0.3582,0.0188
3.9301,0.2109,-0.5898,-1.4128,1.5547,-0.6243,0.3490,-0.0207,-0.3037,-0.6021,1.4922,1.6398,0.6339,0.3574,0.0192
3.9600,0.2278,-0.5971,-1.4270,1.5712,-0.6289,0.3482,-0.0211,-0.3198,-0.6075,1.5037,1.6525,0.6370,0.3574,0.0192
3.9903,0.2451,-0.6044,-1.4389,1.5865,-0.6335,0.3497,-0.0207,-0.3329,-0.6117,1.5171,1.6659,0.6393,0.3574,0.0192
4.0300,0.2658,-0.6132,-1.4565,1.6088,-0.6366,0.3486,-0.0207,-0.3524,-0.6186,1.5305,1.6828,0.6424,0.3574,0.0188
4.0600,0.2819,-0.6186,-1.4699,1.6256,-0.6385,0.3494,-0.0199,-0.3655,-0.6236,1.5424,1.6947,0.6473,0.3578,0.0192
4.0900,0.2987,-0.6243,-1.4807,1.6414,-0.6435,0.3486,-0.0207,-0.3793,-0.6270,1.5505,1.7069,0.6504,0.3582,0.0188
4.1205,0.3152,-0.6301,-1.4918,1.6563,-0.6450,0.3490,-0.0203,-0.3927,-0.6312,1.5620,1.7188,0.6542,0.3582,0.0192
4.1500,0.3321,-0.6358,-1.5041,1.6720,-0.6496,0.3490,-0.0203,-0.4046,-0.6343,1.5716,1.7288,0.6577,0.3590,0.0188
4.1800,0.3471,-0.6408,-1.5148,1.6855,-0.6535,0.3486,-0.0203,-0.4165,-0.6378,1.5792,1.7376,0.6608,0.3590,0.0199
4.2100,0.3636,-0.6458,-1.5263,1.7000,-0.6562,0.3482,-0.0207,-0.4284,-0.6420,1.5884,1.7457,0.6638,0.3590,0.0188
4.2400,0.3789,-0.6500,-1.5378,1.7131,-0.6592,0.3478,-0.0207,-0.4391,-0.6439,1.5969,1.7537,0.6661,0.3586,0.0188
4.2700,0.3946,-0.6542,-1.5486,1.7261,-0.6623,0.3482,-0.0207,-0.4502,-0.6470,1.6045,1.7602,0.6688,0.3601,0.0196
4.3000,0.4088,-0.6581,-1.5589,1.7376,-0.6650,0.3478,-0.0207,-0.4606,-0.6493,1.6130,1.7656,0.6719,0.3597,0.0192
4.3300,0.4226,-0.6627,-1.5708,1.7484,-0.6673,0.3482,-0.0199,-0.4698,-0.6516,1.6203,1.7702,0.6738,0.3593,0.0196
4.3600,0.4368,-0.6661,-1.5796,1.7599,-0.6696,0.3478,-0.0211,-0.4786,-0.6539,1.6264,1.7740,0.6757,0.3601,0.0188
4.3900,0.4487,-0.6696,-1.5900,1.7687,-0.6707,0.3486,-0.0203,-0.4847,-0.6562,1.6314,1.7775,0.6765,0.3605,0.0188
4.4203,0.4606,-0.6738,-1.5961,1.7779,-0.6715,0.3490,-0.0207,-0.4909,-0.6581,1.6345,1.7806,0.6761,0.3601,0.0207
4.4502,0.4709,-0.6761,-1.6042,1.7863,-0.6719,0.3494,-0.0203,-0.4951,-0.6592,1.6383,1.7833,0.6765,0.3616,0.0196
4.4800,0.4821,-0.6792,-1.6126,1.7936,-0.6723,0.3490,-0.0203,-0.4997,-0.6592,1.6379,1.7844,0.6769,0.3624,0.0203
4.5100,0.4901,-0.6819,-1.6199,1.7994,-0.6727,0.3490,-0.0203,-0.5012,-0.6600,1.6391,1.7859,0.6765,0.3639,0.0196
4.5400,0.4982,-0.6842,-1.6260,1.8040,-0.6734,0.3501,-0.0199,-0.5028,-0.6596,1.6383,1.7867,0.6757,0.3662,0.0188
4.5700,0.5054,-0.6853,-1.6302,1.8097,-0.6734,0.3517,-0.0199,-0.5039,-0.6588,1.6383,1.7859,0.6753,0.3705,0.0196
4.6000,0.5116,-0.6876,-1.6345,1.8132,-0.6742,0.3543,-0.0192,-0.5031,-0.6588,1.6375,1.7867,0.6757,0.3751,0.0192
4.6300,0.5170,-0.6888,-1.6387,1.8158,-0.6742,0.3578,-0.0192,-0.5043,-0.6585,1.6368,1.7856,0.6761,0.3793,0.0196
4.6600,0.5212,-0.6888,-1.6414,1.8185,-0.6742,0.3613,-0.0199,-0.5035,-0.6581,1.6352,1.7856,0.6757,0.3827,0.0199
4.6900,0.5250,-0.6891,-1.6429,1.8201,-0.6746,0.3651,-0.0192,-0.5043,-0.6577,1.6345,1.7852,0.6753,0.3854,0.0188
4.7204,0.5277,-0.6891,-1.6448,1.8228,-0.6746,0.3666,-0.0192,-0.5043,-0.6588,1.6345,1.7856,0.6753,0.3877,0.0192
4.7501,0.5300,-0.6891,-1.6463,1.8254,-0.6753,0.3708,-0.0199,-0.5054,-0.6592,1.6325,1.7859,0.6742,0.3892,0.0192
4.7800,0.5308,-0.6884,-1.6471,1.8270,-0.6750,0.3728,-0.0196,-0.5054,-0.6585,1.6314,1.7867,0.6727,0.3896,0.0192
4.9986,0.5357,-0.6888,-1.6467,1.8281,-0.6569,0.3835,-0.0199,-0.5074,-0.6527,1.6164,1.7898,0.6493,0.4015,0.0192
5.0286,0.5361,-0.6880,-1.6479,1.8285,-0.6542,0.3862,-0.0199,-0.5081,-0.6508,1.6145,1.7886,0.6473,0.4069,0.0192
5.0586,0.5361,-0.6872,-1.6460,1.8274,-0.6527,0.3908,-0.0199,-0.5081,-0.6481,1.6130,1.7886,0.6466,0.4119,0.0184
5.0886,0.5361,-0.6876,-1.6452,1.8274,-0.6523,0.3946,-0.0196,-0.5097,-0.6473,1.6111,1.7890,0.6443,0.4161,0.0188
5.1186,0.5361,-0.6888,-1.6471,1.8277,-0.6485,0.3996,-0.0196,-0.5093,-0.6443,1.6091,1.7879,0.6404,0.4218,0.0188
5.1488,0.5365,-0.6872,-1.6460,1.8277,-0.6447,0.4038,-0.0203,-0.5097,-0.6404,1.6088,1.7886,0.6366,0.4272,0.0176
5.1785,0.5354,-0.6838,-1.6437,1.8274,-0.6408,0.4080,-0.0196,-0.5104,-0.6366,1.6072,1.7879,0.6320,0.4330,0.0180
5.2085,0.5361,-0.6796,-1.6452,1.8270,-0.6362,0.4146,-0.0196,-0.5120,-0.6324,1.6072,1.7894,0.6251,0.4380,0.0184
5.2486,0.5357,-0.6738,-1.6444,1.8266,-0.6289,0.4230,-0.0196,-0.5143,-0.6239,1.6068,1.7905,0.6159,0.4464,0.0173
5.2786,0.5354,-0.6677,-1.6433,1.8258,-0.6216,0.4295,-0.0203,-0.5170,-0.6186,1.6049,1.7928,0.6071,0.4529,0.0176
5.3085,0.5346,-0.6608,-1.6406,1.8251,-0.6140,0.4364,-0.0192,-0.5193,-0.6117,1.6045,1.7963,0.5960,0.4579,0.0173
5.3386,0.5346,-0.6523,-1.6414,1.8254,-0.6055,0.4437,-0.0196,-0.5223,-0.6052,1.6042,1.8005,0.5837,0.4644,0.0176
5.3687,0.5357,-0.6450,-1.6402,1.8247,-0.5948,0.4502,-0.0196,-0.5273,-0.5983,1.6026,1.8059,0.5714,0.4705,0.0169
5.3987,0.5361,-0.6378,-1.6383,1.8251,-0.5821,0.4575,-0.0199,-0.5304,-0.5910,1.6019,1.8112,0.5545,0.4775,0.0146
5.4287,0.5369,-0.6316,-1.6360,1.8251,-0.5687,0.4644,-0.0196,-0.5350,-0.5837,1.6007,1.8182,0.5369,0.4851,0.0130
5.4587,0.5373,-0.6232,-1.6333,1.8254,-0.5518,0.4713,-0.0192,-0.5400,-0.5764,1.6007,1.8266,0.5170,0.4913,0.0115
5.4887,0.5403,-0.6167,-1.6329,1.8270,-0.5350,0.4790,-0.0176,-0.5449,-0.5680,1.5984,1.8354,0.4962,0.4966,0.0100
5.5187,0.5419,-0.6094,-1.6322,1.8289,-0.5158,0.4867,-0.0169,-0.5526,-0.5599,1.5988,1.8438,0.4725,0.5043,0.0092
5.5487,0.5438,-0.6025,-1.6306,1.8320,-0.4932,0.4947,-0.0138,-0.5599,-0.5507,1.5973,1.8527,0.4498,0.5104,0.0092
5.5786,0.5480,-0.5948,-1.6299,1.8358,-0.4713,0.5024,-0.0134,-0.5680,-0.5415,1.5976,1.8634,0.4268,0.5162,0.0092
5.6086,0.5511,-0.5864,-1.6287,1.8396,-0.4472,0.5097,-0.0130,-0.5752,-0.5323,1.5969,1.8730,0.4038,0.5242,0.0092
5.6384,0.5549,-0.5779,-1.6295,1.8465,-0.4249,0.5154,-0.0134,-0.5841,-0.5235,1.5961,1.8841,0.3823,0.5308,0.0092
5.6686,0.5595,-0.5699,-1.6291,1.8538,-0.4015,0.5246,-0.0130,-0.5925,-0.5131,1.5976,1.8945,0.3620,0.5373,0.0092
5.7049,0.5668,-0.5580,-1.6279,1.8634,-0.3728,0.5350,-0.0134,-0.6063,-0.4993,1.5965,1.9079,0.3363,0.5465,0.0092
5.7286,0.5710,-0.5511,-1.6299,1.8699,-0.3593,0.5396,-0.0130,-0.6124,-0.4928,1.5976,1.9144,0.3241,0.5526,0.0092
5.7586,0.5768,-0.5411,-1.6283,1.8784,-0.3394,0.5461,-0.0119,-0.6220,-0.4828,1.5973,1.9240,0.3053,0.5611,0.0107
5.7887,0.5829,-0.5304,-1.6276,1.8876,-0.3221,0.5553,-0.0115,-0.6328,-0.4740,1.5980,1.9324,0.2872,0.5699,0.0096
5.8187,0.5906,-0.5204,-1.6279,1.8960,-0.3037,0.5645,-0.0119,-0.6424,-0.4640,1.5976,1.9413,0.2696,0.5795,0.0100
5.8489,0.5986,-0.5093,-1.6260,1.9060,-0.2846,0.5737,-0.0119,-0.6519,-0.4552,1.5965,1.9489,0.2500,0.5890,0.0096
5.8786,0.6078,-0.4985,-1.6260,1.9152,-0.2661,0.5825,-0.0107,-0.6631,-0.4468,1.5976,1.9570,0.2316,0.6009,0.0096
5.9085,0.6163,-0.4874,-1.6253,1.9240,-0.2481,0.5933,-0.0115,-0.6719,-0.4376,1.5992,1.9631,0.2125,0.6124,0.0100
5.9385,0.6266,-0.4778,-1.6245,1.9336,-0.2289,0.6029,-0.0104,-0.6819,-0.4299,1.5976,1.9708,0.1929,0.6232,0.0100
5.9685,0.6366,-0.4671,-1.6249,1.9416,-0.2098,0.6132,-0.0107,-0.6911,-0.4218,1.5969,1.9765,0.1730,0.6355,0.0088
5.9985,0.6458,-0.4571,-1.6245,1.9508,-0.1898,0.6247,-0.0107,-0.7003,-0.4153,1.5976,1.9823,0.1545,0.6443,0.0092
6.0286,0.6550,-0.4475,-1.6237,1.9589,-0.1710,0.6374,-0.0111,-0.7098,-0.4069,1.5965,1.9888,0.1358,0.6550,0.0088
6.0587,0.6654,-0.4391,-1.6237,1.9677,-0.1515,0.6481,-0.0111,-0.7179,-0.3992,1.5965,1.9946,0.1158,0.6631,0.0092
6.0889,0.6757,-0.4287,-1.6237,1.9765,-0.1312,0.6600,-0.0111,-0.7263,-0.3927,1.5973,1.9995,0.0989,0.6719,0.0092
6.1185,0.6853,-0.4207,-1.6245,1.9846,-0.1143,0.6673,-0.0104,-0.7332,-0.3846,1.5950,2.0057,0.0809,0.6803,0.0088
6.1488,0.6953,-0.4126,-1.6233,1.9915,-0.0963,0.6773,-0.0111,-0.7409,-0.3774,1.5957,2.0107,0.0640,0.6884,0.0096
6.1785,0.7049,-0.4046,-1.6226,1.9988,-0.0790,0.6842,-0.0115,-0.7478,-0.3701,1.5930,2.0157,0.0491,0.6949,0.0092
6.2084,0.7141,-0.3950,-1.6218,2.0057,-0.0633,0.6895,-0.0115,-0.7536,-0.3624,1.5923,2.0203,0.0341,0.7018,0.0092
6.2487,0.7248,-0.3835,-1.6237,2.0160,-0.0414,0.7003,-0.0115,-0.7609,-0.3543,1.5904,2.0260,0.0161,0.7091,0.0088
6.2785,0.7332,-0.3758,-1.6214,2.0222,-0.0288,0.7068,-0.0111,-0.7651,-0.3467,1.5892,2.0295,0.0038,0.7129,0.0073
6.3084,0.7401,-0.3678,-1.6226,2.0283,-0.0157,0.7122,-0.0107,-0.7697,-0.3398,1.5888,2.0341,-0.0081,0.7175,0.0077
6.3386,0.7463,-0.3601,-1.6210,2.0337,-0.0027,0.7164,-0.0111,-0.7731,-0.3329,1.5881,2.0379,-0.0196,0.7202,0.0069
6.3685,0.7528,-0.3517,-1.6199,2.0394,0.0084,0.7206,-0.0111,-0.7750,-0.3264,1.5873,2.0410,-0.0311,0.7233,0.0069
6.3985,0.7582,-0.3428,-1.6203,2.0448,0.0196,0.7229,-0.0111,-0.7793,-0.3206,1.5842,2.0436,-0.0418,0.7240,0.0069
6.4285,0.7635,-0.3344,-1.6183,2.0509,0.0307,0.7252,-0.0115,-0.7812,-0.3145,1.5835,2.0475,-0.0522,0.7252,0.0069
6.4588,0.7681,-0.3290,-1.6176,2.0552,0.0418,0.7271,-0.0104,-0.7835,-0.3079,1.5808,2.0502,-0.0629,0.7283,0.0081
6.4888,0.7712,-0.3214,-1.6164,2.0601,0.0514,0.7271,-0.0096,-0.7850,-0.3026,1.5785,2.0532,-0.0736,0.7294,0.0069
6.5187,0.7754,-0.3141,-1.6137,2.0636,0.0629,0.7275,-0.0084,-0.7865,-0.2976,1.5769,2.0559,-0.0844,0.7306,0.0069
6.5487,0.7781,-0.3064,-1.6111,2.0678,0.0736,0.7286,-0.0081,-0.7877,-0.2934,1.5739,2.0598,-0.0955,0.7317,0.0065
6.5786,0.7800,-0.3014,-1.6103,2.0709,0.0844,0.7309,-0.0081,-0.7896,-0.2888,1.5716,2.0632,-0.1062,0.7313,0.0069
6.6085,0.7839,-0.2941,-1.6065,2.0739,0.0943,0.7309,-0.0081,-0.7923,-0.2846,1.5685,2.0659,-0.1170,0.7306,0.0073
6.6385,0.7869,-0.2880,-1.6045,2.0789,0.1058,0.7329,-0.0084,-0.7935,-0.2811,1.5658,2.0693,-0.1285,0.7313,0.0073
6.6685,0.7873,-0.2834,-1.6003,2.0820,0.1166,0.7329,-0.0081,-0.7958,-0.2780,1.5627,2.0739,-0.1400,0.7313,0.0081
6.6985,0.7900,-0.2753,-1.5988,2.0854,0.1285,0.7344,-0.0084,-0.7977,-0.2757,1.5589,2.0766,-0.1507,0.7321,0.0077
6.7286,0.7915,-0.2727,-1.5965,2.0877,0.1392,0.7340,-0.0081,-0.8004,-0.2704,1.5555,2.0805,-0.1603,0.7321,0.0081
6.7586,0.7923,-0.2681,-1.5915,2.0916,0.1499,0.7348,-0.0084,-0.8030,-0.2688,1.5535,2.0824,-0.1707,0.7321,0.0081
6.7886,0.7946,-0.2635,-1.5884,2.0950,0.1599,0.7344,-0.0084,-0.8061,-0.2658,1.5509,2.0862,-0.1795,0.7332,0.0069
6.8186,0.7954,-0.2589,-1.5861,2.0981,0.1703,0.7344,-0.0077,-0.8096,-0.2631,1.5509,2.0885,-0.1883,0.7355,0.0073
6.8486,0.7981,-0.2543,-1.5827,2.1012,0.1791,0.7352,-0.0081,-0.8138,-0.2612,1.5486,2.0904,-0.1967,0.7401,0.0073
6.8786,0.7984,-0.2512,-1.5800,2.1050,0.1875,0.7363,-0.0084,-0.8184,-0.2581,1.5470,2.0927,-0.2048,0.7459,0.0073
6.9084,0.8023,-0.2477,-1.5765,2.1073,0.1956,0.7409,-0.0081,-0.8230,-0.2554,1.5463,2.0947,-0.2121,0.7528,0.0069
6.9384,0.8038,-0.2447,-1.5750,2.1100,0.2036,0.7474,-0.0084,-0.8272,-0.2520,1.5447,2.0962,-0.2178,0.7628,0.0069
6.9684,0.8076,-0.2412,-1.5719,2.1123,0.2094,0.7551,-0.0084,-0.8333,-0.2493,1.5447,2.0966,-0.2224,0.7701,0.0069
6.9985,0.8119,-0.2374,-1.5696,2.1150,0.2151,0.7647,-0.0081,-0.8399,-0.2458,1.5440,2.0989,-0.2270,0.7789,0.0069
7.0285,0.8153,-0.2347,-1.5681,2.1173,0.2197,0.7731,-0.0081,-0.8448,-0.2431,1.5428,2.1000,-0.2316,0.7869,0.0077
7.0586,0.8203,-0.2316,-1.5666,2.1192,0.2236,0.7800,-0.0081,-0.8517,-0.2401,1.5443,2.1016,-0.2358,0.7950,0.0069
7.0886,0.8245,-0.2282,-1.5650,2.1203,0.2282,0.7877,-0.0088,-0.8575,-0.2362,1.5420,2.1027,-0.2412,0.8027,0.0065
7.1186,0.8299,-0.2255,-1.5643,2.1223,0.2324,0.7946,-0.0081,-0.8629,-0.2320,1.5436,2.1042,-0.2462,0.8107,0.0065
7.1487,0.8349,-0.2224,-1.5620,2.1242,0.2362,0.8019,-0.0084,-0.8690,-0.2301,1.5428,2.1069,-0.2516,0.8180,0.0065
7.1785,0.8410,-0.2201,-1.5612,2.1257,0.2405,0.8088,-0.0073,-0.8755,-0.2263,1.5428,2.1081,-0.2562,0.8253,0.0069
7.2084,0.8456,-0.2155,-1.5593,2.1276,0.2451,0.8161,-0.0084,-0.8809,-0.2217,1.5436,2.1115,-0.2623,0.8318,0.0073
7.2487,0.8540,-0.2109,-1.5574,2.1311,0.2520,0.8249,-0.0077,-0.8878,-0.2167,1.5420,2.1142,-0.2681,0.8395,0.0065
7.2785,0.8594,-0.2075,-1.5566,2.1330,0.2566,0.8326,-0.0084,-0.8920,-0.2121,1.5428,2.1177,-0.2730,0.8445,0.0065
7.3085,0.8648,-0.2033,-1.5555,2.1361,0.2604,0.8368,-0.0081,-0.8970,-0.2075,1.5420,2.1211,-0.2780,0.8475,0.0061
7.3385,0.8702,-0.1994,-1.5555,2.1384,0.2654,0.8402,-0.0084,-0.9016,-0.2025,1.5432,2.1242,-0.2830,0.8502,0.0065
7.3685,0.8748,-0.1952,-1.5539,2.1407,0.2696,0.8437,-0.0077,-0.9054,-0.1990,1.5428,2.1276,-0.2899,0.8525,0.0061
7.3985,0.8809,-0.1914,-1.5539,2.1437,0.2753,0.8460,-0.0077,-0.9089,-0.1956,1.5420,2.1315,-0.2980,0.8529,0.0073
7.4286,0.8855,-0.1864,-1.5532,2.1468,0.2815,0.8479,-0.0081,-0.9116,-0.1887,1.5417,2.1357,-0.3072,0.8521,0.0073
7.4586,0.8897,-0.1818,-1.5528,2.1483,0.2884,0.8494,-0.0077,-0.9135,-0.1848,1.5401,2.1399,-0.3160,0.8510,0.0081
7.4885,0.8943,-0.1768,-1.5520,2.1529,0.2953,0.8494,-0.0081,-0.9162,-0.1806,1.5382,2.1426,-0.3264,0.8502,0.0073
7.5186,0.8978,-0.1726,-1.5516,2.1545,0.3068,0.8502,-0.0077,-0.9189,-0.1756,1.5355,2.1464,-0.3371,0.8491,0.0065
7.5487,0.9027,-0.1680,-1.5516,2.1572,0.3164,0.8494,-0.0084,-0.9196,-0.1714,1.5324,2.1491,-0.3486,0.8483,0.0069
7.5785,0.9062,-0.1638,-1.5501,2.1602,0.3275,0.8491,-0.0081,-0.9215,-0.1676,1.5286,2.1503,-0.3586,0.8452,0.0081
7.6085,0.9085,-0.1599,-1.5486,2.1637,0.3375,0.8498,-0.0073,-0.9223,-0.1634,1.5252,2.1522,-0.3682,0.8418,0.0073
7.6384,0.9112,-0.1549,-1.5474,2.1656,0.3478,0.8487,-0.0084,-0.9231,-0.1595,1.5225,2.1545,-0.3777,0.8395,0.0065
7.6685,0.9143,-0.1503,-1.5447,2.1683,0.3586,0.8487,-0.0077,-0.9235,-0.1557,1.5175,2.1556,-0.3869,0.8368,0.0073
7.6985,0.9158,-0.1465,-1.5424,2.1698,0.3643,0.8487,-0.0073,-0.9242,-0.1503,1.5133,2.1556,-0.3954,0.8353,0.0073
7.7285,0.9185,-0.1427,-1.5405,2.1729,0.3754,0.8475,-0.0081,-0.9238,-0.1473,1.5098,2.1579,-0.4034,0.8349,0.0069
7.7586,0.9196,-0.1381,-1.5374,2.1744,0.3854,0.8464,-0.0077,-0.9242,-0.1427,1.5075,2.1583,-0.4119,0.8345,0.0065
7.7888,0.9219,-0.1338,-1.5328,2.1767,0.3935,0.8429,-0.0077,-0.9246,-0.1388,1.5052,2.1583,-0.4192,0.8345,0.0069
7.8187,0.9227,-0.1285,-1.5298,2.1763,0.4011,0.8410,-0.0084,-0.9250,-0.1361,1.5029,2.1587,-0.4253,0.8353,0.0069
7.8486,0.9242,-0.1243,-1.5263,2.1786,0.4084,0.8379,-0.0077,-0.9254,-0.1312,1.5010,2.1587,-0.4284,0.8360,0.0073
7.8785,0.9246,-0.1193,-1.5252,2.1790,0.4138,0.8379,-0.0073,-0.9254,-0.1281,1.4987,2.1583,-0.4337,0.8353,0.0081
7.9085,0.9258,-0.1154,-1.5198,2.1794,0.4157,0.8379,-0.0081,-0.9269,-0.1254,1.4960,2.1591,-0.4368,0.8364,0.0084
7.9385,0.9269,-0.1101,-1.5167,2.1802,0.4195,0.8383,-0.0081,-0.9265,-0.1227,1.4941,2.1595,-0.4410,0.8379,0.0065
7.9685,0.9273,-0.1058,-1.5129,2.1802,0.4238,0.8383,-0.0081,-0.9281,-0.1197,1.4918,2.1610,-0.4441,0.8402,0.0081
7.9985,0.9281,-0.1032,-1.5117,2.1806,0.4253,0.8379,-0.0081,-0.9296,-0.1170,1.4887,2.1602,-0.4487,0.8422,0.0069
8.0285,0.9281,-0.0997,-1.5071,2.1813,0.4276,0.8376,-0.0073,-0.9319,-0.1158,1.4880,2.1625,-0.4529,0.8441,0.0065
8.0586,0.9292,-0.0963,-1.5052,2.1817,0.4349,0.8379,-0.0084,-0.9334,-0.1143,1.4876,2.1633,-0.4583,0.8475,0.0073
8.0885,0.9292,-0.0932,-1.5048,2.1821,0.4406,0.8402,-0.0073,-0.9353,-0.1120,1.4857,2.1633,-0.4636,0.8491,0.0065
8.1186,0.9300,-0.0913,-1.5014,2.1844,0.4468,0.8406,-0.0084,-0.9376,-0.1104,1.4837,2.1648,-0.4686,0.8517,0.0073
8.1487,0.9304,-0.0890,-1.4983,2.1836,0.4525,0.8425,-0.0081,-0.9407,-0.1089,1.4834,2.1667,-0.4717,0.8525,0.0065
8.1785,0.9315,-0.0855,-1.4968,2.1852,0.4564,0.8437,-0.0077,-0.9438,-0.1070,1.4822,2.1690,-0.4736,0.8529,0.0069
8.2085,0.9334,-0.0848,-1.4937,2.1859,0.4590,0.8460,-0.0084,-0.9449,-0.1047,1.4807,2.1710,-0.4759,0.8529,0.0069
8.2486,0.9346,-0.0817,-1.4918,2.1871,0.4621,0.8460,-0.0084,-0.9492,-0.1028,1.4795,2.1740,-0.4775,0.8529,0.0073
8.2785,0.9361,-0.0802,-1.4891,2.1882,0.4633,0.8452,-0.0081,-0.9511,-0.1009,1.4791,2.1771,-0.4805,0.8521,0.0069
8.3085,0.9384,-0.0782,-1.4895,2.1894,0.4663,0.8468,-0.0081,-0.9530,-0.0997,1.4776,2.1798,-0.4840,0.8529,0.0077
8.3384,0.9407,-0.0771,-1.4880,2.1909,0.4690,0.8475,-0.0084,-0.9549,-0.0978,1.4765,2.1836,-0.4905,0.8510,0.0069
8.3685,0.9426,-0.0755,-1.4853,2.1928,0.4740,0.8487,-0.0081,-0.9568,-0.0963,1.4749,2.1871,-0.4985,0.8506,0.0077
8.3985,0.9449,-0.0740,-1.4837,2.1963,0.4801,0.8487,-0.0084,-0.9591,-0.0936,1.4719,2.1901,-0.5070,0.8502,0.0069
8.4285,0.9480,-0.0721,-1.4814,2.1990,0.4893,0.8498,-0.0084,-0.9599,-0.0920,1.4692,2.1932,-0.5173,0.8502,0.0073
8.4586,0.9499,-0.0713,-1.4799,2.2020,0.4985,0.8494,-0.0084,-0.9622,-0.0901,1.4673,2.1955,-0.5281,0.8498,0.0065
8.4887,0.9522,-0.0702,-1.4780,2.2043,0.5085,0.8494,-0.0084,-0.9637,-0.0878,1.4634,2.1986,-0.5373,0.8498,0.0069
8.5186,0.9549,-0.0686,-1.4749,2.2059,0.5193,0.8498,-0.0077,-0.9660,-0.0851,1.4592,2.1993,-0.5461,0.8491,0.0084
8.5487,0.9564,-0.0675,-1.4707,2.2085,0.5300,0.8491,-0.0077,-0.9683,-0.0836,1.4554,2.2020,-0.5530,0.8483,0.0069
8.5786,0.9591,-0.0656,-1.4692,2.2108,0.5396,0.8498,-0.0077,-0.9687,-0.0798,1.4531,2.2028,-0.5576,0.8468,0.0065
8.6085,0.9622,-0.0637,-1.4657,2.2124,0.5461,0.8494,-0.0084,-0.9687,-0.0763,1.4488,2.2043,-0.5607,0.8460,0.0069
8.6385,0.9637,-0.0614,-1.4611,2.2147,0.5534,0.8502,-0.0077,-0.9695,-0.0740,1.4462,2.2059,-0.5660,0.8460,0.0073
8.6685,0.9664,-0.0594,-1.4573,2.2158,0.5611,0.8498,-0.0077,-0.9695,-0.0709,1.4442,2.2078,-0.5718,0.8460,0.0073
8.6985,0.9691,-0.0579,-1.4531,2.2174,0.5714,0.8510,-0.0077,-0.9695,-0.0683,1.4423,2.2097,-0.5802,0.8468,0.0073
8.7285,0.9718,-0.0556,-1.4496,2.2193,0.5768,0.8521,-0.0084,-0.9699,-0.0656,1.4404,2.2116,-0.5906,0.8475,0.0069
8.7586,0.9737,-0.0541,-1.4454,2.2201,0.5814,0.8537,-0.0073,-0.9691,-0.0629,1.4366,2.2120,-0.6006,0.8468,0.0069
8.7886,0.9764,-0.0518,-1.4416,2.2227,0.5898,0.8579,-0.0081,-0.9706,-0.0614,1.4343,2.2139,-0.6105,0.8456,0.0081
8.8187,0.9779,-0.0499,-1.4396,2.2247,0.5990,0.8606,-0.0081,-0.9691,-0.0579,1.4304,2.2155,-0.6163,0.8452,0.0069
8.8487,0.9810,-0.0472,-1.4354,2.2266,0.6086,0.8617,-0.0077,-0.9691,-0.0548,1.4270,2.2170,-0.6209,0.8445,0.0065
8.8785,0.9817,-0.0453,-1.4320,2.2289,0.6186,0.8621,-0.0081,-0.9695,-0.0514,1.4251,2.2181,-0.6236,0.8448,0.0069
8.9085,0.9833,-0.0445,-1.4274,2.2296,0.6259,0.8667,-0.0073,-0.9699,-0.0491,1.4208,2.2193,-0.6270,0.8441,0.0073
8.9385,0.9837,-0.0422,-1.4247,2.2296,0.6289,0.8736,-0.0073,-0.9699,-0.0464,1.4166,2.2197,-0.6297,0.8437,0.0069
8.9685,0.9863,-0.0403,-1.4216,2.2312,0.6316,0.8732,-0.0081,-0.9691,-0.0437,1.4136,2.2193,-0.6370,0.8445,0.0065
8.9986,0.9879,-0.0380,-1.4170,2.2331,0.6339,0.8736,-0.0084,-0.9691,-0.0410,1.4101,2.2204,-0.6458,0.8433,0.0061
9.0286,0.9898,-0.0353,-1.4132,2.2342,0.6385,0.8725,-0.0081,-0.9702,-0.0391,1.4093,2.2204,-0.6573,0.8437,0.0065
9.0586,0.9910,-0.0322,-1.4101,2.2358,0.6470,0.8732,-0.0077,-0.9702,-0.0360,1.4047,2.2216,-0.6684,0.8425,0.0065
9.0886,0.9913,-0.0299,-1.4078,2.2362,0.6558,0.8721,-0.0081,-0.9691,-0.0330,1.3994,2.2224,-0.6799,0.8418,0.0065
9.1190,0.9917,-0.0268,-1.4028,2.2373,0.6677,0.8698,-0.0088,-0.9691,-0.0299,1.3955,2.2220,-0.6895,0.8399,0.0069
9.1486,0.9917,-0.0253,-1.3978,2.2388,0.6807,0.8671,-0.0081,-0.9683,-0.0265,1.3913,2.2220,-0.6972,0.8379,0.0073
9.1786,0.9910,-0.0226,-1.3952,2.2388,0.6907,0.8655,-0.0081,-0.9672,-0.0219,1.3875,2.2220,-0.7037,0.8349,0.0069
9.2085,0.9902,-0.0196,-1.3902,2.2392,0.7006,0.8621,-0.0084,-0.9660,-0.0173,1.3833,2.2220,-0.7110,0.8322,0.0069
9.2385,0.9906,-0.0161,-1.3860,2.2392,0.7106,0.8598,-0.0084,-0.9649,-0.0119,1.3790,2.2212,-0.7194,0.8291,0.0073
9.2786,0.9906,-0.0115,-1.3813,2.2396,0.7183,0.8548,-0.0084,-0.9626,-0.0050,1.3721,2.2212,-0.7348,0.8260,0.0069
9.3085,0.9894,-0.0073,-1.3767,2.2404,0.7256,0.8506,-0.0077,-0.9603,0.0004,1.3675,2.2204,-0.7501,0.8234,0.0065
9.3384,0.9898,-0.0038,-1.3733,2.2411,0.7371,0.8475,-0.0084,-0.9572,0.0065,1.3629,2.2201,-0.7662,0.8188,0.0073
9.3684,0.9898,0.0019,-1.3683,2.2415,0.7493,0.8441,-0.0073,-0.9545,0.0130,1.3572,2.2204,-0.7865,0.8130,0.0073
9.3985,0.9887,0.0061,-1.3641,2.2419,0.7632,0.8402,-0.0077,-0.9507,0.0199,1.3518,2.2193,-0.8073,0.8050,0.0081
9.4286,0.9879,0.0111,-1.3583,2.2411,0.7839,0.8341,-0.0081,-0.9468,0.0272,1.3461,2.2193,-0.8268,0.7954,0.0111
9.4586,0.9852,0.0184,-1.3549,2.2415,0.8073,0.8268,-0.0081,-0.9419,0.0337,1.3395,2.2193,-0.8448,0.7858,0.0153
9.4886,0.9829,0.0230,-1.3480,2.2415,0.8295,0.8161,-0.0081,-0.9369,0.0422,1.3330,2.2181,-0.8632,0.7747,0.0165
9.5186,0.9806,0.0307,-1.3415,2.2411,0.8514,0.8053,-0.0077,-0.9319,0.0491,1.3250,2.2166,-0.8801,0.7651,0.0161
9.5486,0.9760,0.0376,-1.3361,2.2400,0.8725,0.7946,-0.0092,-0.9265,0.0568,1.3181,2.2151,-0.8970,0.7551,0.0161
9.5786,0.9729,0.0449,-1.3296,2.2388,0.8909,0.7842,-0.0088,-0.9204,0.0652,1.3112,2.2139,-0.9131,0.7463,0.0161
9.6084,0.9683,0.0506,-1.3238,2.2369,0.9085,0.7743,-0.0107,-0.9150,0.0725,1.3039,2.2108,-0.9311,0.7378,0.0157
9.6386,0.9641,0.0583,-1.3162,2.2350,0.9231,0.7639,-0.0127,-0.9085,0.0794,1.2958,2.2074,-0.9499,0.7313,0.0165
9.6685,0.9587,0.0644,-1.3085,2.2300,0.9376,0.7563,-0.0138,-0.9039,0.0848,1.2882,2.2039,-0.9683,0.7244,0.0165
9.6985,0.9530,0.0717,-1.3031,2.2262,0.9549,0.7486,-0.0138,-0.8970,0.0909,1.2809,2.2001,-0.9867,0.7183,0.0153
9.7287,0.9472,0.0798,-1.2962,2.2224,0.9722,0.7413,-0.0138,-0.8920,0.0970,1.2724,2.1951,-1.0036,0.7122,0.0176
9.7586,0.9407,0.0859,-1.2878,2.2174,0.9917,0.7344,-0.0134,-0.8878,0.1032,1.2655,2.1890,-1.0182,0.7072,0.0161
9.7888,0.9357,0.0936,-1.2809,2.2139,1.0124,0.7263,-0.0130,-0.8820,0.1093,1.2575,2.1832,-1.0308,0.7022,0.0157
9.8186,0.9292,0.1012,-1.2728,2.2112,1.0305,0.7202,-0.0134,-0.8771,0.1143,1.2490,2.1771,-1.0435,0.6995,0.0157
9.8487,0.9223,0.1074,-1.2652,2.2062,1.0435,0.7164,-0.0127,-0.8705,0.1204,1.2418,2.1717,-1.0546,0.6983,0.0161
10.0916,0.8702,0.1538,-1.2042,2.1618,1.1394,0.7029,-0.0134,-0.8268,0.1592,1.1846,2.1142,-1.1524,0.6868,0.0157
10.1220,0.8648,0.1595,-1.1977,2.1545,1.1513,0.6987,-0.0138,-0.8188,0.1638,1.1766,2.1062,-1.1628,0.6815,0.0161
10.1520,0.8575,0.1645,-1.1885,2.1472,1.1612,0.6941,-0.0138,-0.8111,0.1691,1.1674,2.0985,-1.1731,0.6757,0.0161
10.1816,0.8502,0.1707,-1.1815,2.1391,1.1704,0.6891,-0.0142,-0.8027,0.1745,1.1585,2.0904,-1.1835,0.6688,0.0161
10.2115,0.8441,0.1760,-1.1735,2.1311,1.1808,0.6826,-0.0138,-0.7954,0.1806,1.1490,2.0831,-1.1950,0.6634,0.0165
10.2415,0.8360,0.1810,-1.1651,2.1234,1.1915,0.6761,-0.0150,-0.7865,0.1856,1.1386,2.0755,-1.2076,0.6588,0.0165
10.2715,0.8287,0.1856,-1.1570,2.1157,1.2042,0.6696,-0.0130,-0.7750,0.1921,1.1282,2.0655,-1.2210,0.6535,0.0161
10.3015,0.8214,0.1910,-1.1486,2.1065,1.2168,0.6654,-0.0138,-0.7662,0.1971,1.1160,2.0544,-1.2352,0.6489,0.0165
10.3315,0.8130,0.1952,-1.1397,2.0970,1.2303,0.6608,-0.0134,-0.7563,0.2029,1.1052,2.0452,-1.2490,0.6435,0.0165
10.3615,0.8042,0.2010,-1.1302,2.0870,1.2448,0.6554,-0.0146,-0.7467,0.2082,1.0930,2.0337,-1.2625,0.6370,0.0173
10.3917,0.7965,0.2056,-1.1206,2.0785,1.2579,0.6500,-0.0134,-0.7348,0.2144,1.0803,2.0229,-1.2747,0.6278,0.0169
10.4216,0.7862,0.2113,-1.1098,2.0674,1.2717,0.6439,-0.0142,-0.7240,0.2213,1.0669,2.0103,-1.2859,0.6178,0.0161
10.4521,0.7770,0.2159,-1.0979,2.0567,1.2847,0.6339,-0.0138,-0.7118,0.2282,1.0515,1.9984,-1.2966,0.6063,0.0161
10.4916,0.7628,0.2232,-1.0815,2.0410,1.2997,0.6201,-0.0142,-0.6960,0.2358,1.0324,1.9804,-1.3116,0.5871,0.0165
10.5217,0.7520,0.2289,-1.0688,2.0291,1.3119,0.6078,-0.0138,-0.6830,0.2428,1.0182,1.9662,-1.3223,0.5752,0.0169
10.5520,0.7413,0.2347,-1.0565,2.0160,1.3223,0.5933,-0.0134,-0.6700,0.2493,1.0032,1.9516,-1.3319,0.5607,0.0169
10.5816,0.7290,0.2405,-1.0439,2.0038,1.3323,0.5795,-0.0138,-0.6573,0.2566,0.9902,1.9359,-1.3399,0.5472,0.0161
10.6115,0.7187,0.2458,-1.0312,1.9915,1.3418,0.5660,-0.0142,-0.6447,0.2638,0.9768,1.9205,-1.3461,0.5331,0.0173
10.6416,0.7056,0.2531,-1.0186,1.9769,1.3484,0.5511,-0.0134,-0.6312,0.2715,0.9653,1.9048,-1.3476,0.5193,0.0173
10.6715,0.6922,0.2608,-1.0055,1.9631,1.3530,0.5361,-0.0142,-0.6182,0.2788,0.9549,1.8902,-1.3480,0.5074,0.0173
10.7015,0.6788,0.2673,-0.9944,1.9501,1.3560,0.5223,-0.0138,-0.6059,0.2865,0.9476,1.8764,-1.3468,0.4947,0.0173
10.7316,0.6665,0.2742,-0.9825,1.9363,1.3557,0.5074,-0.0138,-0.5940,0.2941,0.9411,1.8638,-1.3476,0.4863,0.0176
10.7615,0.6516,0.2823,-0.9725,1.9225,1.3560,0.4951,-0.0138,-0.5829,0.3003,0.9361,1.8534,-1.3476,0.4782,0.0176
10.7916,0.6389,0.2895,-0.9630,1.9090,1.3560,0.4847,-0.0134,-0.5733,0.3068,0.9330,1.8438,-1.3465,0.4744,0.0173
10.8217,0.6255,0.2972,-0.9553,1.8968,1.3560,0.4763,-0.0134,-0.5634,0.3133,0.9304,1.8369,-1.3476,0.4713,0.0173
10.8516,0.6121,0.3053,-0.9476,1.8853,1.3560,0.4705,-0.0130,-0.5557,0.3183,0.9304,1.8312,-1.3468,0.4682,0.0188
10.8816,0.5986,0.3129,-0.9407,1.8738,1.3568,0.4663,-0.0142,-0.5499,0.3233,0.9300,1.8262,-1.3480,0.4690,0.0199
10.9115,0.5864,0.3198,-0.9365,1.8630,1.3564,0.4636,-0.0142,-0.5449,0.3252,0.9307,1.8228,-1.3472,0.4686,0.0199
10.9415,0.5749,0.3267,-0.9323,1.8542,1.3560,0.4621,-0.0150,-0.5411,0.3271,0.9327,1.8220,-1.3472,0.4656,0.0192
10.9715,0.5645,0.3321,-0.9273,1.8465,1.3568,0.4587,-0.0165,-0.5388,0.3264,0.9338,1.8216,-1.3468,0.4652,0.0203
11.0015,0.5542,0.3363,-0.9235,1.8404,1.3557,0.4525,-0.0169,-0.5384,0.3256,0.9330,1.8216,-1.3480,0.4621,0.0199
11.0315,0.5457,0.3405,-0.9212,1.8346,1.3557,0.4525,-0.0161,-0.5365,0.3248,0.9338,1.8220,-1.3480,0.4613,0.0196
11.0616,0.5380,0.3451,-0.9208,1.8297,1.3560,0.4521,-0.0165,-0.5384,0.3233,0.9350,1.8231,-1.3472,0.4610,0.0196
11.0916,0.5311,0.3486,-0.9196,1.8258,1.3553,0.4533,-0.0169,-0.5377,0.3241,0.9361,1.8231,-1.3472,0.4610,0.0199
11.1218,0.5254,0.3524,-0.9200,1.8216,1.3553,0.4544,-0.0173,-0.5380,0.3233,0.9365,1.8224,-1.3472,0.4621,0.0196
11.1516,0.5200,0.3536,-0.9204,1.8182,1.3560,0.4495,-0.0169,-0.5392,0.3221,0.9373,1.8224,-1.3480,0.4621,0.0192
11.1816,0.5166,0.3543,-0.9169,1.8158,1.3557,0.4449,-0.0161,-0.5407,0.3221,0.9376,1.8216,-1.3476,0.4621,0.0192
11.2115,0.5131,0.3543,-0.9192,1.8139,1.3560,0.4429,-0.0169,-0.5411,0.3214,0.9380,1.8228,-1.3476,0.4633,0.0196
11.2415,0.5108,0.3543,-0.9192,1.8124,1.3560,0.4380,-0.0165,-0.5407,0.3206,0.9380,1.8243,-1.3472,0.4648,0.0199
11.2714,0.5089,0.3540,-0.9208,1.8109,1.3553,0.4406,-0.0165,-0.5411,0.3202,0.9396,1.8247,-1.3480,0.4663,0.0199
11.3015,0.5097,0.3543,-0.9215,1.8101,1.3557,0.4406,-0.0169,-0.5415,0.3191,0.9403,1.8262,-1.3480,0.4705,0.0192
11.3315,0.5097,0.3540,-0.9215,1.8101,1.3557,0.4433,-0.0169,-0.5419,0.3195,0.9422,1.8274,-1.3484,0.4725,0.0192
11.3616,0.5104,0.3540,-0.9219,1.8105,1.3553,0.4472,-0.0173,-0.5438,0.3175,0.9438,1.8285,-1.3480,0.4775,0.0192
11.3916,0.5123,0.3540,-0.9208,1.8093,1.3557,0.4502,-0.0165,-0.5446,0.3172,0.9453,1.8312,-1.3472,0.4821,0.0188
11.4216,0.5135,0.3536,-0.9212,1.8097,1.3553,0.4560,-0.0169,-0.5453,0.3152,0.9472,1.8339,-1.3472,0.4867,0.0192
11.4516,0.5139,0.3528,-0.9223,1.8105,1.3549,0.4610,-0.0165,-0.5472,0.3137,0.9503,1.8369,-1.3476,0.4928,0.0196
11.4917,0.5154,0.3528,-0.9235,1.8101,1.3549,0.4690,-0.0169,-0.5503,0.3110,0.9549,1.8408,-1.3472,0.5008,0.0192
11.5217,0.5166,0.3520,-0.9235,1.8124,1.3553,0.4740,-0.0176,-0.5526,0.3091,0.9576,1.8446,-1.3472,0.5051,0.0196
11.5519,0.5177,0.3509,-0.9254,1.8135,1.3560,0.4798,-0.0173,-0.5549,0.3060,0.9599,1.8496,-1.3468,0.5116,0.0199
11.5817,0.5189,0.3497,-0.9277,1.8151,1.3549,0.4863,-0.0165,-0.5584,0.3007,0.9633,1.8546,-1.3465,0.5158,0.0192
11.6115,0.5204,0.3471,-0.9288,1.8182,1.3557,0.4924,-0.0173,-0.5611,0.2964,0.9664,1.8596,-1.3438,0.5204,0.0196
11.6415,0.5216,0.3440,-0.9307,1.8208,1.3553,0.4993,-0.0173,-0.5637,0.2907,0.9710,1.8657,-1.3411,0.5258,0.0196
11.6715,0.5239,0.3394,-0.9338,1.8254,1.3553,0.5051,-0.0176,-0.5672,0.2834,0.9752,1.8722,-1.3330,0.5311,0.0196
11.7015,0.5265,0.3352,-0.9361,1.8285,1.3534,0.5120,-0.0169,-0.5699,0.2753,0.9791,1.8791,-1.3257,0.5392,0.0192
11.7315,0.5288,0.3287,-0.9376,1.8339,1.3549,0.5181,-0.0169,-0.5722,0.2669,0.9848,1.8856,-1.3146,0.5453,0.0199
11.7616,0.5315,0.3221,-0.9407,1.8377,1.3449,0.5277,-0.0173,-0.5745,0.2600,0.9883,1.8918,-1.3016,0.5549,0.0192
11.7916,0.5338,0.3137,-0.9434,1.8423,1.3311,0.5384,-0.0169,-0.5768,0.2520,0.9929,1.8975,-1.2874,0.5641,0.0199
11.8216,0.5377,0.3045,-0.9465,1.8477,1.3158,0.5515,-0.0173,-0.5795,0.2443,0.9967,1.9044,-1.2744,0.5737,0.0192
11.8521,0.5407,0.2961,-0.9507,1.8530,1.3023,0.5634,-0.0176,-0.5818,0.2362,0.9994,1.9098,-1.2628,0.5798,0.0196
11.8816,0.5434,0.2872,-0.9530,1.8584,1.2897,0.5676,-0.0176,-0.5825,0.2293,1.0017,1.9156,-1.2548,0.5848,0.0196
11.9115,0.5484,0.2796,-0.9576,1.8638,1.2793,0.5764,-0.0176,-0.5844,0.2217,1.0028,1.9209,-1.2498,0.5871,0.0199
11.9415,0.5522,0.2719,-0.9599,1.8695,1.2724,0.5821,-0.0176,-0.5848,0.2148,1.0044,1.9255,-1.2471,0.5871,0.0192
11.9715,0.5553,0.2631,-0.9633,1.8768,1.2675,0.5883,-0.0180,-0.5852,0.2075,1.0040,1.9313,-1.2471,0.5856,0.0199
12.0015,0.5588,0.2546,-0.9653,1.8818,1.2648,0.5894,-0.0176,-0.5852,0.2006,1.0040,1.9363,-1.2460,0.5841,0.0196
12.0315,0.5611,0.2462,-0.9679,1.8887,1.2636,0.5913,-0.0176,-0.5852,0.1948,1.0036,1.9397,-1.2460,0.5829,0.0196
12.0616,0.5641,0.2378,-0.9695,1.8948,1.2628,0.5910,-0.0176,-0.5864,0.1887,1.0032,1.9455,-1.2437,0.5802,0.0196
12.0916,0.5653,0.2297,-0.9718,1.9010,1.2617,0.5902,-0.0176,-0.5852,0.1829,1.0040,1.9501,-1.2402,0.5779,0.0192
12.1223,0.5676,0.2220,-0.9745,1.9060,1.2594,0.5887,-0.0184,-0.5848,0.1776,1.0044,1.9551,-1.2345,0.5779,0.0192
12.1517,0.5691,0.2136,-0.9764,1.9117,1.2548,0.5879,-0.0180,-0.5852,0.1726,1.0040,1.9597,-1.2287,0.5775,0.0188
12.1816,0.5703,0.2056,-0.9787,1.9171,1.2490,0.5887,-0.0180,-0.5844,0.1680,1.0032,1.9646,-1.2230,0.5768,0.0199
12.2115,0.5718,0.1971,-0.9802,1.9236,1.2433,0.5867,-0.0188,-0.5860,0.1661,1.0032,1.9704,-1.2180,0.5768,0.0196
12.2415,0.5729,0.1898,-0.9810,1.9297,1.2375,0.5883,-0.0184,-0.5856,0.1615,1.0032,1.9765,-1.2153,0.5752,0.0199
12.2715,0.5752,0.1822,-0.9821,1.9347,1.2341,0.5879,-0.0188,-0.5848,0.1588,1.0040,1.9831,-1.2149,0.5756,0.0199
12.3015,0.5760,0.1764,-0.9837,1.9405,1.2326,0.5867,-0.0188,-0.5852,0.1561,1.0032,1.9896,-1.2153,0.5737,0.0203
12.3315,0.5768,0.1695,-0.9833,1.9470,1.2326,0.5860,-0.0180,-0.5860,0.1530,1.0036,1.9946,-1.2145,0.5710,0.0196
12.3616,0.5779,0.1634,-0.9844,1.9531,1.2322,0.5848,-0.0192,-0.5856,0.1507,1.0021,1.9999,-1.2157,0.5672,0.0196
12.3916,0.5798,0.1576,-0.9833,1.9593,1.2322,0.5821,-0.0184,-0.5844,0.1503,1.0025,2.0034,-1.2153,0.5660,0.0184
12.4216,0.5802,0.1526,-0.9844,1.9650,1.2318,0.5783,-0.0188,-0.5852,0.1499,1.0028,2.0038,-1.2153,0.5668,0.0184
12.4517,0.5818,0.1484,-0.9844,1.9696,1.2318,0.5756,-0.0184,-0.5848,0.1499,1.0017,2.0045,-1.2168,0.5660,0.0192
12.4915,0.5829,0.1442,-0.9856,1.9765,1.2314,0.5760,-0.0184,-0.5848,0.1496,1.0013,2.0061,-1.2195,0.5660,0.0192
