time,left_s0,left_s1,left_e0,left_e1,left_w0,left_w1,left_w2,right_s0,right_s1,right_e0,right_e1,right_w0,right_w1,right_w2
0.0000,0.1622,-0.1070,-1.4193,1.5773,-0.0897,0.1948,0.1626,-0.1657,-0.1104,1.4216,1.5712,0.0855,0.2052,-0.1634
0.0301,0.1622,-0.1085,-1.4201,1.5765,-0.0901,0.1944,0.1634,-0.1661,-0.1158,1.4201,1.5716,0.0844,0.2079,-0.1634
0.0599,0.1622,-0.1089,-1.4193,1.5765,-0.0894,0.1956,0.1626,-0.1664,-0.1243,1.4174,1.5719,0.0851,0.2125,-0.1634
0.0898,0.1630,-0.1104,-1.4185,1.5769,-0.0894,0.1956,0.1630,-0.1664,-0.1315,1.4162,1.5712,0.0844,0.2232,-0.1634
0.1198,0.1618,-0.1135,-1.4182,1.5762,-0.0890,0.1979,0.1630,-0.1672,-0.1392,1.4132,1.5704,0.0848,0.2339,-0.1641
0.1497,0.1618,-0.1173,-1.4182,1.5746,-0.0878,0.2021,0.1630,-0.1672,-0.1461,1.4116,1.5696,0.0851,0.2474,-0.1634
0.1797,0.1618,-0.1220,-1.4174,1.5739,-0.0878,0.2079,0.1634,-0.1672,-0.1538,1.4097,1.5696,0.0851,0.2600,-0.1634
0.2098,0.1626,-0.1277,-1.4166,1.5731,-0.0890,0.2140,0.1634,-0.1684,-0.1622,1.4059,1.5700,0.0851,0.2742,-0.1634
0.2398,0.1626,-0.1331,-1.4170,1.5719,-0.0874,0.2213,0.1618,-0.1687,-0.1703,1.4028,1.5696,0.0855,0.2884,-0.1626
0.2698,0.1634,-0.1404,-1.4151,1.5700,-0.0890,0.2293,0.1634,-0.1684,-0.1795,1.3994,1.5704,0.0851,0.3037,-0.1622
0.3001,0.1638,-0.1484,-1.4124,1.5677,-0.0886,0.2389,0.1634,-0.1687,-0.1887,1.3944,1.5708,0.0851,0.3191,-0.1634
0.3300,0.1649,-0.1572,-1.4109,1.5647,-0.0890,0.2539,0.1634,-0.1691,-0.1983,1.3890,1.5700,0.0851,0.3336,-0.1630
0.3598,0.1661,-0.1653,-1.4078,1.5635,-0.0886,0.2661,0.1626,-0.1691,-0.2094,1.3837,1.5708,0.0851,0.3497,-0.1618
0.3898,0.1684,-0.1733,-1.4055,1.5608,-0.0886,0.2826,0.1626,-0.1695,-0.2182,1.3790,1.5716,0.0855,0.3662,-0.1630
0.4199,0.1695,-0.1822,-1.4028,1.5597,-0.0890,0.2953,0.1622,-0.1699,-0.2289,1.3729,1.5712,0.0851,0.3827,-0.1630
0.4497,0.1722,-0.1910,-1.3978,1.5581,-0.0886,0.3141,0.1634,-0.1707,-0.2378,1.3675,1.5731,0.0848,0.3950,-0.1641
0.4798,0.1741,-0.2006,-1.3925,1.5566,-0.0874,0.3287,0.1634,-0.1710,-0.2477,1.3603,1.5754,0.0844,0.4031,-0.1630
0.5098,0.1760,-0.2102,-1.3863,1.5562,-0.0878,0.3482,0.1634,-0.1726,-0.2581,1.3541,1.5769,0.0851,0.4119,-0.1626
0.5398,0.1776,-0.2213,-1.3806,1.5566,-0.0863,0.3597,0.1630,-0.1741,-0.2669,1.3491,1.5808,0.0844,0.4169,-0.1626
0.5698,0.1810,-0.2316,-1.3741,1.5555,-0.0863,0.3747,0.1634,-0.1756,-0.2769,1.3438,1.5854,0.0840,0.4222,-0.1630
0.5999,0.1825,-0.2416,-1.3660,1.5558,-0.0851,0.3881,0.1618,-0.1791,-0.2869,1.3395,1.5896,0.0844,0.4268,-0.1630
0.6299,0.1848,-0.2500,-1.3595,1.5570,-0.0836,0.3965,0.1626,-0.1822,-0.2949,1.3353,1.5969,0.0844,0.4268,-0.1630
0.6599,0.1868,-0.2592,-1.3522,1.5581,-0.0836,0.4023,0.1626,-0.1868,-0.3030,1.3319,1.6038,0.0840,0.4276,-0.1630
0.6898,0.1879,-0.2681,-1.3457,1.5620,-0.0836,0.3988,0.1634,-0.1910,-0.3099,1.3292,1.6118,0.0840,0.4264,-0.1634
0.7198,0.1910,-0.2761,-1.3392,1.5635,-0.0832,0.3992,0.1630,-0.1952,-0.3160,1.3269,1.6199,0.0844,0.4272,-0.1634
0.7497,0.1933,-0.2857,-1.3346,1.5666,-0.0828,0.3985,0.1626,-0.2013,-0.3225,1.3246,1.6287,0.0844,0.4257,-0.1630
0.7797,0.1967,-0.2926,-1.3292,1.5712,-0.0840,0.3985,0.1626,-0.2067,-0.3275,1.3242,1.6375,0.0851,0.4264,-0.1638
0.8098,0.2006,-0.3003,-1.3250,1.5758,-0.0840,0.3992,0.1630,-0.2136,-0.3325,1.3227,1.6471,0.0855,0.4272,-0.1626
0.8398,0.2044,-0.3087,-1.3215,1.5815,-0.0836,0.3996,0.1634,-0.2201,-0.3379,1.3215,1.6586,0.0855,0.4241,-0.1634
0.8698,0.2090,-0.3168,-1.3185,1.5896,-0.0840,0.4004,0.1622,-0.2282,-0.3425,1.3204,1.6686,0.0859,0.4257,-0.1634
0.8999,0.2140,-0.3229,-1.3165,1.5965,-0.0844,0.4008,0.1626,-0.2355,-0.3459,1.3196,1.6797,0.0855,0.4280,-0.1630
0.9302,0.2178,-0.3298,-1.3150,1.6057,-0.0840,0.3996,0.1630,-0.2428,-0.3497,1.3192,1.6897,0.0855,0.4261,-0.1626
0.9599,0.2240,-0.3379,-1.3127,1.6141,-0.0836,0.4000,0.1622,-0.2508,-0.3540,1.3196,1.6997,0.0848,0.4257,-0.1626
0.9899,0.2278,-0.3436,-1.3116,1.6249,-0.0844,0.4004,0.1638,-0.2581,-0.3574,1.3188,1.7100,0.0851,0.4272,-0.1630
1.0198,0.2343,-0.3505,-1.3100,1.6337,-0.0840,0.3992,0.1630,-0.2654,-0.3609,1.3177,1.7184,0.0855,0.4280,-0.1626
1.0498,0.2405,-0.3563,-1.3093,1.6452,-0.0848,0.3992,0.1626,-0.2734,-0.3636,1.3181,1.7280,0.0855,0.4253,-0.1626
1.0798,0.2462,-0.3616,-1.3085,1.6544,-0.0848,0.4015,0.1626,-0.2811,-0.3659,1.3165,1.7342,0.0859,0.4303,-0.1626
1.1097,0.2523,-0.3651,-1.3070,1.6667,-0.0844,0.4019,0.1630,-0.2884,-0.3689,1.3173,1.7411,0.0851,0.4387,-0.1634
1.1398,0.2592,-0.3708,-1.3062,1.6763,-0.0851,0.4103,0.1630,-0.2945,-0.3712,1.3165,1.7487,0.0859,0.4441,-0.1630
1.1698,0.2661,-0.3728,-1.3058,1.6858,-0.0855,0.4176,0.1626,-0.3022,-0.3731,1.3158,1.7564,0.0859,0.4510,-0.1630
1.1998,0.2734,-0.3777,-1.3058,1.6973,-0.0855,0.4234,0.1626,-0.3083,-0.3751,1.3158,1.7622,0.0863,0.4564,-0.1630
1.2302,0.2800,-0.3800,-1.3050,1.7081,-0.0859,0.4326,0.1634,-0.3145,-0.3774,1.3154,1.7683,0.0859,0.4613,-0.1630
1.2598,0.2869,-0.3831,-1.3031,1.7177,-0.0848,0.4391,0.1626,-0.3218,-0.3789,1.3146,1.7744,0.0851,0.4656,-0.1626
1.2900,0.2945,-0.3854,-1.3016,1.7276,-0.0855,0.4464,0.1634,-0.3267,-0.3808,1.3154,1.7790,0.0859,0.4686,-0.1630
1.3197,0.3022,-0.3889,-1.2997,1.7365,-0.0851,0.4518,0.1630,-0.3321,-0.3823,1.3142,1.7840,0.0851,0.4702,-0.1622
1.3497,0.3083,-0.3904,-1.2977,1.7457,-0.0848,0.4541,0.1630,-0.3359,-0.3831,1.3142,1.7886,0.0855,0.4725,-0.1626
1.3797,0.3160,-0.3915,-1.2962,1.7537,-0.0844,0.4564,0.1626,-0.3402,-0.3843,1.3139,1.7928,0.0863,0.4713,-0.1630
1.4098,0.3225,-0.3931,-1.2954,1.7625,-0.0859,0.4544,0.1626,-0.3436,-0.3854,1.3127,1.7963,0.0859,0.4705,-0.1638
1.4398,0.3294,-0.3942,-1.2943,1.7698,-0.0851,0.4548,0.1626,-0.3455,-0.3858,1.3116,1.7982,0.0855,0.4717,-0.1638
1.4698,0.3348,-0.3950,-1.2939,1.7763,-0.0844,0.4552,0.1622,-0.3474,-0.3858,1.3123,1.8009,0.0867,0.4705,-0.1630
1.4998,0.3405,-0.3969,-1.2935,1.7821,-0.0867,0.4560,0.1630,-0.3490,-0.3862,1.3119,1.8047,0.0855,0.4702,-0.1638
1.5303,0.3448,-0.3977,-1.2924,1.7875,-0.0863,0.4556,0.1626,-0.3501,-0.3869,1.3127,1.8059,0.0859,0.4721,-0.1630
1.5599,0.3490,-0.3988,-1.2935,1.7928,-0.0859,0.4552,0.1630,-0.3490,-0.3866,1.3112,1.8089,0.0867,0.4713,-0.1638
1.5898,0.3528,-0.3996,-1.2939,1.7967,-0.0863,0.4560,0.1634,-0.3497,-0.3873,1.3119,1.8105,0.0855,0.4709,-0.1626
1.6197,0.3559,-0.4019,-1.2935,1.8020,-0.0848,0.4541,0.1626,-0.3501,-0.3877,1.3116,1.8105,0.0867,0.4721,-0.1626
1.6497,0.3605,-0.4019,-1.2931,1.8055,-0.0863,0.4567,0.1634,-0.3486,-0.3873,1.3112,1.8109,0.0859,0.4713,-0.1634
1.6798,0.3616,-0.4031,-1.2931,1.8086,-0.0859,0.4571,0.1634,-0.3486,-0.3881,1.3119,1.8086,0.0859,0.4705,-0.1626
1.7098,0.3639,-0.4023,-1.2935,1.8120,-0.0863,0.4564,0.1634,-0.3486,-0.3877,1.3119,1.8086,0.0867,0.4717,-0.1630
1.7398,0.3662,-0.4027,-1.2939,1.8158,-0.0863,0.4533,0.1630,-0.3471,-0.3873,1.3116,1.8086,0.0863,0.4725,-0.1630
1.7698,0.3666,-0.4027,-1.2928,1.8166,-0.0874,0.4625,0.1618,-0.3474,-0.3877,1.3112,1.8063,0.0863,0.4732,-0.1626
1.7999,0.3678,-0.4034,-1.2928,1.8193,-0.0863,0.4625,0.1626,-0.3467,-0.3881,1.3112,1.8051,0.0871,0.4728,-0.1626
1.8299,0.3689,-0.4034,-1.2912,1.8220,-0.0863,0.4648,0.1630,-0.3459,-0.3877,1.3116,1.8005,0.0867,0.4759,-0.1626
1.8599,0.3693,-0.4031,-1.2920,1.8205,-0.0871,0.4686,0.1630,-0.3425,-0.3869,1.3116,1.7963,0.0863,0.4809,-0.1634
1.8898,0.3693,-0.4042,-1.2905,1.8205,-0.0859,0.4679,0.1630,-0.3398,-0.3877,1.3108,1.7928,0.0863,0.4828,-0.1626
1.9197,0.3689,-0.4023,-1.2912,1.8205,-0.0867,0.4682,0.1641,-0.3375,-0.3873,1.3112,1.7882,0.0859,0.4863,-0.1626
1.9497,0.3685,-0.4027,-1.2908,1.8201,-0.0871,0.4682,0.1630,-0.3317,-0.3873,1.3104,1.7821,0.0867,0.4855,-0.1634
1.9797,0.3678,-0.4046,-1.2901,1.8178,-0.0859,0.4682,0.1626,-0.3271,-0.3873,1.3108,1.7767,0.0863,0.4855,-0.1634
2.0097,0.3659,-0.4038,-1.2905,1.8162,-0.0863,0.4709,0.1638,-0.3206,-0.3873,1.3108,1.7694,0.0867,0.4851,-0.1622
2.0398,0.3647,-0.4031,-1.2897,1.8128,-0.0859,0.4755,0.1630,-0.3137,-0.3873,1.3104,1.7602,0.0874,0.4855,-0.1634
2.0698,0.3624,-0.4031,-1.2897,1.8086,-0.0851,0.4748,0.1626,-0.3056,-0.3869,1.3096,1.7518,0.0874,0.4855,-0.1626
2.0999,0.3597,-0.4034,-1.2893,1.8051,-0.0867,0.4763,0.1626,-0.2968,-0.3869,1.3085,1.7422,0.0874,0.4851,-0.1626
2.1303,0.3567,-0.4023,-1.2885,1.7997,-0.0867,0.4775,0.1626,-0.2884,-0.3866,1.3081,1.7315,0.0871,0.4847,-0.1630
2.1599,0.3520,-0.4027,-1.2893,1.7940,-0.0867,0.4771,0.1626,-0.2788,-0.3869,1.3066,1.7211,0.0871,0.4832,-0.1626
2.1900,0.3482,-0.4019,-1.2893,1.7867,-0.0851,0.4771,0.1630,-0.2688,-0.3869,1.3050,1.7092,0.0878,0.4805,-0.1626
2.2197,0.3436,-0.4027,-1.2885,1.7783,-0.0859,0.4786,0.1626,-0.2581,-0.3866,1.3027,1.6985,0.0871,0.4809,-0.1626
2.2497,0.3375,-0.4011,-1.2882,1.7694,-0.0859,0.4794,0.1626,-0.2481,-0.3858,1.2997,1.6839,0.0878,0.4824,-0.1630
2.2797,0.3294,-0.4019,-1.2870,1.7599,-0.0863,0.4805,0.1622,-0.2374,-0.3858,1.2966,1.6728,0.0905,0.4817,-0.1626
2.3098,0.3206,-0.4004,-1.2882,1.7495,-0.0878,0.4801,0.1622,-0.2266,-0.3858,1.2931,1.6590,0.0978,0.4832,-0.1626
2.3398,0.3102,-0.4000,-1.2870,1.7372,-0.0913,0.4817,0.1622,-0.2144,-0.3862,1.2889,1.6460,0.1081,0.4847,-0.1630
2.3698,0.2999,-0.4011,-1.2851,1.7238,-0.0959,0.4805,0.1615,-0.2036,-0.3843,1.2855,1.6310,0.1166,0.4817,-0.1634
2.3998,0.2880,-0.4000,-1.2836,1.7100,-0.1043,0.4790,0.1626,-0.1917,-0.3843,1.2820,1.6164,0.1223,0.4813,-0.1630
2.4300,0.2769,-0.3996,-1.2824,1.6970,-0.1112,0.4801,0.1626,-0.1814,-0.3839,1.2786,1.6015,0.1296,0.4836,-0.1630
2.4597,0.2638,-0.3988,-1.2813,1.6816,-0.1177,0.4786,0.1615,-0.1703,-0.3831,1.2751,1.5865,0.1327,0.4821,-0.1626
2.4898,0.2500,-0.3985,-1.2774,1.6655,-0.1227,0.4778,0.1630,-0.1588,-0.3827,1.2721,1.5719,0.1338,0.4824,-0.1622
2.5198,0.2366,-0.3977,-1.2763,1.6494,-0.1262,0.4786,0.1634,-0.1469,-0.3816,1.2694,1.5555,0.1338,0.4844,-0.1622
2.5497,0.2228,-0.3977,-1.2740,1.6333,-0.1277,0.4794,0.1626,-0.1369,-0.3831,1.2671,1.5413,0.1350,0.4840,-0.1638
2.5797,0.2102,-0.3969,-1.2724,1.6172,-0.1289,0.4782,0.1630,-0.1250,-0.3831,1.2625,1.5252,0.1354,0.4828,-0.1622
2.6098,0.1948,-0.3965,-1.2690,1.6007,-0.1308,0.4786,0.1630,-0.1139,-0.3827,1.2594,1.5110,0.1365,0.4821,-0.1630
2.6398,0.1825,-0.3958,-1.2678,1.5858,-0.1300,0.4798,0.1618,-0.1032,-0.3816,1.2567,1.4968,0.1381,0.4832,-0.1634
2.6697,0.1672,-0.3946,-1.2640,1.5696,-0.1308,0.4809,0.1622,-0.0924,-0.3816,1.2521,1.4814,0.1392,0.4844,-0.1630
2.6998,0.1515,-0.3954,-1.2605,1.5539,-0.1312,0.4805,0.1626,-0.0813,-0.3804,1.2494,1.4673,0.1415,0.4832,-0.1626
2.7300,0.1392,-0.3946,-1.2571,1.5370,-0.1350,0.4817,0.1638,-0.0698,-0.3800,1.2460,1.4527,0.1457,0.4847,-0.1638
2.7599,0.1250,-0.3923,-1.2540,1.5183,-0.1404,0.4821,0.1634,-0.0594,-0.3793,1.2421,1.4366,0.1526,0.4855,-0.1626
2.7898,0.1089,-0.3912,-1.2502,1.4998,-0.1488,0.4821,0.1622,-0.0472,-0.3777,1.2395,1.4193,0.1622,0.4855,-0.1634
2.8200,0.0936,-0.3881,-1.2452,1.4791,-0.1588,0.4824,0.1618,-0.0349,-0.3770,1.2356,1.3990,0.1733,0.4847,-0.1630
2.8497,0.0771,-0.3866,-1.2414,1.4569,-0.1664,0.4840,0.1622,-0.0222,-0.3747,1.2322,1.3771,0.1848,0.4840,-0.1622
2.8797,0.0633,-0.3843,-1.2379,1.4354,-0.1733,0.4863,0.1630,-0.0107,-0.3747,1.2299,1.3564,0.1898,0.4824,-0.1618
2.9097,0.0456,-0.3839,-1.2333,1.4132,-0.1802,0.4905,0.1622,0.0015,-0.3739,1.2291,1.3376,0.1929,0.4798,-0.1626
2.9398,0.0299,-0.3800,-1.2303,1.3929,-0.1845,0.4943,0.1630,0.0127,-0.3731,1.2268,1.3219,0.1944,0.4767,-0.1626
2.9698,0.0161,-0.3781,-1.2260,1.3741,-0.1845,0.4939,0.1630,0.0230,-0.3735,1.2257,1.3093,0.1952,0.4748,-0.1634
2.9998,0.0008,-0.3762,-1.2241,1.3583,-0.1848,0.4943,0.1630,0.0318,-0.3735,1.2245,1.2985,0.1944,0.4744,-0.1622
3.0301,-0.0134,-0.3754,-1.2222,1.3461,-0.1845,0.4936,0.1622,0.0399,-0.3731,1.2241,1.2885,0.1956,0.4736,-0.1626
3.0598,-0.0230,-0.3751,-1.2207,1.3346,-0.1856,0.4939,0.1622,0.0472,-0.3739,1.2241,1.2816,0.1944,0.4744,-0.1626
3.0898,-0.0326,-0.3739,-1.2180,1.3280,-0.1852,0.4939,0.1626,0.0537,-0.3735,1.2249,1.2767,0.1948,0.4740,-0.1630
3.1199,-0.0399,-0.3747,-1.2172,1.3192,-0.1856,0.4955,0.1618,0.0594,-0.3728,1.2241,1.2709,0.1948,0.4744,-0.1626
3.1499,-0.0460,-0.3735,-1.2172,1.3123,-0.1868,0.4951,0.1630,0.0637,-0.3735,1.2245,1.2652,0.1944,0.4744,-0.1634
3.1799,-0.0514,-0.3735,-1.2157,1.3050,-0.1887,0.4962,0.1618,0.0675,-0.3728,1.2241,1.2625,0.1975,0.4755,-0.1626
3.2099,-0.0556,-0.3731,-1.2153,1.2985,-0.1914,0.4962,0.1634,0.0709,-0.3728,1.2230,1.2579,0.1998,0.4767,-0.1626
3.2399,-0.0594,-0.3731,-1.2149,1.2912,-0.1960,0.4966,0.1630,0.0729,-0.3724,1.2241,1.2559,0.2048,0.4778,-0.1622
3.2698,-0.0621,-0.3743,-1.2145,1.2824,-0.2010,0.4974,0.1618,0.0736,-0.3731,1.2218,1.2502,0.2113,0.4805,-0.1618
3.3000,-0.0644,-0.3743,-1.2134,1.2747,-0.2067,0.4997,0.1618,0.0744,-0.3739,1.2226,1.2471,0.2186,0.4790,-0.1622
3.3299,-0.0679,-0.3724,-1.2138,1.2682,-0.2125,0.4989,0.1615,0.0740,-0.3735,1.2222,1.2456,0.2286,0.4794,-0.1626
3.3598,-0.0698,-0.3724,-1.2126,1.2605,-0.2197,0.4993,0.1626,0.0740,-0.3743,1.2207,1.2429,0.2408,0.4771,-0.1622
3.3899,-0.0725,-0.3735,-1.2126,1.2548,-0.2289,0.4989,0.1622,0.0744,-0.3766,1.2207,1.2398,0.2531,0.4778,-0.1622
3.4197,-0.0748,-0.3716,-1.2099,1.2483,-0.2416,0.4989,0.1618,0.0732,-0.3785,1.2195,1.2375,0.2681,0.4755,-0.1634
3.4498,-0.0778,-0.3720,-1.2092,1.2425,-0.2554,0.4966,0.1615,0.0717,-0.3820,1.2180,1.2364,0.2842,0.4763,-0.1626
3.4797,-0.0802,-0.3728,-1.2088,1.2375,-0.2696,0.4959,0.1622,0.0706,-0.3846,1.2180,1.2349,0.3003,0.4763,-0.1622
3.5097,-0.0836,-0.3724,-1.2072,1.2314,-0.2865,0.4955,0.1622,0.0698,-0.3892,1.2168,1.2333,0.3168,0.4759,-0.1626
3.5398,-0.0871,-0.3724,-1.2069,1.2295,-0.3045,0.4916,0.1618,0.0686,-0.3935,1.2164,1.2318,0.3352,0.4744,-0.1634
3.5698,-0.0905,-0.3728,-1.2072,1.2257,-0.3221,0.4893,0.1618,0.0671,-0.3992,1.2161,1.2322,0.3524,0.4752,-0.1626
3.5999,-0.0940,-0.3747,-1.2069,1.2207,-0.3394,0.4851,0.1626,0.0652,-0.4069,1.2153,1.2322,0.3693,0.4755,-0.1630
3.6301,-0.0947,-0.3766,-1.2057,1.2195,-0.3574,0.4817,0.1626,0.0621,-0.4138,1.2153,1.2329,0.3869,0.4759,-0.1630
3.6598,-0.0989,-0.3793,-1.2042,1.2164,-0.3751,0.4778,0.1626,0.0606,-0.4215,1.2145,1.2326,0.4054,0.4755,-0.1618
3.6898,-0.1012,-0.3831,-1.2023,1.2145,-0.3923,0.4748,0.1622,0.0587,-0.4307,1.2149,1.2329,0.4253,0.4740,-0.1626
3.7199,-0.1028,-0.3881,-1.2026,1.2118,-0.4107,0.4709,0.1618,0.0552,-0.4403,1.2141,1.2333,0.4426,0.4721,-0.1622
3.7499,-0.1032,-0.3927,-1.2015,1.2115,-0.4287,0.4663,0.1622,0.0525,-0.4506,1.2149,1.2337,0.4629,0.4682,-0.1622
3.7799,-0.1039,-0.4000,-1.2015,1.2111,-0.4487,0.4613,0.1626,0.0495,-0.4602,1.2149,1.2341,0.4817,0.4656,-0.1626
3.8099,-0.1043,-0.4077,-1.2007,1.2084,-0.4694,0.4636,0.1622,0.0468,-0.4721,1.2153,1.2341,0.5028,0.4613,-0.1638
3.8399,-0.1016,-0.4142,-1.2015,1.2084,-0.4878,0.4613,0.1630,0.0437,-0.4824,1.2149,1.2349,0.5212,0.4617,-0.1622
3.8698,-0.1001,-0.4238,-1.2007,1.2076,-0.5089,0.4625,0.1615,0.0387,-0.4939,1.2157,1.2364,0.5400,0.4625,-0.1626
3.9000,-0.0989,-0.4333,-1.2003,1.2069,-0.5288,0.4613,0.1630,0.0349,-0.5058,1.2145,1.2383,0.5588,0.4633,-0.1622
3.9302,-0.0951,-0.4441,-1.2000,1.2069,-0.5472,0.4617,0.1615,0.0291,-0.5166,1.2153,1.2414,0.5764,0.4644,-0.1634
3.9599,-0.0913,-0.4556,-1.2007,1.2084,-0.5672,0.4598,0.1618,0.0245,-0.5285,1.2164,1.2444,0.5940,0.4656,-0.1626
3.9899,-0.0878,-0.4675,-1.2011,1.2080,-0.5848,0.4602,0.1615,0.0188,-0.5388,1.2180,1.2490,0.6086,0.4675,-0.1622
4.0198,-0.0840,-0.4798,-1.2007,1.2084,-0.6021,0.4575,0.1622,0.0138,-0.5503,1.2184,1.2521,0.6190,0.4663,-0.1626
4.0497,-0.0782,-0.4913,-1.2011,1.2084,-0.6144,0.4564,0.1618,0.0081,-0.5614,1.2184,1.2571,0.6285,0.4663,-0.1622
4.0798,-0.0736,-0.5054,-1.2023,1.2092,-0.6251,0.4560,0.1630,0.0015,-0.5729,1.2180,1.2644,0.6343,0.4644,-0.1622
4.1097,-0.0663,-0.5177,-1.2023,1.2099,-0.6351,0.4567,0.1622,-0.0054,-0.5829,1.2210,1.2709,0.6397,0.4659,-0.1630
4.1398,-0.0594,-0.5315,-1.2026,1.2107,-0.6431,0.4560,0.1618,-0.0123,-0.5925,1.2230,1.2790,0.6450,0.4659,-0.1618
4.1698,-0.0525,-0.5449,-1.2046,1.2164,-0.6473,0.4560,0.1618,-0.0196,-0.6013,1.2260,1.2882,0.6500,0.4656,-0.1622
4.1998,-0.0441,-0.5584,-1.2042,1.2195,-0.6519,0.4564,0.1622,-0.0268,-0.6098,1.2283,1.2985,0.6558,0.4644,-0.1630
4.2300,-0.0360,-0.5714,-1.2046,1.2241,-0.6573,0.4567,0.1618,-0.0357,-0.6190,1.2322,1.3096,0.6631,0.4667,-0.1630
4.2599,-0.0280,-0.5837,-1.2057,1.2303,-0.6638,0.4564,0.1626,-0.0433,-0.6274,1.2360,1.3208,0.6700,0.4663,-0.1618
4.2898,-0.0199,-0.5948,-1.2065,1.2372,-0.6711,0.4564,0.1626,-0.0518,-0.6339,1.2421,1.3330,0.6765,0.4659,-0.1622
4.3198,-0.0077,-0.6059,-1.2088,1.2460,-0.6773,0.4571,0.1622,-0.0610,-0.6408,1.2475,1.3465,0.6822,0.4663,-0.1626
4.3498,0.0008,-0.6155,-1.2122,1.2556,-0.6834,0.4560,0.1626,-0.0709,-0.6466,1.2540,1.3595,0.6868,0.4659,-0.1618
4.3799,0.0111,-0.6251,-1.2164,1.2667,-0.6880,0.4575,0.1622,-0.0813,-0.6519,1.2613,1.3725,0.6903,0.4659,-0.1630
4.4098,0.0215,-0.6339,-1.2203,1.2774,-0.6907,0.4575,0.1626,-0.0913,-0.6577,1.2686,1.3863,0.6926,0.4656,-0.1626
4.4398,0.0307,-0.6412,-1.2253,1.2885,-0.6937,0.4567,0.1622,-0.1024,-0.6623,1.2767,1.4013,0.6941,0.4663,-0.1622
4.4698,0.0418,-0.6493,-1.2299,1.3023,-0.6957,0.4560,0.1622,-0.1135,-0.6661,1.2862,1.4159,0.6964,0.4663,-0.1618
4.4999,0.0522,-0.6562,-1.2372,1.3150,-0.6972,0.4564,0.1622,-0.1262,-0.6703,1.2951,1.4304,0.6995,0.4671,-0.1622
4.5299,0.0629,-0.6611,-1.2437,1.3315,-0.7010,0.4571,0.1622,-0.1377,-0.6757,1.3047,1.4458,0.7037,0.4656,-0.1622
4.5599,0.0740,-0.6661,-1.2525,1.3453,-0.7045,0.4567,0.1618,-0.1507,-0.6792,1.3139,1.4619,0.7072,0.4648,-0.1634
4.5898,0.0851,-0.6715,-1.2602,1.3599,-0.7072,0.4571,0.1626,-0.1645,-0.6822,1.3242,1.4765,0.7106,0.4663,-0.1618
4.6197,0.0970,-0.6757,-1.2686,1.3787,-0.7110,0.4564,0.1618,-0.1791,-0.6853,1.3357,1.4926,0.7152,0.4648,-0.1622
4.6497,0.1104,-0.6796,-1.2770,1.3959,-0.7145,0.4567,0.1622,-0.1937,-0.6876,1.3472,1.5091,0.7183,0.4648,-0.1622
4.6797,0.1227,-0.6834,-1.2870,1.4128,-0.7179,0.4560,0.1622,-0.2098,-0.6911,1.3587,1.5240,0.7214,0.4648,-0.1622
4.7097,0.1361,-0.6876,-1.2966,1.4301,-0.7217,0.4560,0.1622,-0.2259,-0.6926,1.3706,1.5393,0.7252,0.4652,-0.1618
4.7398,0.1496,-0.6911,-1.3073,1.4473,-0.7248,0.4560,0.1618,-0.2420,-0.6949,1.3829,1.5555,0.7279,0.4648,-0.1622
4.7698,0.1634,-0.6941,-1.3181,1.4653,-0.7283,0.4552,0.1626,-0.2589,-0.6980,1.3959,1.5704,0.7298,0.4640,-0.1626
4.7999,0.1783,-0.6972,-1.3292,1.4830,-0.7306,0.4556,0.1618,-0.2761,-0.7010,1.4074,1.5858,0.7309,0.4644,-0.1626
4.8300,0.1937,-0.7010,-1.3411,1.5018,-0.7313,0.4560,0.1626,-0.2922,-0.7033,1.4205,1.6011,0.7317,0.4640,-0.1622
4.8598,0.2098,-0.7052,-1.3537,1.5190,-0.7313,0.4560,0.1618,-0.3102,-0.7064,1.4324,1.6172,0.7309,0.4633,-0.1622
4.8898,0.2263,-0.7091,-1.3652,1.5374,-0.7329,0.4556,0.1615,-0.3294,-0.7087,1.4446,1.6325,0.7317,0.4640,-0.1634
4.9198,0.2424,-0.7125,-1.3775,1.5555,-0.7325,0.4552,0.1626,-0.3463,-0.7106,1.4569,1.6467,0.7317,0.4629,-0.1618
4.9497,0.2592,-0.7168,-1.3902,1.5735,-0.7321,0.4544,0.1618,-0.3624,-0.7133,1.4684,1.6625,0.7317,0.4633,-0.1630
4.9797,0.2773,-0.7202,-1.4032,1.5915,-0.7321,0.4564,0.1630,-0.3793,-0.7164,1.4784,1.6774,0.7325,0.4633,-0.1626
5.0098,0.2961,-0.7244,-1.4162,1.6088,-0.7325,0.4556,0.1622,-0.3958,-0.7183,1.4899,1.6927,0.7336,0.4633,-0.1622
5.0397,0.3145,-0.7275,-1.4293,1.6276,-0.7321,0.4552,0.1622,-0.4126,-0.7206,1.4998,1.7069,0.7329,0.4621,-0.1618
5.0698,0.3336,-0.7306,-1.4435,1.6448,-0.7329,0.4552,0.1622,-0.4284,-0.7229,1.5102,1.7223,0.7336,0.4636,-0.1622
5.0998,0.3524,-0.7348,-1.4573,1.6621,-0.7325,0.4552,0.1622,-0.4437,-0.7240,1.5209,1.7365,0.7336,0.4644,-0.1618
5.1305,0.3728,-0.7375,-1.4684,1.6793,-0.7325,0.4552,0.1615,-0.4598,-0.7267,1.5294,1.7499,0.7340,0.4690,-0.1626
5.1598,0.3915,-0.7409,-1.4807,1.6950,-0.7332,0.4552,0.1630,-0.4732,-0.7279,1.5378,1.7645,0.7340,0.4732,-0.1630
5.1899,0.4096,-0.7440,-1.4937,1.7119,-0.7325,0.4556,0.1630,-0.4878,-0.7294,1.5470,1.7779,0.7340,0.4798,-0.1622
5.2198,0.4280,-0.7463,-1.5056,1.7284,-0.7329,0.4560,0.1622,-0.5024,-0.7298,1.5535,1.7913,0.7340,0.4855,-0.1630
5.2497,0.4449,-0.7501,-1.5175,1.7434,-0.7329,0.4583,0.1618,-0.5139,-0.7306,1.5608,1.8047,0.7336,0.4909,-0.1618
5.2798,0.4629,-0.7517,-1.5278,1.7595,-0.7332,0.4613,0.1615,-0.5269,-0.7313,1.5681,1.8182,0.7336,0.4970,-0.1626
5.3098,0.4775,-0.7540,-1.5382,1.7748,-0.7329,0.4663,0.1618,-0.5392,-0.7309,1.5742,1.8308,0.7336,0.5020,-0.1622
5.3398,0.4924,-0.7559,-1.5474,1.7898,-0.7325,0.4721,0.1626,-0.5503,-0.7309,1.5831,1.8427,0.7332,0.5085,-0.1634
5.3698,0.5077,-0.7570,-1.5589,1.8051,-0.7321,0.4771,0.1626,-0.5634,-0.7325,1.5861,1.8534,0.7344,0.5147,-0.1626
5.3999,0.5231,-0.7586,-1.5689,1.8189,-0.7321,0.4828,0.1618,-0.5752,-0.7336,1.5915,1.8649,0.7336,0.5193,-0.1622
5.4301,0.5361,-0.7597,-1.5758,1.8327,-0.7325,0.4882,0.1622,-0.5875,-0.7332,1.5957,1.8772,0.7340,0.5254,-0.1622
5.4599,0.5503,-0.7609,-1.5842,1.8477,-0.7325,0.4928,0.1622,-0.5986,-0.7340,1.5996,1.8872,0.7332,0.5311,-0.1626
5.4899,0.5622,-0.7620,-1.5915,1.8607,-0.7325,0.4974,0.1622,-0.6098,-0.7336,1.6042,1.8968,0.7332,0.5384,-0.1618
5.5197,0.5749,-0.7624,-1.5988,1.8745,-0.7332,0.5039,0.1622,-0.6209,-0.7340,1.6084,1.9064,0.7332,0.5449,-0.1630
5.5497,0.5867,-0.7624,-1.6068,1.8879,-0.7325,0.5104,0.1618,-0.6328,-0.7344,1.6122,1.9156,0.7317,0.5530,-0.1622
5.5797,0.5994,-0.7632,-1.6126,1.8998,-0.7329,0.5177,0.1626,-0.6431,-0.7352,1.6168,1.9244,0.7302,0.5588,-0.1622
5.6097,0.6113,-0.7635,-1.6199,1.9113,-0.7332,0.5250,0.1626,-0.6535,-0.7348,1.6191,1.9324,0.7275,0.5660,-0.1622
5.6398,0.6224,-0.7651,-1.6260,1.9221,-0.7321,0.5323,0.1607,-0.6638,-0.7348,1.6226,1.9409,0.7248,0.5729,-0.1626
5.6698,0.6351,-0.7658,-1.6302,1.9328,-0.7317,0.5377,0.1630,-0.6730,-0.7355,1.6264,1.9482,0.7229,0.5810,-0.1622
5.6998,0.6462,-0.7674,-1.6360,1.9432,-0.7302,0.5446,0.1618,-0.6838,-0.7363,1.6302,1.9558,0.7217,0.5871,-0.1622
5.7309,0.6577,-0.7704,-1.6414,1.9528,-0.7279,0.5503,0.1618,-0.6930,-0.7382,1.6329,1.9623,0.7217,0.5937,-0.1626
5.7598,0.6684,-0.7731,-1.6467,1.9616,-0.7252,0.5568,0.1622,-0.7022,-0.7394,1.6383,1.9692,0.7179,0.5979,-0.1622
5.7898,0.6803,-0.7750,-1.6517,1.9708,-0.7225,0.5630,0.1630,-0.7110,-0.7413,1.6417,1.9758,0.7129,0.6029,-0.1622
5.8198,0.6899,-0.7739,-1.6578,1.9800,-0.7198,0.5706,0.1618,-0.7198,-0.7421,1.6448,1.9815,0.7083,0.6055,-0.1622
5.8497,0.6999,-0.7727,-1.6632,1.9877,-0.7168,0.5760,0.1622,-0.7271,-0.7409,1.6506,1.9877,0.7041,0.6075,-0.1626
5.8797,0.7098,-0.7727,-1.6701,1.9949,-0.7122,0.5795,0.1622,-0.7344,-0.7394,1.6532,1.9926,0.7010,0.6086,-0.1626
5.9097,0.7194,-0.7720,-1.6736,2.0018,-0.7083,0.5791,0.1618,-0.7413,-0.7398,1.6563,1.9976,0.6968,0.6128,-0.1626
5.9398,0.7283,-0.7712,-1.6778,2.0084,-0.7026,0.5802,0.1618,-0.7474,-0.7398,1.6590,2.0026,0.6918,0.6128,-0.1622
5.9699,0.7375,-0.7712,-1.6812,2.0153,-0.6983,0.5825,0.1622,-0.7540,-0.7394,1.6613,2.0068,0.6880,0.6147,-0.1622
6.0097,0.7470,-0.7712,-1.6862,2.0229,-0.6930,0.5860,0.1618,-0.7597,-0.7386,1.6636,2.0133,0.6834,0.6144,-0.1626
6.0398,0.7547,-0.7708,-1.6889,2.0279,-0.6911,0.5890,0.1618,-0.7643,-0.7378,1.6655,2.0160,0.6815,0.6159,-0.1618
6.0698,0.7620,-0.7701,-1.6931,2.0333,-0.6888,0.5933,0.1634,-0.7681,-0.7367,1.6671,2.0191,0.6807,0.6170,-0.1626
6.0997,0.7689,-0.7697,-1.6970,2.0387,-0.6865,0.5940,0.1622,-0.7708,-0.7371,1.6686,2.0229,0.6784,0.6178,-0.1638
6.1302,0.7754,-0.7685,-1.6989,2.0440,-0.6849,0.5933,0.1618,-0.7731,-0.7371,1.6682,2.0241,0.6792,0.6193,-0.1626
6.1598,0.7812,-0.7689,-1.7000,2.0467,-0.6830,0.5940,0.1622,-0.7743,-0.7367,1.6694,2.0264,0.6784,0.6213,-0.1618
6.1898,0.7858,-0.7689,-1.7020,2.0494,-0.6819,0.5952,0.1630,-0.7773,-0.7359,1.6709,2.0295,0.6780,0.6186,-0.1622
6.2198,0.7904,-0.7678,-1.7043,2.0528,-0.6819,0.5963,0.1618,-0.7781,-0.7348,1.6720,2.0310,0.6773,0.6182,-0.1622
6.2497,0.7938,-0.7662,-1.7058,2.0559,-0.6799,0.5963,0.1630,-0.7789,-0.7344,1.6724,2.0325,0.6784,0.6201,-0.1626
6.2797,0.7969,-0.7662,-1.7058,2.0571,-0.6811,0.5971,0.1615,-0.7789,-0.7336,1.6732,2.0325,0.6780,0.6190,-0.1622
6.3097,0.8015,-0.7655,-1.7081,2.0601,-0.6803,0.5963,0.1622,-0.7789,-0.7332,1.6743,2.0344,0.6773,0.6193,-0.1622
6.3398,0.8027,-0.7632,-1.7092,2.0613,-0.6803,0.5971,0.1626,-0.7785,-0.7325,1.6747,2.0348,0.6750,0.6193,-0.1622
6.3698,0.8050,-0.7616,-1.7089,2.0628,-0.6799,0.5960,0.1630,-0.7781,-0.7313,1.6740,2.0337,0.6707,0.6186,-0.1626
6.3998,0.8061,-0.7612,-1.7092,2.0636,-0.6776,0.5960,0.1622,-0.7785,-0.7321,1.6751,2.0344,0.6654,0.6197,-0.1626
6.4298,0.8076,-0.7586,-1.7104,2.0651,-0.6750,0.5963,0.1630,-0.7781,-0.7309,1.6740,2.0329,0.6585,0.6197,-0.1622
6.4599,0.8084,-0.7566,-1.7115,2.0655,-0.6692,0.5986,0.1618,-0.7777,-0.7313,1.6751,2.0337,0.6519,0.6201,-0.1626
6.4898,0.8092,-0.7547,-1.7123,2.0663,-0.6615,0.5990,0.1622,-0.7789,-0.7294,1.6755,2.0337,0.6424,0.6205,-0.1618
6.5197,0.8096,-0.7536,-1.7119,2.0670,-0.6535,0.6002,0.1615,-0.7781,-0.7279,1.6755,2.0348,0.6320,0.6216,-0.1618
6.5497,0.8111,-0.7517,-1.7131,2.0674,-0.6424,0.6013,0.1618,-0.7781,-0.7260,1.6755,2.0348,0.6213,0.6224,-0.1626
6.5797,0.8115,-0.7493,-1.7115,2.0667,-0.6289,0.6025,0.1622,-0.7773,-0.7237,1.6751,2.0375,0.6082,0.6205,-0.1618
6.6098,0.8111,-0.7478,-1.7127,2.0667,-0.6186,0.6048,0.1618,-0.7785,-0.7214,1.6751,2.0390,0.5952,0.6209,-0.1622
6.6398,0.8103,-0.7451,-1.7127,2.0667,-0.6075,0.6052,0.1622,-0.7770,-0.7179,1.6740,2.0413,0.5806,0.6216,-0.1630
6.6698,0.8099,-0.7428,-1.7131,2.0667,-0.5956,0.6075,0.1626,-0.7773,-0.7133,1.6743,2.0459,0.5653,0.6213,-0.1618
6.6999,0.8103,-0.7382,-1.7135,2.0682,-0.5810,0.6086,0.1618,-0.7773,-0.7079,1.6740,2.0479,0.5480,0.6216,-0.1626
6.7300,0.8096,-0.7340,-1.7131,2.0697,-0.5641,0.6101,0.1622,-0.7770,-0.7029,1.6724,2.0517,0.5311,0.6224,-0.1622
6.7597,0.8092,-0.7290,-1.7138,2.0697,-0.5469,0.6098,0.1618,-0.7762,-0.6968,1.6697,2.0559,0.5139,0.6224,-0.1622
6.7898,0.8092,-0.7233,-1.7138,2.0716,-0.5288,0.6113,0.1618,-0.7770,-0.6907,1.6686,2.0609,0.4966,0.6220,-0.1630
6.8197,0.8088,-0.7171,-1.7131,2.0732,-0.5108,0.6136,0.1611,-0.7770,-0.6822,1.6655,2.0663,0.4798,0.6232,-0.1630
6.8497,0.8080,-0.7102,-1.7127,2.0770,-0.4936,0.6151,0.1618,-0.7770,-0.6734,1.6625,2.0713,0.4613,0.6228,-0.1630
6.8797,0.8076,-0.7041,-1.7127,2.0797,-0.4755,0.6159,0.1626,-0.7770,-0.6646,1.6582,2.0766,0.4426,0.6220,-0.1618
6.9098,0.8061,-0.6960,-1.7123,2.0835,-0.4579,0.6155,0.1622,-0.7773,-0.6542,1.6544,2.0824,0.4245,0.6228,-0.1615
6.9398,0.8050,-0.6880,-1.7115,2.0858,-0.4399,0.6159,0.1626,-0.7773,-0.6435,1.6498,2.0870,0.4054,0.6232,-0.1618
6.9698,0.8034,-0.6803,-1.7089,2.0904,-0.4215,0.6170,0.1611,-0.7781,-0.6332,1.6467,2.0927,0.3858,0.6224,-0.1622
6.9998,0.8034,-0.6723,-1.7069,2.0935,-0.4023,0.6170,0.1626,-0.7789,-0.6216,1.6437,2.0973,0.3674,0.6220,-0.1622
7.0299,0.8011,-0.6627,-1.7054,2.0977,-0.3823,0.6178,0.1626,-0.7804,-0.6098,1.6406,2.1035,0.3467,0.6232,-0.1618
7.0599,0.7996,-0.6531,-1.7031,2.1031,-0.3624,0.6174,0.1615,-0.7819,-0.5979,1.6368,2.1088,0.3233,0.6220,-0.1618
7.0899,0.7988,-0.6420,-1.7000,2.1073,-0.3413,0.6178,0.1615,-0.7839,-0.5852,1.6318,2.1150,0.3003,0.6228,-0.1622
7.1198,0.7984,-0.6320,-1.6977,2.1131,-0.3195,0.6193,0.1611,-0.7854,-0.5737,1.6287,2.1207,0.2777,0.6224,-0.1626
7.1497,0.7969,-0.6205,-1.6943,2.1180,-0.2964,0.6201,0.1630,-0.7885,-0.5618,1.6241,2.1265,0.2550,0.6216,-0.1626
7.1798,0.7965,-0.6086,-1.6908,2.1230,-0.2719,0.6201,0.1615,-0.7912,-0.5492,1.6222,2.1326,0.2332,0.6224,-0.1622
7.2097,0.7958,-0.5960,-1.6866,2.1280,-0.2489,0.6201,0.1622,-0.7950,-0.5365,1.6176,2.1395,0.2094,0.6220,-0.1622
7.2398,0.7958,-0.5841,-1.6812,2.1345,-0.2266,0.6224,0.1615,-0.7988,-0.5254,1.6137,2.1460,0.1868,0.6224,-0.1618
7.2698,0.7965,-0.5710,-1.6770,2.1403,-0.2048,0.6239,0.1618,-0.8027,-0.5139,1.6091,2.1514,0.1645,0.6213,-0.1626
7.2998,0.7973,-0.5580,-1.6740,2.1464,-0.1814,0.6232,0.1618,-0.8076,-0.5028,1.6057,2.1591,0.1450,0.6220,-0.1622
7.3300,0.7981,-0.5446,-1.6682,2.1526,-0.1584,0.6243,0.1622,-0.8122,-0.4905,1.6022,2.1652,0.1243,0.6213,-0.1618
7.3599,0.7981,-0.5311,-1.6613,2.1583,-0.1377,0.6236,0.1618,-0.8168,-0.4794,1.5980,2.1721,0.1074,0.6220,-0.1615
7.3900,0.7992,-0.5181,-1.6578,2.1648,-0.1197,0.6224,0.1622,-0.8222,-0.4679,1.5942,2.1798,0.0905,0.6232,-0.1630
7.4198,0.8027,-0.5039,-1.6525,2.1710,-0.1032,0.6228,0.1618,-0.8272,-0.4567,1.5896,2.1852,0.0763,0.6270,-0.1630
7.4497,0.8034,-0.4901,-1.6479,2.1783,-0.0878,0.6236,0.1618,-0.8314,-0.4475,1.5873,2.1917,0.0637,0.6312,-0.1618
7.4797,0.8069,-0.4778,-1.6440,2.1844,-0.0736,0.6232,0.1622,-0.8368,-0.4372,1.5831,2.1970,0.0522,0.6362,-0.1618
7.5098,0.8096,-0.4640,-1.6387,2.1898,-0.0606,0.6255,0.1618,-0.8410,-0.4280,1.5792,2.2020,0.0433,0.6427,-0.1618
7.5399,0.8122,-0.4529,-1.6333,2.1963,-0.0487,0.6285,0.1626,-0.8468,-0.4184,1.5754,2.2066,0.0357,0.6489,-0.1618
7.5698,0.8172,-0.4403,-1.6287,2.2020,-0.0403,0.6335,0.1626,-0.8517,-0.4100,1.5727,2.2120,0.0288,0.6558,-0.1611
7.5998,0.8222,-0.4291,-1.6233,2.2070,-0.0334,0.6397,0.1622,-0.8567,-0.4019,1.5696,2.2166,0.0219,0.6623,-0.1626
7.6301,0.8272,-0.4176,-1.6183,2.2135,-0.0257,0.6462,0.1611,-0.8617,-0.3942,1.5673,2.2197,0.0134,0.6692,-0.1611
7.6598,0.8322,-0.4069,-1.6141,2.2174,-0.0188,0.6550,0.1630,-0.8655,-0.3858,1.5647,2.2227,0.0054,0.6784,-0.1626
7.6898,0.8372,-0.3965,-1.6107,2.2231,-0.0115,0.6627,0.1622,-0.8713,-0.3789,1.5631,2.2262,-0.0035,0.6853,-0.1615
7.7197,0.8422,-0.3866,-1.6057,2.2270,-0.0038,0.6692,0.1622,-0.8778,-0.3720,1.5597,2.2289,-0.0123,0.6941,-0.1622
7.7497,0.8494,-0.3770,-1.6030,2.2327,0.0050,0.6780,0.1630,-0.8824,-0.3674,1.5581,2.2323,-0.0226,0.7003,-0.1622
7.7797,0.8544,-0.3685,-1.5976,2.2369,0.0127,0.6834,0.1626,-0.8886,-0.3636,1.5562,2.2358,-0.0291,0.7087,-0.1618
7.8098,0.8609,-0.3613,-1.5942,2.2400,0.0215,0.6895,0.1618,-0.8928,-0.3582,1.5555,2.2381,-0.0380,0.7141,-0.1622
7.8398,0.8671,-0.3536,-1.5923,2.2442,0.0291,0.6937,0.1618,-0.8974,-0.3551,1.5535,2.2415,-0.0460,0.7202,-0.1618
7.8698,0.8725,-0.3455,-1.5896,2.2480,0.0368,0.6995,0.1611,-0.9031,-0.3520,1.5512,2.2442,-0.0533,0.7267,-0.1618
7.8998,0.8782,-0.3386,-1.5858,2.2515,0.0445,0.7052,0.1618,-0.9081,-0.3494,1.5505,2.2469,-0.0617,0.7302,-0.1618
7.9300,0.8836,-0.3325,-1.5831,2.2550,0.0537,0.7091,0.1611,-0.9135,-0.3463,1.5470,2.2500,-0.0709,0.7348,-0.1615
7.9598,0.8897,-0.3275,-1.5800,2.2584,0.0617,0.7148,0.1626,-0.9181,-0.3444,1.5451,2.2530,-0.0782,0.7386,-0.1622
7.9898,0.8947,-0.3229,-1.5769,2.2619,0.0694,0.7183,0.1615,-0.9223,-0.3413,1.5424,2.2561,-0.0848,0.7421,-0.1626
8.0197,0.9001,-0.3179,-1.5750,2.2653,0.0767,0.7221,0.1630,-0.9265,-0.3398,1.5413,2.2596,-0.0897,0.7455,-0.1626
8.0497,0.9054,-0.3152,-1.5723,2.2691,0.0832,0.7229,0.1618,-0.9311,-0.3379,1.5382,2.2634,-0.0955,0.7447,-0.1622
8.0797,0.9104,-0.3110,-1.5696,2.2726,0.0878,0.7263,0.1618,-0.9350,-0.3356,1.5347,2.2668,-0.0997,0.7455,-0.1615
8.1098,0.9150,-0.3087,-1.5670,2.2760,0.0917,0.7271,0.1622,-0.9388,-0.3336,1.5317,2.2703,-0.1012,0.7451,-0.1626
8.1398,0.9200,-0.3076,-1.5643,2.2791,0.0970,0.7271,0.1615,-0.9415,-0.3321,1.5278,2.2734,-0.1043,0.7474,-0.1626
8.1698,0.9242,-0.3049,-1.5593,2.2829,0.1005,0.7275,0.1615,-0.9438,-0.3294,1.5252,2.2772,-0.1185,0.7455,-0.1622
8.1998,0.9284,-0.3033,-1.5558,2.2856,0.1058,0.7279,0.1611,-0.9461,-0.3267,1.5232,2.2806,-0.1281,0.7459,-0.1618
8.2300,0.9330,-0.3007,-1.5535,2.2887,0.1131,0.7290,0.1618,-0.9488,-0.3237,1.5186,2.2833,-0.1381,0.7463,-0.1622
8.2599,0.9365,-0.2987,-1.5516,2.2933,0.1204,0.7275,0.1626,-0.9503,-0.3210,1.5140,2.2868,-0.1488,0.7455,-0.1618
8.2898,0.9392,-0.2961,-1.5470,2.2964,0.1296,0.7283,0.1622,-0.9511,-0.3168,1.5110,2.2898,-0.1568,0.7444,-0.1622
8.3199,0.9434,-0.2938,-1.5432,2.3006,0.1381,0.7302,0.1618,-0.9518,-0.3133,1.5064,2.2933,-0.1661,0.7432,-0.1618
8.3497,0.9457,-0.2911,-1.5397,2.3037,0.1465,0.7283,0.1626,-0.9526,-0.3099,1.5041,2.2968,-0.1756,0.7417,-0.1618
8.3798,0.9488,-0.2884,-1.5363,2.3063,0.1565,0.7294,0.1611,-0.9526,-0.3053,1.5002,2.3002,-0.1871,0.7386,-0.1615
8.4098,0.9511,-0.2853,-1.5317,2.3102,0.1668,0.7298,0.1622,-0.9538,-0.3014,1.4933,2.3033,-0.1971,0.7375,-0.1615
8.4398,0.9549,-0.2826,-1.5278,2.3129,0.1760,0.7294,0.1615,-0.9545,-0.2964,1.4906,2.3067,-0.2075,0.7348,-0.1630
8.4699,0.9572,-0.2777,-1.5229,2.3163,0.1883,0.7283,0.1607,-0.9549,-0.2926,1.4860,2.3086,-0.2128,0.7352,-0.1611
8.4998,0.9591,-0.2727,-1.5186,2.3194,0.2010,0.7279,0.1607,-0.9545,-0.2869,1.4811,2.3113,-0.2182,0.7332,-0.1611
8.5298,0.9614,-0.2700,-1.5133,2.3221,0.2113,0.7260,0.1626,-0.9553,-0.2819,1.4788,2.3136,-0.2224,0.7290,-0.1626
8.5599,0.9641,-0.2658,-1.5087,2.3240,0.2182,0.7240,0.1615,-0.9545,-0.2773,1.4738,2.3155,-0.2259,0.7248,-0.1622
8.5899,0.9668,-0.2615,-1.5045,2.3267,0.2190,0.7229,0.1611,-0.9545,-0.2719,1.4699,2.3178,-0.2309,0.7214,-0.1615
8.6199,0.9683,-0.2569,-1.4983,2.3278,0.2190,0.7206,0.1630,-0.9549,-0.2658,1.4673,2.3194,-0.2374,0.7198,-0.1615
8.6499,0.9699,-0.2523,-1.4929,2.3297,0.2213,0.7187,0.1622,-0.9553,-0.2615,1.4642,2.3209,-0.2454,0.7168,-0.1626
8.6799,0.9710,-0.2481,-1.4903,2.3332,0.2278,0.7175,0.1622,-0.9557,-0.2573,1.4611,2.3217,-0.2546,0.7171,-0.1618
8.7099,0.9729,-0.2447,-1.4841,2.3355,0.2366,0.7191,0.1630,-0.9557,-0.2535,1.4592,2.3228,-0.2638,0.7168,-0.1622
8.7399,0.9748,-0.2389,-1.4795,2.3378,0.2458,0.7175,0.1615,-0.9553,-0.2500,1.4557,2.3251,-0.2711,0.7175,-0.1622
8.7698,0.9764,-0.2351,-1.4753,2.3389,0.2554,0.7156,0.1618,-0.9572,-0.2462,1.4527,2.3259,-0.2815,0.7179,-0.1618
8.7999,0.9779,-0.2312,-1.4715,2.3405,0.2658,0.7137,0.1615,-0.9576,-0.2428,1.4504,2.3278,-0.2892,0.7179,-0.1618
8.8302,0.9791,-0.2278,-1.4676,2.3409,0.2773,0.7133,0.1618,-0.9587,-0.2405,1.4477,2.3297,-0.2968,0.7183,-0.1615
8.8598,0.9798,-0.2224,-1.4634,2.3424,0.2838,0.7129,0.1618,-0.9595,-0.2401,1.4446,2.3305,-0.3033,0.7183,-0.1618
8.8898,0.9802,-0.2186,-1.4607,2.3443,0.2918,0.7129,0.1618,-0.9607,-0.2370,1.4416,2.3332,-0.3087,0.7183,-0.1622
8.9199,0.9810,-0.2155,-1.4569,2.3466,0.2976,0.7137,0.1615,-0.9622,-0.2374,1.4393,2.3347,-0.3160,0.7175,-0.1618
8.9498,0.9821,-0.2125,-1.4534,2.3485,0.3033,0.7129,0.1618,-0.9633,-0.2355,1.4370,2.3366,-0.3214,0.7175,-0.1626
8.9799,0.9825,-0.2098,-1.4492,2.3497,0.3072,0.7133,0.1618,-0.9641,-0.2351,1.4335,2.3386,-0.3287,0.7175,-0.1615
9.0097,0.9821,-0.2082,-1.4462,2.3508,0.3133,0.7129,0.1611,-0.9656,-0.2339,1.4304,2.3416,-0.3379,0.7164,-0.1615
9.0398,0.9833,-0.2059,-1.4454,2.3527,0.3233,0.7118,0.1615,-0.9668,-0.2335,1.4262,2.3432,-0.3451,0.7175,-0.1626
9.0698,0.9825,-0.2040,-1.4439,2.3550,0.3382,0.7110,0.1618,-0.9672,-0.2332,1.4235,2.3458,-0.3547,0.7168,-0.1618
9.0999,0.9825,-0.2036,-1.4377,2.3554,0.3501,0.7118,0.1618,-0.9676,-0.2328,1.4201,2.3470,-0.3639,0.7175,-0.1626
9.1300,0.9829,-0.2025,-1.4339,2.3566,0.3628,0.7122,0.1626,-0.9687,-0.2316,1.4162,2.3497,-0.3739,0.7168,-0.1618
9.1600,0.9833,-0.2021,-1.4289,2.3566,0.3754,0.7164,0.1622,-0.9691,-0.2324,1.4109,2.3520,-0.3839,0.7175,-0.1618
9.1899,0.9837,-0.2017,-1.4255,2.3562,0.3850,0.7206,0.1615,-0.9699,-0.2324,1.4059,2.3535,-0.3923,0.7183,-0.1615
9.2199,0.9848,-0.2021,-1.4212,2.3562,0.3912,0.7260,0.1618,-0.9691,-0.2320,1.4017,2.3547,-0.4038,0.7210,-0.1618
9.2499,0.9860,-0.2017,-1.4162,2.3600,0.4027,0.7302,0.1618,-0.9691,-0.2312,1.3959,2.3558,-0.4134,0.7191,-0.1618
9.2797,0.9871,-0.2010,-1.4105,2.3627,0.4146,0.7321,0.1626,-0.9695,-0.2305,1.3902,2.3573,-0.4261,0.7202,-0.1622
9.3097,0.9887,-0.2013,-1.4040,2.3665,0.4241,0.7348,0.1615,-0.9695,-0.2305,1.3860,2.3577,-0.4403,0.7237,-0.1618
9.3398,0.9894,-0.2010,-1.3986,2.3692,0.4422,0.7390,0.1622,-0.9699,-0.2289,1.3802,2.3589,-0.4529,0.7294,-0.1618
9.3698,0.9917,-0.2021,-1.3925,2.3723,0.4571,0.7409,0.1618,-0.9710,-0.2274,1.3733,2.3596,-0.4694,0.7371,-0.1615
9.3999,0.9933,-0.2025,-1.3825,2.3735,0.4694,0.7455,0.1618,-0.9702,-0.2251,1.3672,2.3616,-0.4932,0.7432,-0.1618
9.4301,0.9948,-0.2013,-1.3756,2.3765,0.4809,0.7501,0.1622,-0.9714,-0.2224,1.3610,2.3654,-0.5166,0.7478,-0.1618
9.4599,0.9975,-0.2013,-1.3683,2.3792,0.4951,0.7555,0.1615,-0.9706,-0.2197,1.3526,2.3677,-0.5273,0.7486,-0.1615
9.4899,0.9986,-0.2013,-1.3614,2.3842,0.5085,0.7605,0.1615,-0.9714,-0.2155,1.3449,2.3715,-0.5434,0.7482,-0.1622
9.5198,1.0005,-0.2029,-1.3545,2.3888,0.5246,0.7632,0.1615,-0.9710,-0.2098,1.3392,2.3761,-0.5580,0.7478,-0.1615
9.5497,1.0021,-0.2017,-1.3468,2.3942,0.5423,0.7647,0.1611,-0.9699,-0.2029,1.3330,2.3773,-0.5699,0.7470,-0.1622
9.5799,1.0032,-0.1998,-1.3407,2.3995,0.5626,0.7658,0.1618,-0.9691,-0.1956,1.3250,2.3781,-0.5921,0.7413,-0.1622
9.6097,1.0036,-0.1983,-1.3338,2.4045,0.5814,0.7655,0.1626,-0.9676,-0.1883,1.3181,2.3784,-0.6174,0.7340,-0.1618
9.6398,1.0028,-0.1948,-1.3269,2.4060,0.5998,0.7681,0.1618,-0.9641,-0.1799,1.3089,2.3765,-0.6393,0.7275,-0.1618
9.6698,1.0025,-0.1902,-1.3200,2.4080,0.6186,0.7643,0.1615,-0.9607,-0.1707,1.3008,2.3750,-0.6657,0.7240,-0.1626
9.6998,1.0013,-0.1852,-1.3123,2.4083,0.6416,0.7551,0.1603,-0.9564,-0.1615,1.2920,2.3746,-0.6895,0.7168,-0.1615
9.7302,0.9990,-0.1783,-1.3043,2.4107,0.6654,0.7474,0.1615,-0.9522,-0.1522,1.2805,2.3746,-0.7129,0.7041,-0.1618
9.7598,0.9963,-0.1714,-1.2970,2.4095,0.6930,0.7390,0.1615,-0.9468,-0.1434,1.2705,2.3727,-0.7367,0.6972,-0.1618
9.7897,0.9929,-0.1638,-1.2885,2.4087,0.7198,0.7286,0.1615,-0.9407,-0.1335,1.2609,2.3704,-0.7574,0.6891,-0.1618
9.8198,0.9906,-0.1557,-1.2805,2.4064,0.7455,0.7164,0.1615,-0.9342,-0.1243,1.2498,2.3681,-0.7793,0.6815,-0.1634
9.8499,0.9852,-0.1473,-1.2721,2.4057,0.7678,0.7072,0.1607,-0.9261,-0.1135,1.2391,2.3646,-0.8019,0.6753,-0.1611
9.8798,0.9798,-0.1381,-1.2632,2.4018,0.7908,0.6999,0.1603,-0.9181,-0.1035,1.2283,2.3585,-0.8180,0.6703,-0.1615
9.9098,0.9741,-0.1289,-1.2540,2.3976,0.8115,0.6957,0.1611,-0.9097,-0.0940,1.2191,2.3516,-0.8368,0.6638,-0.1611
9.9398,0.9687,-0.1204,-1.2444,2.3938,0.8303,0.6888,0.1615,-0.9008,-0.0844,1.2069,2.3443,-0.8544,0.6596,-0.1618
9.9698,0.9607,-0.1097,-1.2341,2.3861,0.8475,0.6845,0.1615,-0.8920,-0.0748,1.1977,2.3355,-0.8690,0.6558,-0.1622
9.9998,0.9522,-0.1001,-1.2245,2.3788,0.8625,0.6799,0.1611,-0.8836,-0.0660,1.1873,2.3278,-0.8874,0.6481,-0.1615
10.0301,0.9445,-0.0901,-1.2145,2.3715,0.8797,0.6730,0.1611,-0.8755,-0.0575,1.1769,2.3201,-0.9016,0.6435,-0.1618
10.0599,0.9369,-0.0817,-1.2061,2.3658,0.8981,0.6631,0.1615,-0.8655,-0.0483,1.1670,2.3140,-0.9181,0.6393,-0.1615
10.0899,0.9288,-0.0717,-1.1961,2.3596,0.9169,0.6608,0.1607,-0.8579,-0.0410,1.1570,2.3075,-0.9327,0.6335,-0.1622
10.1197,0.9192,-0.0633,-1.1865,2.3527,0.9346,0.6581,0.1607,-0.8487,-0.0322,1.1470,2.2987,-0.9476,0.6305,-0.1618
10.1497,0.9097,-0.0552,-1.1769,2.3466,0.9484,0.6539,0.1615,-0.8391,-0.0253,1.1386,2.2906,-0.9595,0.6274,-0.1615
10.1797,0.9008,-0.0460,-1.1654,2.3401,0.9610,0.6508,0.1615,-0.8303,-0.0176,1.1286,2.2814,-0.9710,0.6224,-0.1615
10.2098,0.8912,-0.0376,-1.1559,2.3320,0.9725,0.6454,0.1607,-0.8207,-0.0104,1.1190,2.2714,-0.9817,0.6163,-0.1611
10.2398,0.8809,-0.0291,-1.1470,2.3224,0.9829,0.6397,0.1611,-0.8111,-0.0038,1.1091,2.2619,-0.9921,0.6098,-0.1626
10.2698,0.8725,-0.0211,-1.1374,2.3144,0.9940,0.6324,0.1618,-0.8019,0.0023,1.0995,2.2530,-1.0025,0.6036,-0.1618
10.2998,0.8613,-0.0130,-1.1279,2.3060,1.0051,0.6255,0.1618,-0.7923,0.0088,1.0907,2.2438,-1.0113,0.5971,-0.1622
10.3302,0.8510,-0.0058,-1.1183,2.2960,1.0151,0.6201,0.1618,-0.7842,0.0150,1.0822,2.2346,-1.0220,0.5917,-0.1615
10.3598,0.8399,0.0019,-1.1083,2.2864,1.0255,0.6151,0.1615,-0.7739,0.0199,1.0723,2.2254,-1.0297,0.5837,-0.1618
10.3898,0.8295,0.0088,-1.0991,2.2772,1.0354,0.6078,0.1607,-0.7655,0.0253,1.0638,2.2139,-1.0381,0.5768,-0.1618
10.4197,0.8188,0.0161,-1.0907,2.2676,1.0446,0.6002,0.1607,-0.7551,0.0311,1.0538,2.2036,-1.0458,0.5706,-0.1618
10.4498,0.8073,0.0230,-1.0807,2.2573,1.0535,0.5933,0.1607,-0.7467,0.0372,1.0450,2.1936,-1.0542,0.5641,-0.1622
10.4797,0.7973,0.0299,-1.0719,2.2469,1.0596,0.5848,0.1615,-0.7363,0.0410,1.0351,2.1844,-1.0596,0.5576,-0.1622
10.5098,0.7858,0.0364,-1.0619,2.2365,1.0661,0.5798,0.1611,-0.7267,0.0468,1.0258,2.1740,-1.0665,0.5503,-0.1630
10.5398,0.7747,0.0426,-1.0527,2.2254,1.0726,0.5741,0.1622,-0.7164,0.0510,1.0166,2.1633,-1.0707,0.5426,-0.1622
10.5698,0.7624,0.0487,-1.0439,2.2151,1.0795,0.5668,0.1618,-0.7068,0.0556,1.0067,2.1549,-1.0761,0.5342,-0.1618
10.5999,0.7509,0.0541,-1.0351,2.2032,1.0857,0.5591,0.1611,-0.6976,0.0598,0.9967,2.1445,-1.0803,0.5265,-0.1615
10.6300,0.7409,0.0591,-1.0270,2.1913,1.0907,0.5507,0.1615,-0.6880,0.0633,0.9867,2.1349,-1.0841,0.5189,-0.1618
10.6599,0.7298,0.0644,-1.0166,2.1813,1.0972,0.5415,0.1615,-0.6784,0.0667,0.9768,2.1246,-1.0884,0.5131,-0.1630
10.6901,0.7187,0.0686,-1.0074,2.1717,1.1014,0.5346,0.1615,-0.6696,0.0713,0.9672,2.1165,-1.0945,0.5066,-0.1618
10.7198,0.7079,0.0725,-0.9979,2.1606,1.1068,0.5262,0.1615,-0.6608,0.0759,0.9576,2.1062,-1.0987,0.4978,-0.1618
10.7497,0.6964,0.0771,-0.9883,2.1499,1.1110,0.5177,0.1607,-0.6516,0.0802,0.9472,2.0977,-1.1056,0.4882,-0.1615
10.7797,0.6853,0.0813,-0.9798,2.1391,1.1164,0.5081,0.1611,-0.6431,0.0832,0.9365,2.0874,-1.1110,0.4813,-0.1634
10.8098,0.6734,0.0859,-0.9702,2.1284,1.1187,0.5008,0.1611,-0.6347,0.0874,0.9261,2.0774,-1.1152,0.4740,-0.1626
10.8398,0.6634,0.0901,-0.9614,2.1180,1.1206,0.4920,0.1611,-0.6251,0.0909,0.9154,2.0667,-1.1198,0.4671,-0.1626
10.8698,0.6527,0.0943,-0.9518,2.1073,1.1229,0.4859,0.1615,-0.6159,0.0966,0.9058,2.0563,-1.1229,0.4613,-0.1615
10.8998,0.6420,0.0982,-0.9415,2.0977,1.1233,0.4771,0.1607,-0.6082,0.1020,0.8955,2.0456,-1.1244,0.4564,-0.1622
10.9302,0.6324,0.1035,-0.9315,2.0870,1.1256,0.4705,0.1615,-0.5998,0.1070,0.8863,2.0360,-1.1267,0.4487,-0.1626
10.9599,0.6220,0.1089,-0.9215,2.0759,1.1263,0.4648,0.1615,-0.5906,0.1124,0.8759,2.0256,-1.1282,0.4414,-0.1630
10.9898,0.6128,0.1131,-0.9120,2.0644,1.1271,0.4567,0.1611,-0.5818,0.1181,0.8663,2.0145,-1.1275,0.4337,-0.1622
11.0198,0.6032,0.1181,-0.9020,2.0536,1.1302,0.4487,0.1603,-0.5733,0.1246,0.8583,2.0030,-1.1282,0.4253,-0.1618
11.0498,0.5937,0.1231,-0.8924,2.0433,1.1321,0.4406,0.1611,-0.5645,0.1312,0.8506,1.9938,-1.1294,0.4161,-0.1618
11.0797,0.5837,0.1292,-0.8836,2.0302,1.1336,0.4326,0.1611,-0.5557,0.1381,0.8429,1.9823,-1.1298,0.4050,-0.1622
11.1097,0.5745,0.1342,-0.8755,2.0203,1.1348,0.4234,0.1615,-0.5472,0.1457,0.8368,1.9719,-1.1305,0.3954,-0.1615
11.1398,0.5657,0.1396,-0.8690,2.0087,1.1348,0.4165,0.1611,-0.5400,0.1522,0.8303,1.9608,-1.1302,0.3919,-0.1615
11.1699,0.5568,0.1465,-0.8617,1.9988,1.1348,0.4092,0.1615,-0.5315,0.1595,0.8257,1.9512,-1.1302,0.3877,-0.1615
11.1999,0.5480,0.1522,-0.8548,1.9877,1.1351,0.4027,0.1615,-0.5235,0.1676,0.8203,1.9405,-1.1302,0.3858,-0.1630
11.2300,0.5388,0.1603,-0.8483,1.9754,1.1355,0.3950,0.1611,-0.5173,0.1756,0.8157,1.9309,-1.1298,0.3831,-0.1615
11.2599,0.5296,0.1664,-0.8425,1.9654,1.1355,0.3866,0.1618,-0.5097,0.1825,0.8111,1.9225,-1.1298,0.3804,-0.1622
11.2898,0.5204,0.1733,-0.8379,1.9547,1.1359,0.3789,0.1615,-0.5035,0.1902,0.8073,1.9133,-1.1294,0.3774,-0.1622
11.3198,0.5127,0.1810,-0.8341,1.9439,1.1367,0.3708,0.1615,-0.4982,0.1979,0.8038,1.9060,-1.1298,0.3754,-0.1626
11.3497,0.5043,0.1879,-0.8303,1.9343,1.1359,0.3616,0.1611,-0.4943,0.2048,0.8019,1.8979,-1.1298,0.3739,-0.1618
11.3797,0.4959,0.1960,-0.8268,1.9236,1.1367,0.3593,0.1607,-0.4897,0.2121,0.7996,1.8906,-1.1298,0.3728,-0.1626
11.4098,0.4886,0.2033,-0.8234,1.9136,1.1371,0.3601,0.1615,-0.4840,0.2197,0.7977,1.8845,-1.1302,0.3712,-0.1618
11.4398,0.4817,0.2105,-0.8203,1.9052,1.1397,0.3601,0.1618,-0.4813,0.2259,0.7961,1.8799,-1.1294,0.3693,-0.1622
11.4698,0.4755,0.2174,-0.8180,1.8983,1.1447,0.3601,0.1607,-0.4782,0.2324,0.7946,1.8730,-1.1294,0.3689,-0.1622
11.4998,0.4690,0.2255,-0.8153,1.8883,1.1459,0.3593,0.1607,-0.4767,0.2374,0.7950,1.8688,-1.1294,0.3689,-0.1615
11.5300,0.4633,0.2324,-0.8130,1.8822,1.1459,0.3590,0.1618,-0.4755,0.2428,0.7927,1.8642,-1.1298,0.3685,-0.1622
11.5599,0.4579,0.2378,-0.8119,1.8745,1.1463,0.3590,0.1607,-0.4740,0.2477,0.7931,1.8619,-1.1294,0.3685,-0.1618
11.5899,0.4544,0.2443,-0.8099,1.8699,1.1459,0.3578,0.1615,-0.4740,0.2508,0.7919,1.8584,-1.1294,0.3685,-0.1618
11.6198,0.4502,0.2504,-0.8092,1.8638,1.1451,0.3578,0.1611,-0.4740,0.2539,0.7915,1.8550,-1.1302,0.3693,-0.1618
11.6497,0.4479,0.2558,-0.8073,1.8588,1.1409,0.3578,0.1615,-0.4736,0.2573,0.7915,1.8530,-1.1302,0.3685,-0.1622
11.6798,0.4460,0.2619,-0.8065,1.8542,1.1401,0.3570,0.1618,-0.4740,0.2596,0.7915,1.8504,-1.1298,0.3670,-0.1618
11.7098,0.4437,0.2665,-0.8061,1.8500,1.1386,0.3540,0.1603,-0.4740,0.2612,0.7915,1.8484,-1.1298,0.3655,-0.1622
11.7398,0.4429,0.2719,-0.8053,1.8473,1.1386,0.3490,0.1615,-0.4728,0.2612,0.7900,1.8473,-1.1298,0.3628,-0.1611
11.7698,0.4414,0.2753,-0.8046,1.8438,1.1386,0.3459,0.1615,-0.4744,0.2619,0.7896,1.8458,-1.1290,0.3601,-0.1622
11.8000,0.4418,0.2788,-0.8042,1.8404,1.1390,0.3444,0.1603,-0.4748,0.2623,0.7900,1.8450,-1.1294,0.3582,-0.1626
11.8300,0.4406,0.2815,-0.8038,1.8385,1.1386,0.3448,0.1615,-0.4728,0.2623,0.7904,1.8450,-1.1305,0.3582,-0.1615
11.8599,0.4406,0.2826,-0.8034,1.8369,1.1386,0.3459,0.1607,-0.4740,0.2623,0.7900,1.8450,-1.1298,0.3574,-0.1626
11.8898,0.4406,0.2849,-0.8034,1.8354,1.1386,0.3459,0.1611,-0.4740,0.2623,0.7904,1.8461,-1.1294,0.3555,-0.1622
11.9197,0.4410,0.2861,-0.8030,1.8339,1.1382,0.3451,0.1615,-0.4744,0.2623,0.7904,1.8458,-1.1298,0.3559,-0.1630
11.9497,0.4410,0.2880,-0.8027,1.8327,1.1390,0.3436,0.1615,-0.4748,0.2631,0.7896,1.8458,-1.1294,0.3543,-0.1615
11.9898,0.4418,0.2884,-0.8023,1.8312,1.1386,0.3451,0.1611,-0.4740,0.2623,0.7904,1.8461,-1.1298,0.3559,-0.1618
