time,left_s0,left_s1,left_e0,left_e1,left_w0,left_w1,left_w2,right_s0,right_s1,right_e0,right_e1,right_w0,right_w1,right_w2
0.0000,0.1645,-0.1081,-1.4235,1.5742,-0.0909,0.1937,0.1618,-0.1649,-0.1108,1.4228,1.5731,0.0897,0.1994,-0.1618
0.0200,0.1645,-0.1078,-1.4239,1.5739,-0.0897,0.1937,0.1615,-0.1649,-0.1124,1.4212,1.5731,0.0894,0.1990,-0.1618
0.0501,0.1649,-0.1078,-1.4235,1.5731,-0.0901,0.1933,0.1630,-0.1645,-0.1162,1.4185,1.5731,0.0890,0.2002,-0.1618
0.0806,0.1653,-0.1078,-1.4235,1.5735,-0.0913,0.1940,0.1615,-0.1653,-0.1200,1.4162,1.5731,0.0890,0.2002,-0.1615
0.1101,0.1649,-0.1085,-1.4239,1.5742,-0.0897,0.1952,0.1615,-0.1653,-0.1289,1.4101,1.5742,0.0890,0.2033,-0.1618
0.1402,0.1653,-0.1108,-1.4232,1.5735,-0.0890,0.1960,0.1622,-0.1661,-0.1361,1.4078,1.5742,0.0890,0.2044,-0.1618
0.1700,0.1653,-0.1127,-1.4235,1.5739,-0.0897,0.1967,0.1618,-0.1645,-0.1434,1.4044,1.5742,0.0897,0.2094,-0.1622
0.2000,0.1661,-0.1154,-1.4224,1.5742,-0.0909,0.1975,0.1626,-0.1649,-0.1522,1.3998,1.5742,0.0890,0.2136,-0.1615
0.2300,0.1657,-0.1193,-1.4220,1.5742,-0.0901,0.1987,0.1618,-0.1645,-0.1592,1.3971,1.5746,0.0897,0.2205,-0.1615
0.2600,0.1657,-0.1239,-1.4201,1.5731,-0.0905,0.2013,0.1611,-0.1657,-0.1672,1.3940,1.5750,0.0894,0.2289,-0.1615
0.2900,0.1657,-0.1296,-1.4185,1.5727,-0.0909,0.2056,0.1622,-0.1645,-0.1741,1.3913,1.5750,0.0890,0.2389,-0.1615
0.3201,0.1668,-0.1358,-1.4162,1.5723,-0.0905,0.2121,0.1630,-0.1645,-0.1825,1.3883,1.5746,0.0886,0.2500,-0.1611
0.3400,0.1672,-0.1396,-1.4151,1.5712,-0.0905,0.2167,0.1618,-0.1649,-0.1887,1.3860,1.5739,0.0894,0.2596,-0.1611
0.3700,0.1676,-0.1473,-1.4120,1.5704,-0.0909,0.2255,0.1622,-0.1653,-0.1971,1.3829,1.5742,0.0890,0.2727,-0.1611
0.4000,0.1676,-0.1534,-1.4078,1.5689,-0.0901,0.2351,0.1622,-0.1661,-0.2056,1.3779,1.5754,0.0890,0.2865,-0.1611
0.4300,0.1687,-0.1607,-1.4044,1.5681,-0.0897,0.2477,0.1618,-0.1668,-0.2144,1.3729,1.5750,0.0894,0.3007,-0.1618
0.4600,0.1699,-0.1676,-1.4005,1.5666,-0.0890,0.2592,0.1615,-0.1676,-0.2240,1.3672,1.5754,0.0894,0.3145,-0.1615
0.4900,0.1703,-0.1760,-1.3952,1.5650,-0.0909,0.2715,0.1622,-0.1680,-0.2324,1.3614,1.5762,0.0890,0.3294,-0.1611
0.5201,0.1710,-0.1848,-1.3902,1.5639,-0.0886,0.2826,0.1626,-0.1703,-0.2420,1.3553,1.5769,0.0890,0.3440,-0.1611
0.5501,0.1714,-0.1937,-1.3833,1.5631,-0.0901,0.2922,0.1618,-0.1714,-0.2516,1.3499,1.5777,0.0890,0.3574,-0.1615
0.5804,0.1730,-0.2029,-1.3775,1.5616,-0.0894,0.3114,0.1618,-0.1726,-0.2612,1.3434,1.5808,0.0894,0.3708,-0.1618
0.6102,0.1745,-0.2121,-1.3706,1.5612,-0.0878,0.3267,0.1611,-0.1749,-0.2684,1.3372,1.5831,0.0897,0.3839,-0.1607
0.6401,0.1753,-0.2224,-1.3626,1.5608,-0.0863,0.3436,0.1615,-0.1764,-0.2784,1.3307,1.5877,0.0897,0.3938,-0.1615
0.6600,0.1764,-0.2286,-1.3572,1.5624,-0.0867,0.3536,0.1615,-0.1783,-0.2834,1.3277,1.5904,0.0897,0.4004,-0.1618
0.6901,0.1779,-0.2382,-1.3503,1.5627,-0.0848,0.3666,0.1618,-0.1818,-0.2922,1.3238,1.5973,0.0894,0.4088,-0.1618
0.7201,0.1802,-0.2481,-1.3430,1.5647,-0.0859,0.3793,0.1615,-0.1852,-0.2984,1.3208,1.6038,0.0913,0.4153,-0.1615
0.7501,0.1814,-0.2562,-1.3361,1.5658,-0.0859,0.3877,0.1618,-0.1906,-0.3049,1.3185,1.6118,0.0920,0.4184,-0.1618
0.7803,0.1833,-0.2619,-1.3315,1.5685,-0.0863,0.3927,0.1611,-0.1937,-0.3083,1.3181,1.6180,0.0924,0.4195,-0.1615
0.8101,0.1860,-0.2730,-1.3242,1.5735,-0.0871,0.3992,0.1622,-0.2010,-0.3148,1.3177,1.6299,0.0932,0.4199,-0.1611
0.8401,0.1898,-0.2815,-1.3208,1.5792,-0.0863,0.4004,0.1626,-0.2071,-0.3202,1.3181,1.6394,0.0928,0.4199,-0.1607
0.8700,0.1925,-0.2888,-1.3177,1.5854,-0.0867,0.4015,0.1615,-0.2136,-0.3244,1.3181,1.6502,0.0932,0.4203,-0.1615
0.9000,0.1956,-0.2964,-1.3146,1.5923,-0.0867,0.4008,0.1618,-0.2209,-0.3283,1.3181,1.6613,0.0920,0.4215,-0.1611
0.9300,0.2006,-0.3030,-1.3131,1.5999,-0.0867,0.4008,0.1618,-0.2289,-0.3317,1.3177,1.6732,0.0924,0.4199,-0.1611
0.9600,0.2048,-0.3102,-1.3104,1.6084,-0.0859,0.4008,0.1615,-0.2362,-0.3344,1.3181,1.6843,0.0928,0.4207,-0.1607
0.9900,0.2094,-0.3175,-1.3085,1.6187,-0.0878,0.4008,0.1615,-0.2435,-0.3371,1.3169,1.6958,0.0924,0.4203,-0.1611
1.0100,0.2132,-0.3214,-1.3077,1.6249,-0.0874,0.4015,0.1622,-0.2481,-0.3390,1.3181,1.7027,0.0917,0.4207,-0.1611
1.0401,0.2190,-0.3275,-1.3066,1.6356,-0.0871,0.4019,0.1618,-0.2562,-0.3421,1.3188,1.7131,0.0924,0.4215,-0.1603
1.0701,0.2247,-0.3321,-1.3054,1.6456,-0.0871,0.4031,0.1626,-0.2638,-0.3444,1.3181,1.7227,0.0920,0.4222,-0.1615
1.1000,0.2312,-0.3371,-1.3043,1.6559,-0.0874,0.4034,0.1615,-0.2711,-0.3471,1.3192,1.7315,0.0924,0.4238,-0.1607
1.1300,0.2385,-0.3409,-1.3035,1.6671,-0.0878,0.4054,0.1622,-0.2773,-0.3501,1.3185,1.7399,0.0924,0.4268,-0.1611
1.1601,0.2466,-0.3440,-1.3023,1.6774,-0.0878,0.4073,0.1618,-0.2842,-0.3532,1.3192,1.7476,0.0928,0.4287,-0.1622
1.1901,0.2527,-0.3486,-1.3023,1.6881,-0.0874,0.4096,0.1622,-0.2888,-0.3540,1.3200,1.7537,0.0924,0.4314,-0.1607
1.2201,0.2612,-0.3524,-1.3020,1.6989,-0.0863,0.4126,0.1618,-0.2949,-0.3574,1.3188,1.7602,0.0924,0.4353,-0.1611
1.2501,0.2684,-0.3547,-1.3016,1.7073,-0.0874,0.4157,0.1622,-0.2987,-0.3590,1.3188,1.7656,0.0924,0.4391,-0.1607
1.2800,0.2765,-0.3582,-1.3004,1.7177,-0.0871,0.4199,0.1615,-0.3026,-0.3605,1.3192,1.7698,0.0928,0.4441,-0.1622
1.3100,0.2834,-0.3601,-1.3000,1.7265,-0.0878,0.4241,0.1618,-0.3064,-0.3628,1.3196,1.7744,0.0920,0.4495,-0.1611
1.3300,0.2888,-0.3616,-1.3004,1.7322,-0.0878,0.4276,0.1618,-0.3095,-0.3636,1.3188,1.7775,0.0917,0.4533,-0.1622
1.3600,0.2957,-0.3643,-1.3004,1.7403,-0.0874,0.4322,0.1618,-0.3125,-0.3651,1.3196,1.7810,0.0928,0.4579,-0.1615
1.3901,0.3014,-0.3651,-1.2997,1.7476,-0.0874,0.4380,0.1622,-0.3152,-0.3666,1.3204,1.7836,0.0924,0.4629,-0.1615
1.4200,0.3072,-0.3682,-1.2989,1.7545,-0.0874,0.4433,0.1622,-0.3187,-0.3678,1.3196,1.7867,0.0924,0.4671,-0.1611
1.4501,0.3133,-0.3708,-1.2981,1.7606,-0.0863,0.4491,0.1611,-0.3221,-0.3693,1.3196,1.7902,0.0928,0.4686,-0.1611
1.4802,0.3195,-0.3728,-1.2977,1.7683,-0.0874,0.4525,0.1615,-0.3237,-0.3701,1.3196,1.7921,0.0932,0.4705,-0.1615
1.5100,0.3244,-0.3735,-1.2981,1.7733,-0.0886,0.4541,0.1618,-0.3252,-0.3708,1.3196,1.7940,0.0924,0.4705,-0.1611
1.5401,0.3294,-0.3751,-1.2981,1.7783,-0.0874,0.4571,0.1626,-0.3271,-0.3708,1.3200,1.7948,0.0928,0.4705,-0.1611
1.5700,0.3340,-0.3777,-1.2981,1.7833,-0.0874,0.4579,0.1615,-0.3279,-0.3720,1.3196,1.7963,0.0924,0.4713,-0.1615
1.6000,0.3371,-0.3789,-1.2981,1.7875,-0.0886,0.4590,0.1611,-0.3283,-0.3716,1.3200,1.7967,0.0932,0.4705,-0.1615
1.6301,0.3405,-0.3800,-1.2977,1.7905,-0.0867,0.4579,0.1622,-0.3283,-0.3712,1.3196,1.7967,0.0932,0.4694,-0.1618
1.6600,0.3417,-0.3808,-1.2977,1.7936,-0.0867,0.4602,0.1611,-0.3283,-0.3720,1.3200,1.7955,0.0932,0.4694,-0.1611
1.6804,0.3432,-0.3816,-1.2981,1.7948,-0.0874,0.4594,0.1618,-0.3275,-0.3716,1.3204,1.7955,0.0928,0.4698,-0.1611
1.7101,0.3459,-0.3827,-1.2974,1.7974,-0.0874,0.4594,0.1622,-0.3279,-0.3720,1.3200,1.7948,0.0924,0.4679,-0.1611
1.7401,0.3478,-0.3839,-1.2974,1.8001,-0.0867,0.4579,0.1622,-0.3271,-0.3716,1.3200,1.7944,0.0928,0.4679,-0.1611
1.7701,0.3494,-0.3831,-1.2977,1.8036,-0.0871,0.4625,0.1615,-0.3267,-0.3724,1.3200,1.7940,0.0924,0.4652,-0.1611
1.8001,0.3501,-0.3843,-1.2981,1.8047,-0.0886,0.4617,0.1618,-0.3252,-0.3720,1.3208,1.7928,0.0928,0.4667,-0.1603
1.8300,0.3513,-0.3835,-1.2977,1.8066,-0.0871,0.4625,0.1618,-0.3248,-0.3720,1.3200,1.7905,0.0928,0.4671,-0.1607
1.8600,0.3505,-0.3839,-1.2981,1.8066,-0.0886,0.4617,0.1615,-0.3218,-0.3712,1.3200,1.7871,0.0928,0.4686,-0.1615
1.8900,0.3513,-0.3831,-1.2977,1.8063,-0.0878,0.4617,0.1630,-0.3202,-0.3720,1.3208,1.7836,0.0920,0.4713,-0.1607
1.9201,0.3501,-0.3831,-1.2981,1.8055,-0.0871,0.4613,0.1618,-0.3175,-0.3708,1.3192,1.7794,0.0924,0.4713,-0.1611
1.9501,0.3497,-0.3835,-1.2981,1.8059,-0.0878,0.4621,0.1611,-0.3137,-0.3716,1.3188,1.7756,0.0920,0.4713,-0.1615
1.9802,0.3490,-0.3839,-1.2981,1.8051,-0.0871,0.4625,0.1618,-0.3102,-0.3708,1.3196,1.7714,0.0924,0.4709,-0.1607
2.0000,0.3478,-0.3831,-1.2977,1.8036,-0.0886,0.4629,0.1618,-0.3056,-0.3705,1.3185,1.7656,0.0924,0.4709,-0.1607
2.0300,0.3463,-0.3827,-1.2985,1.8009,-0.0890,0.4633,0.1618,-0.3003,-0.3708,1.3177,1.7591,0.0924,0.4709,-0.1615
2.0602,0.3448,-0.3827,-1.2985,1.7978,-0.0878,0.4648,0.1618,-0.2941,-0.3701,1.3177,1.7514,0.0920,0.4705,-0.1626
2.0900,0.3432,-0.3835,-1.2977,1.7959,-0.0890,0.4663,0.1615,-0.2884,-0.3701,1.3169,1.7449,0.0924,0.4713,-0.1611
2.1201,0.3409,-0.3823,-1.2981,1.7917,-0.0871,0.4656,0.1618,-0.2807,-0.3701,1.3173,1.7372,0.0928,0.4698,-0.1611
2.1502,0.3382,-0.3831,-1.2981,1.7863,-0.0874,0.4667,0.1618,-0.2738,-0.3693,1.3162,1.7269,0.0928,0.4698,-0.1603
2.1801,0.3336,-0.3835,-1.2981,1.7806,-0.0878,0.4675,0.1622,-0.2658,-0.3697,1.3162,1.7177,0.0928,0.4698,-0.1611
2.2100,0.3290,-0.3839,-1.2981,1.7737,-0.0890,0.4682,0.1618,-0.2577,-0.3693,1.3154,1.7069,0.0928,0.4705,-0.1618
2.2401,0.3233,-0.3823,-1.2985,1.7668,-0.0878,0.4675,0.1611,-0.2497,-0.3705,1.3131,1.6966,0.0928,0.4698,-0.1622
2.2700,0.3160,-0.3843,-1.2977,1.7572,-0.0890,0.4671,0.1611,-0.2412,-0.3689,1.3104,1.6851,0.0924,0.4705,-0.1615
2.3000,0.3079,-0.3827,-1.2981,1.7480,-0.0867,0.4675,0.1622,-0.2316,-0.3697,1.3077,1.6743,0.0928,0.4690,-0.1611
2.3200,0.3030,-0.3827,-1.2985,1.7411,-0.0894,0.4675,0.1622,-0.2255,-0.3689,1.3054,1.6667,0.0924,0.4694,-0.1607
2.3500,0.2949,-0.3816,-1.2977,1.7307,-0.0874,0.4682,0.1618,-0.2148,-0.3682,1.3012,1.6529,0.0932,0.4702,-0.1611
2.3803,0.2884,-0.3831,-1.2974,1.7242,-0.0871,0.4679,0.1618,-0.2079,-0.3685,1.2981,1.6444,0.0940,0.4694,-0.1607
2.4100,0.2753,-0.3823,-1.2970,1.7092,-0.0867,0.4679,0.1618,-0.1940,-0.3678,1.2908,1.6260,0.0951,0.4690,-0.1611
2.4401,0.2646,-0.3823,-1.2970,1.6970,-0.0886,0.4698,0.1622,-0.1845,-0.3674,1.2859,1.6134,0.0974,0.4705,-0.1611
2.4700,0.2535,-0.3820,-1.2962,1.6843,-0.0901,0.4705,0.1611,-0.1741,-0.3678,1.2813,1.5984,0.1035,0.4717,-0.1615
2.5000,0.2424,-0.3823,-1.2943,1.6709,-0.0943,0.4702,0.1618,-0.1649,-0.3674,1.2767,1.5854,0.1104,0.4721,-0.1611
2.5300,0.2305,-0.3823,-1.2920,1.6578,-0.0982,0.4717,0.1618,-0.1553,-0.3674,1.2744,1.5716,0.1181,0.4725,-0.1618
2.5600,0.2182,-0.3812,-1.2889,1.6433,-0.1074,0.4717,0.1622,-0.1453,-0.3678,1.2705,1.5578,0.1250,0.4732,-0.1607
2.5901,0.2059,-0.3808,-1.2855,1.6295,-0.1150,0.4725,0.1618,-0.1358,-0.3678,1.2690,1.5440,0.1319,0.4740,-0.1615
2.6201,0.1940,-0.3800,-1.2828,1.6145,-0.1227,0.4732,0.1618,-0.1266,-0.3674,1.2671,1.5294,0.1361,0.4732,-0.1607
2.6501,0.1822,-0.3789,-1.2793,1.5996,-0.1266,0.4725,0.1618,-0.1170,-0.3678,1.2644,1.5160,0.1392,0.4732,-0.1607
2.6700,0.1745,-0.3793,-1.2770,1.5907,-0.1292,0.4717,0.1618,-0.1112,-0.3678,1.2625,1.5071,0.1404,0.4725,-0.1607
2.7000,0.1626,-0.3781,-1.2744,1.5762,-0.1331,0.4728,0.1622,-0.1009,-0.3670,1.2602,1.4929,0.1415,0.4736,-0.1611
2.7300,0.1499,-0.3777,-1.2721,1.5612,-0.1346,0.4736,0.1618,-0.0920,-0.3670,1.2571,1.4791,0.1419,0.4717,-0.1615
2.7600,0.1396,-0.3774,-1.2686,1.5459,-0.1365,0.4732,0.1618,-0.0828,-0.3666,1.2533,1.4665,0.1419,0.4721,-0.1611
2.7900,0.1269,-0.3774,-1.2659,1.5309,-0.1365,0.4759,0.1618,-0.0725,-0.3666,1.2494,1.4531,0.1411,0.4721,-0.1611
2.8201,0.1154,-0.3777,-1.2625,1.5160,-0.1354,0.4771,0.1618,-0.0625,-0.3666,1.2471,1.4400,0.1423,0.4717,-0.1611
2.8501,0.1043,-0.3774,-1.2594,1.5010,-0.1361,0.4798,0.1611,-0.0537,-0.3655,1.2441,1.4274,0.1430,0.4732,-0.1611
2.8805,0.0928,-0.3774,-1.2563,1.4872,-0.1381,0.4813,0.1618,-0.0483,-0.3647,1.2421,1.4182,0.1457,0.4728,-0.1603
2.9101,0.0821,-0.3758,-1.2525,1.4722,-0.1411,0.4805,0.1618,-0.0372,-0.3643,1.2391,1.4021,0.1515,0.4740,-0.1611
3.3132,-0.0314,-0.3689,-1.2230,1.3104,-0.1898,0.4913,0.1603,0.0345,-0.3670,1.2306,1.2747,0.1987,0.4736,-0.1615
3.3430,-0.0372,-0.3682,-1.2218,1.3020,-0.1921,0.4916,0.1611,0.0364,-0.3682,1.2310,1.2705,0.2025,0.4728,-0.1603
3.3629,-0.0399,-0.3682,-1.2222,1.2958,-0.1944,0.4920,0.1615,0.0376,-0.3697,1.2318,1.2671,0.2052,0.4728,-0.1607
3.3930,-0.0453,-0.3685,-1.2207,1.2878,-0.1983,0.4920,0.1622,0.0391,-0.3720,1.2306,1.2632,0.2082,0.4728,-0.1615
3.4231,-0.0514,-0.3685,-1.2203,1.2805,-0.2021,0.4913,0.1615,0.0395,-0.3743,1.2314,1.2609,0.2128,0.4713,-0.1611
3.4530,-0.0556,-0.3689,-1.2199,1.2740,-0.2048,0.4909,0.1626,0.0399,-0.3777,1.2318,1.2582,0.2182,0.4713,-0.1611
3.4830,-0.0587,-0.3682,-1.2207,1.2675,-0.2105,0.4901,0.1618,0.0391,-0.3816,1.2318,1.2563,0.2251,0.4709,-0.1618
3.5132,-0.0625,-0.3689,-1.2203,1.2617,-0.2171,0.4893,0.1615,0.0380,-0.3866,1.2318,1.2559,0.2351,0.4713,-0.1611
3.5431,-0.0656,-0.3697,-1.2191,1.2582,-0.2259,0.4886,0.1615,0.0364,-0.3912,1.2318,1.2559,0.2477,0.4709,-0.1615
3.5730,-0.0675,-0.3705,-1.2195,1.2525,-0.2362,0.4874,0.1615,0.0353,-0.3969,1.2314,1.2559,0.2619,0.4709,-0.1615
3.6030,-0.0698,-0.3720,-1.2184,1.2494,-0.2493,0.4867,0.1618,0.0330,-0.4023,1.2322,1.2563,0.2773,0.4717,-0.1611
3.6329,-0.0713,-0.3731,-1.2187,1.2460,-0.2627,0.4847,0.1618,0.0322,-0.4107,1.2318,1.2579,0.2934,0.4717,-0.1611
3.6629,-0.0732,-0.3762,-1.2191,1.2437,-0.2792,0.4821,0.1618,0.0303,-0.4180,1.2318,1.2579,0.3106,0.4721,-0.1607
3.6929,-0.0732,-0.3797,-1.2176,1.2406,-0.2964,0.4809,0.1622,0.0291,-0.4245,1.2318,1.2582,0.3271,0.4728,-0.1607
3.7135,-0.0725,-0.3816,-1.2164,1.2391,-0.3072,0.4801,0.1615,0.0284,-0.4310,1.2310,1.2598,0.3386,0.4709,-0.1615
3.7430,-0.0709,-0.3854,-1.2172,1.2379,-0.3252,0.4786,0.1615,0.0257,-0.4403,1.2322,1.2586,0.3559,0.4717,-0.1607
3.7731,-0.0717,-0.3919,-1.2172,1.2364,-0.3421,0.4782,0.1611,0.0238,-0.4483,1.2329,1.2598,0.3728,0.4713,-0.1607
3.8029,-0.0698,-0.3985,-1.2164,1.2352,-0.3593,0.4755,0.1615,0.0219,-0.4575,1.2329,1.2609,0.3900,0.4725,-0.1611
3.8329,-0.0667,-0.4061,-1.2149,1.2345,-0.3766,0.4748,0.1615,0.0188,-0.4667,1.2322,1.2613,0.4080,0.4725,-0.1611
3.8629,-0.0660,-0.4138,-1.2145,1.2333,-0.3950,0.4740,0.1611,0.0176,-0.4759,1.2318,1.2613,0.4268,0.4732,-0.1607
3.8929,-0.0640,-0.4222,-1.2145,1.2333,-0.4123,0.4732,0.1615,0.0150,-0.4844,1.2326,1.2628,0.4449,0.4721,-0.1611
3.9230,-0.0614,-0.4322,-1.2141,1.2333,-0.4307,0.4717,0.1618,0.0115,-0.4943,1.2329,1.2675,0.4640,0.4736,-0.1607
3.9532,-0.0571,-0.4414,-1.2149,1.2326,-0.4506,0.4725,0.1611,0.0077,-0.5039,1.2329,1.2678,0.4836,0.4732,-0.1611
3.9831,-0.0537,-0.4521,-1.2157,1.2322,-0.4698,0.4702,0.1626,0.0046,-0.5123,1.2341,1.2701,0.5024,0.4725,-0.1611
4.0130,-0.0510,-0.4613,-1.2149,1.2329,-0.4886,0.4663,0.1611,0.0008,-0.5223,1.2345,1.2736,0.5216,0.4725,-0.1615
4.0329,-0.0483,-0.4705,-1.2153,1.2333,-0.5024,0.4640,0.1618,-0.0015,-0.5281,1.2349,1.2763,0.5342,0.4732,-0.1611
4.0629,-0.0445,-0.4809,-1.2149,1.2337,-0.5223,0.4598,0.1618,-0.0061,-0.5377,1.2356,1.2797,0.5526,0.4721,-0.1611
4.0929,-0.0407,-0.4932,-1.2149,1.2333,-0.5403,0.4602,0.1626,-0.0111,-0.5461,1.2364,1.2839,0.5703,0.4732,-0.1607
4.1230,-0.0360,-0.5031,-1.2161,1.2364,-0.5595,0.4598,0.1615,-0.0150,-0.5549,1.2364,1.2889,0.5875,0.4728,-0.1607
4.1530,-0.0314,-0.5147,-1.2168,1.2375,-0.5779,0.4613,0.1622,-0.0196,-0.5649,1.2372,1.2951,0.6017,0.4713,-0.1611
4.1831,-0.0253,-0.5258,-1.2172,1.2406,-0.5948,0.4606,0.1618,-0.0253,-0.5737,1.2368,1.3012,0.6136,0.4713,-0.1622
4.2135,-0.0211,-0.5369,-1.2172,1.2444,-0.6090,0.4617,0.1618,-0.0307,-0.5818,1.2387,1.3085,0.6232,0.4721,-0.1611
4.2430,-0.0134,-0.5480,-1.2180,1.2475,-0.6197,0.4629,0.1611,-0.0364,-0.5906,1.2406,1.3162,0.6305,0.4717,-0.1607
4.2730,-0.0084,-0.5588,-1.2184,1.2529,-0.6289,0.4625,0.1618,-0.0433,-0.5971,1.2441,1.3242,0.6362,0.4713,-0.1615
4.3029,-0.0027,-0.5695,-1.2195,1.2586,-0.6362,0.4621,0.1615,-0.0495,-0.6052,1.2471,1.3346,0.6412,0.4709,-0.1615
4.3329,0.0042,-0.5791,-1.2210,1.2644,-0.6416,0.4621,0.1622,-0.0564,-0.6121,1.2510,1.3445,0.6473,0.4717,-0.1611
4.3530,0.0077,-0.5860,-1.2218,1.2698,-0.6454,0.4621,0.1615,-0.0617,-0.6170,1.2540,1.3534,0.6512,0.4713,-0.1607
4.3830,0.0169,-0.5948,-1.2249,1.2782,-0.6500,0.4625,0.1615,-0.0713,-0.6224,1.2590,1.3649,0.6573,0.4721,-0.1618
4.4132,0.0238,-0.6032,-1.2283,1.2874,-0.6569,0.4625,0.1618,-0.0813,-0.6293,1.2655,1.3771,0.6638,0.4713,-0.1611
4.4431,0.0330,-0.6124,-1.2314,1.2974,-0.6627,0.4625,0.1618,-0.0913,-0.6335,1.2717,1.3917,0.6703,0.4713,-0.1618
4.4732,0.0391,-0.6197,-1.2352,1.3096,-0.6688,0.4621,0.1618,-0.1024,-0.6389,1.2782,1.4044,0.6761,0.4709,-0.1611
4.5029,0.0476,-0.6270,-1.2395,1.3200,-0.6757,0.4625,0.1622,-0.1131,-0.6424,1.2866,1.4182,0.6822,0.4725,-0.1611
4.5329,0.0571,-0.6339,-1.2448,1.3323,-0.6819,0.4617,0.1615,-0.1254,-0.6466,1.2954,1.4304,0.6865,0.4728,-0.1615
4.5629,0.0652,-0.6397,-1.2510,1.3465,-0.6865,0.4617,0.1603,-0.1388,-0.6504,1.3039,1.4450,0.6899,0.4717,-0.1626
4.5929,0.0755,-0.6447,-1.2571,1.3591,-0.6895,0.4625,0.1615,-0.1499,-0.6535,1.3131,1.4573,0.6918,0.4725,-0.1615
4.6231,0.0855,-0.6504,-1.2648,1.3737,-0.6914,0.4629,0.1615,-0.1630,-0.6565,1.3242,1.4707,0.6949,0.4713,-0.1615
4.6531,0.0951,-0.6550,-1.2728,1.3886,-0.6941,0.4629,0.1618,-0.1764,-0.6604,1.3342,1.4849,0.6968,0.4721,-0.1626
4.6831,0.1085,-0.6592,-1.2809,1.4032,-0.6972,0.4629,0.1622,-0.1894,-0.6638,1.3438,1.4991,0.6999,0.4713,-0.1615
4.7030,0.1154,-0.6623,-1.2866,1.4136,-0.6987,0.4629,0.1622,-0.1994,-0.6657,1.3518,1.5079,0.7014,0.4717,-0.1618
4.7329,0.1281,-0.6657,-1.2958,1.4289,-0.7018,0.4625,0.1615,-0.2136,-0.6684,1.3641,1.5232,0.7060,0.4709,-0.1618
4.7629,0.1419,-0.6696,-1.3062,1.4442,-0.7049,0.4629,0.1622,-0.2293,-0.6711,1.3756,1.5370,0.7087,0.4728,-0.1615
4.7929,0.1549,-0.6738,-1.3158,1.4596,-0.7083,0.4617,0.1615,-0.2439,-0.6727,1.3875,1.5516,0.7133,0.4728,-0.1615
4.8230,0.1695,-0.6765,-1.3265,1.4761,-0.7129,0.4629,0.1618,-0.2592,-0.6750,1.3998,1.5662,0.7175,0.4732,-0.1611
4.8530,0.1837,-0.6788,-1.3372,1.4926,-0.7156,0.4629,0.1618,-0.2750,-0.6769,1.4128,1.5796,0.7206,0.4732,-0.1622
4.8830,0.1987,-0.6826,-1.3480,1.5079,-0.7198,0.4625,0.1622,-0.2903,-0.6796,1.4255,1.5942,0.7248,0.4728,-0.1615
4.9133,0.2140,-0.6861,-1.3603,1.5232,-0.7229,0.4617,0.1626,-0.3068,-0.6822,1.4370,1.6095,0.7271,0.4732,-0.1615
4.9430,0.2305,-0.6891,-1.3714,1.5401,-0.7267,0.4613,0.1615,-0.3225,-0.6834,1.4500,1.6233,0.7298,0.4717,-0.1622
4.9730,0.2462,-0.6914,-1.3837,1.5562,-0.7298,0.4613,0.1611,-0.3386,-0.6853,1.4603,1.6368,0.7302,0.4721,-0.1615
5.0029,0.2623,-0.6934,-1.3959,1.5712,-0.7313,0.4617,0.1618,-0.3536,-0.6872,1.4734,1.6498,0.7306,0.4728,-0.1607
5.0230,0.2742,-0.6957,-1.4047,1.5819,-0.7317,0.4617,0.1615,-0.3647,-0.6895,1.4803,1.6598,0.7313,0.4721,-0.1611
5.0530,0.2907,-0.6991,-1.4162,1.5980,-0.7306,0.4621,0.1615,-0.3789,-0.6918,1.4914,1.6732,0.7313,0.4728,-0.1622
5.0830,0.3083,-0.7018,-1.4278,1.6141,-0.7317,0.4617,0.1615,-0.3931,-0.6941,1.5014,1.6866,0.7317,0.4721,-0.1615
5.1133,0.3260,-0.7041,-1.4416,1.6302,-0.7309,0.4617,0.1607,-0.4077,-0.6949,1.5125,1.6997,0.7313,0.4736,-0.1618
5.1431,0.3432,-0.7075,-1.4557,1.6452,-0.7313,0.4621,0.1618,-0.4222,-0.6972,1.5221,1.7142,0.7317,0.4732,-0.1607
5.1730,0.3593,-0.7110,-1.4676,1.6609,-0.7325,0.4617,0.1615,-0.4360,-0.6983,1.5309,1.7269,0.7309,0.4740,-0.1618
5.2029,0.3789,-0.7129,-1.4791,1.6763,-0.7317,0.4613,0.1626,-0.4495,-0.7006,1.5397,1.7403,0.7313,0.4732,-0.1607
5.2330,0.3954,-0.7164,-1.4906,1.6920,-0.7321,0.4613,0.1615,-0.4617,-0.7014,1.5470,1.7537,0.7309,0.4748,-0.1607
5.2629,0.4103,-0.7191,-1.5018,1.7062,-0.7313,0.4613,0.1622,-0.4744,-0.7026,1.5547,1.7660,0.7313,0.4759,-0.1618
5.2930,0.4268,-0.7214,-1.5125,1.7215,-0.7321,0.4606,0.1626,-0.4874,-0.7041,1.5612,1.7779,0.7309,0.4801,-0.1618
5.3230,0.4422,-0.7229,-1.5236,1.7353,-0.7317,0.4613,0.1622,-0.4993,-0.7037,1.5685,1.7898,0.7309,0.4851,-0.1611
5.3530,0.4575,-0.7260,-1.5317,1.7495,-0.7313,0.4644,0.1615,-0.5081,-0.7033,1.5739,1.8013,0.7306,0.4909,-0.1607
5.3730,0.4663,-0.7275,-1.5397,1.7583,-0.7317,0.4659,0.1618,-0.5162,-0.7037,1.5785,1.8086,0.7309,0.4947,-0.1615
5.4029,0.4798,-0.7279,-1.5478,1.7721,-0.7325,0.4698,0.1615,-0.5273,-0.7033,1.5838,1.8189,0.7313,0.5016,-0.1618
5.4329,0.4928,-0.7294,-1.5566,1.7859,-0.7325,0.4763,0.1611,-0.5384,-0.7037,1.5888,1.8300,0.7313,0.5070,-0.1615
5.4629,0.5062,-0.7306,-1.5658,1.7990,-0.7317,0.4836,0.1615,-0.5507,-0.7052,1.5934,1.8396,0.7309,0.5135,-0.1611
5.4930,0.5196,-0.7298,-1.5731,1.8124,-0.7321,0.4897,0.1603,-0.5614,-0.7060,1.5973,1.8500,0.7302,0.5185,-0.1615
5.5230,0.5319,-0.7317,-1.5808,1.8243,-0.7321,0.4955,0.1615,-0.5722,-0.7064,1.6015,1.8600,0.7309,0.5265,-0.1630
5.5530,0.5430,-0.7309,-1.5873,1.8381,-0.7321,0.4997,0.1618,-0.5841,-0.7068,1.6034,1.8692,0.7298,0.5334,-0.1615
5.5830,0.5545,-0.7309,-1.5934,1.8488,-0.7321,0.5054,0.1615,-0.5940,-0.7075,1.6076,1.8776,0.7290,0.5396,-0.1615
5.6131,0.5664,-0.7321,-1.5973,1.8611,-0.7325,0.5112,0.1615,-0.6044,-0.7083,1.6122,1.8868,0.7294,0.5442,-0.1615
5.6430,0.5783,-0.7332,-1.6042,1.8718,-0.7321,0.5185,0.1622,-0.6155,-0.7087,1.6149,1.8956,0.7290,0.5515,-0.1615
5.6730,0.5894,-0.7329,-1.6091,1.8833,-0.7317,0.5250,0.1626,-0.6247,-0.7110,1.6187,1.9041,0.7286,0.5588,-0.1622
5.6929,0.5975,-0.7340,-1.6111,1.8906,-0.7317,0.5288,0.1618,-0.6316,-0.7122,1.6199,1.9087,0.7267,0.5649,-0.1611
5.7230,0.6075,-0.7348,-1.6176,1.9002,-0.7317,0.5361,0.1618,-0.6416,-0.7122,1.6233,1.9156,0.7248,0.5714,-0.1611
5.7530,0.6190,-0.7352,-1.6218,1.9094,-0.7313,0.5423,0.1615,-0.6508,-0.7118,1.6279,1.9225,0.7225,0.5779,-0.1618
5.7830,0.6297,-0.7355,-1.6260,1.9186,-0.7306,0.5495,0.1611,-0.6592,-0.7125,1.6322,1.9301,0.7194,0.5856,-0.1618
5.8131,0.6416,-0.7367,-1.6291,1.9271,-0.7286,0.5576,0.1622,-0.6680,-0.7122,1.6360,1.9363,0.7179,0.5925,-0.1622
5.8430,0.6519,-0.7378,-1.6352,1.9355,-0.7256,0.5645,0.1618,-0.6773,-0.7114,1.6383,1.9420,0.7164,0.6006,-0.1611
5.8730,0.6615,-0.7405,-1.6379,1.9432,-0.7240,0.5710,0.1622,-0.6861,-0.7122,1.6414,1.9482,0.7145,0.6059,-0.1615
5.9029,0.6715,-0.7401,-1.6433,1.9516,-0.7210,0.5775,0.1615,-0.6934,-0.7125,1.6437,1.9535,0.7129,0.6113,-0.1615
5.9329,0.6819,-0.7390,-1.6471,1.9593,-0.7191,0.5848,0.1622,-0.7010,-0.7137,1.6467,1.9585,0.7102,0.6159,-0.1611
5.9629,0.6903,-0.7386,-1.6521,1.9658,-0.7175,0.5906,0.1615,-0.7091,-0.7118,1.6490,1.9631,0.7068,0.6201,-0.1622
5.9931,0.6987,-0.7390,-1.6548,1.9727,-0.7160,0.5948,0.1607,-0.7160,-0.7122,1.6517,1.9681,0.7026,0.6236,-0.1622
6.0132,0.7045,-0.7386,-1.6571,1.9777,-0.7129,0.5994,0.1611,-0.7191,-0.7122,1.6525,1.9712,0.7003,0.6243,-0.1618
6.0430,0.7129,-0.7386,-1.6613,1.9831,-0.7075,0.6025,0.1607,-0.7248,-0.7125,1.6552,1.9758,0.6960,0.6262,-0.1626
6.0731,0.7214,-0.7390,-1.6632,1.9884,-0.7037,0.6032,0.1618,-0.7302,-0.7125,1.6563,1.9792,0.6907,0.6274,-0.1611
6.1030,0.7283,-0.7386,-1.6682,1.9934,-0.6987,0.6055,0.1611,-0.7336,-0.7125,1.6586,1.9827,0.6865,0.6301,-0.1611
6.1329,0.7363,-0.7386,-1.6709,1.9988,-0.6941,0.6078,0.1618,-0.7378,-0.7118,1.6594,1.9865,0.6826,0.6297,-0.1618
6.1629,0.7424,-0.7382,-1.6736,2.0045,-0.6907,0.6109,0.1618,-0.7401,-0.7118,1.6605,1.9900,0.6796,0.6297,-0.1618
6.1930,0.7478,-0.7375,-1.6759,2.0087,-0.6872,0.6132,0.1618,-0.7421,-0.7114,1.6605,1.9919,0.6769,0.6285,-0.1618
6.2230,0.7532,-0.7375,-1.6778,2.0122,-0.6857,0.6136,0.1611,-0.7436,-0.7114,1.6605,1.9946,0.6742,0.6274,-0.1626
6.2530,0.7578,-0.7378,-1.6797,2.0168,-0.6819,0.6140,0.1615,-0.7432,-0.7106,1.6602,1.9953,0.6734,0.6270,-0.1615
6.2830,0.7628,-0.7371,-1.6812,2.0191,-0.6792,0.6136,0.1618,-0.7432,-0.7118,1.6602,1.9965,0.6734,0.6282,-0.1611
6.3131,0.7655,-0.7371,-1.6820,2.0222,-0.6780,0.6140,0.1615,-0.7432,-0.7110,1.6598,1.9949,0.6730,0.6274,-0.1615
6.3431,0.7685,-0.7363,-1.6835,2.0229,-0.6769,0.6132,0.1611,-0.7424,-0.7110,1.6594,1.9949,0.6730,0.6274,-0.1615
6.3630,0.7704,-0.7363,-1.6843,2.0245,-0.6773,0.6140,0.1618,-0.7424,-0.7110,1.6602,1.9953,0.6727,0.6262,-0.1615
6.3929,0.7724,-0.7363,-1.6851,2.0260,-0.6769,0.6136,0.1611,-0.7424,-0.7106,1.6598,1.9953,0.6730,0.6255,-0.1622
6.4230,0.7754,-0.7355,-1.6855,2.0275,-0.6765,0.6151,0.1615,-0.7417,-0.7114,1.6605,1.9953,0.6723,0.6255,-0.1611
6.4531,0.7762,-0.7355,-1.6855,2.0291,-0.6769,0.6144,0.1618,-0.7417,-0.7102,1.6594,1.9957,0.6719,0.6251,-0.1615
6.4830,0.7770,-0.7344,-1.6862,2.0310,-0.6761,0.6147,0.1618,-0.7417,-0.7102,1.6598,1.9949,0.6719,0.6259,-0.1615
6.5134,0.7777,-0.7329,-1.6858,2.0318,-0.6765,0.6136,0.1622,-0.7424,-0.7098,1.6602,1.9957,0.6692,0.6274,-0.1618
6.5430,0.7777,-0.7329,-1.6862,2.0318,-0.6738,0.6155,0.1611,-0.7424,-0.7098,1.6582,1.9965,0.6661,0.6282,-0.1615
6.5730,0.7777,-0.7313,-1.6858,2.0314,-0.6734,0.6151,0.1618,-0.7428,-0.7095,1.6590,1.9961,0.6600,0.6297,-0.1615
6.6029,0.7773,-0.7302,-1.6847,2.0310,-0.6692,0.6155,0.1611,-0.7436,-0.7087,1.6578,1.9976,0.6535,0.6289,-0.1607
6.6329,0.7770,-0.7306,-1.6862,2.0306,-0.6642,0.6147,0.1615,-0.7432,-0.7075,1.6552,1.9999,0.6454,0.6289,-0.1611
6.6629,0.7777,-0.7306,-1.6858,2.0302,-0.6569,0.6144,0.1618,-0.7432,-0.7068,1.6536,2.0034,0.6358,0.6289,-0.1615
6.6830,0.7770,-0.7302,-1.6862,2.0306,-0.6516,0.6155,0.1607,-0.7440,-0.7056,1.6536,2.0053,0.6297,0.6282,-0.1618
6.7133,0.7770,-0.7290,-1.6862,2.0318,-0.6416,0.6163,0.1618,-0.7436,-0.7029,1.6494,2.0099,0.6190,0.6297,-0.1615
6.7430,0.7766,-0.7279,-1.6866,2.0321,-0.6305,0.6193,0.1611,-0.7444,-0.7010,1.6471,2.0153,0.6071,0.6293,-0.1618
6.7731,0.7758,-0.7256,-1.6862,2.0337,-0.6186,0.6209,0.1615,-0.7455,-0.6972,1.6429,2.0203,0.5940,0.6285,-0.1618
6.8029,0.7754,-0.7240,-1.6858,2.0356,-0.6078,0.6213,0.1618,-0.7459,-0.6930,1.6394,2.0268,0.5791,0.6297,-0.1615
6.8329,0.7754,-0.7198,-1.6858,2.0383,-0.5952,0.6220,0.1611,-0.7467,-0.6884,1.6348,2.0337,0.5637,0.6293,-0.1618
6.8629,0.7754,-0.7160,-1.6858,2.0410,-0.5798,0.6201,0.1618,-0.7490,-0.6834,1.6325,2.0402,0.5472,0.6297,-0.1626
6.8929,0.7739,-0.7110,-1.6851,2.0448,-0.5649,0.6228,0.1611,-0.7493,-0.6761,1.6283,2.0479,0.5304,0.6301,-0.1622
6.9230,0.7731,-0.7060,-1.6809,2.0482,-0.5488,0.6236,0.1611,-0.7513,-0.6684,1.6241,2.0544,0.5127,0.6293,-0.1622
6.9530,0.7727,-0.7003,-1.6793,2.0521,-0.5308,0.6243,0.1615,-0.7532,-0.6600,1.6207,2.0617,0.4955,0.6285,-0.1615
6.9831,0.7727,-0.6926,-1.6759,2.0575,-0.5116,0.6259,0.1603,-0.7563,-0.6508,1.6195,2.0690,0.4782,0.6293,-0.1615
7.0130,0.7735,-0.6857,-1.6755,2.0628,-0.4943,0.6243,0.1618,-0.7586,-0.6412,1.6180,2.0759,0.4602,0.6301,-0.1618
7.0329,0.7727,-0.6796,-1.6732,2.0663,-0.4836,0.6255,0.1615,-0.7605,-0.6343,1.6145,2.0801,0.4479,0.6293,-0.1618
7.0629,0.7731,-0.6727,-1.6690,2.0709,-0.4652,0.6255,0.1615,-0.7635,-0.6239,1.6118,2.0851,0.4303,0.6282,-0.1618
7.0929,0.7731,-0.6631,-1.6655,2.0762,-0.4483,0.6259,0.1615,-0.7674,-0.6132,1.6091,2.0920,0.4119,0.6293,-0.1615
7.1230,0.7743,-0.6546,-1.6625,2.0835,-0.4303,0.6259,0.1603,-0.7704,-0.6025,1.6065,2.0981,0.3927,0.6297,-0.1622
7.1530,0.7731,-0.6447,-1.6594,2.0893,-0.4115,0.6262,0.1607,-0.7743,-0.5921,1.6022,2.1031,0.3728,0.6297,-0.1615
7.1832,0.7743,-0.6351,-1.6555,2.0950,-0.3923,0.6262,0.1622,-0.7785,-0.5802,1.5988,2.1096,0.3520,0.6301,-0.1626
7.2132,0.7739,-0.6251,-1.6525,2.1012,-0.3731,0.6266,0.1615,-0.7827,-0.5699,1.5957,2.1157,0.3302,0.6301,-0.1618
7.2430,0.7770,-0.6132,-1.6494,2.1069,-0.3513,0.6289,0.1615,-0.7869,-0.5572,1.5930,2.1226,0.3079,0.6305,-0.1618
7.2730,0.7770,-0.6021,-1.6456,2.1138,-0.3298,0.6301,0.1618,-0.7923,-0.5469,1.5892,2.1292,0.2846,0.6301,-0.1618
7.3029,0.7785,-0.5906,-1.6425,2.1188,-0.3056,0.6312,0.1611,-0.7969,-0.5357,1.5865,2.1357,0.2604,0.6301,-0.1618
7.3329,0.7812,-0.5783,-1.6387,2.1246,-0.2834,0.6312,0.1611,-0.8023,-0.5254,1.5835,2.1437,0.2382,0.6312,-0.1618
7.3530,0.7823,-0.5706,-1.6368,2.1292,-0.2681,0.6308,0.1615,-0.8057,-0.5181,1.5808,2.1476,0.2220,0.6312,-0.1630
7.3830,0.7858,-0.5591,-1.6325,2.1368,-0.2447,0.6308,0.1626,-0.8111,-0.5074,1.5777,2.1541,0.1998,0.6312,-0.1618
7.4130,0.7888,-0.5461,-1.6268,2.1437,-0.2217,0.6316,0.1622,-0.8172,-0.4962,1.5746,2.1606,0.1779,0.6320,-0.1618
7.4430,0.7927,-0.5350,-1.6237,2.1503,-0.1994,0.6312,0.1618,-0.8226,-0.4870,1.5704,2.1675,0.1572,0.6316,-0.1626
7.4730,0.7965,-0.5231,-1.6199,2.1564,-0.1764,0.6312,0.1615,-0.8280,-0.4771,1.5662,2.1737,0.1369,0.6328,-0.1618
7.5030,0.8011,-0.5093,-1.6145,2.1633,-0.1565,0.6308,0.1615,-0.8322,-0.4659,1.5643,2.1802,0.1150,0.6328,-0.1611
7.5329,0.8046,-0.4989,-1.6107,2.1698,-0.1365,0.6308,0.1618,-0.8383,-0.4571,1.5601,2.1863,0.0989,0.6351,-0.1618
7.5629,0.8099,-0.4870,-1.6061,2.1767,-0.1177,0.6312,0.1615,-0.8425,-0.4483,1.5562,2.1917,0.0817,0.6378,-0.1615
7.5930,0.8142,-0.4759,-1.6019,2.1836,-0.0993,0.6312,0.1615,-0.8479,-0.4391,1.5528,2.1974,0.0663,0.6420,-0.1611
7.6229,0.8199,-0.4636,-1.5973,2.1894,-0.0840,0.6328,0.1615,-0.8517,-0.4303,1.5501,2.2013,0.0552,0.6473,-0.1615
7.6530,0.8245,-0.4521,-1.5934,2.1955,-0.0675,0.6351,0.1611,-0.8563,-0.4218,1.5474,2.2051,0.0441,0.6519,-0.1618
7.6730,0.8280,-0.4452,-1.5911,2.1997,-0.0614,0.6401,0.1615,-0.8598,-0.4165,1.5463,2.2078,0.0376,0.6569,-0.1615
7.7029,0.8330,-0.4349,-1.5873,2.2055,-0.0495,0.6450,0.1618,-0.8640,-0.4092,1.5447,2.2105,0.0299,0.6634,-0.1615
7.7329,0.8379,-0.4253,-1.5827,2.2108,-0.0391,0.6508,0.1622,-0.8678,-0.4019,1.5428,2.2135,0.0215,0.6727,-0.1618
7.7629,0.8441,-0.4153,-1.5804,2.2151,-0.0326,0.6577,0.1607,-0.8725,-0.3962,1.5420,2.2155,0.0150,0.6788,-0.1615
7.7929,0.8494,-0.4069,-1.5777,2.2197,-0.0257,0.6615,0.1607,-0.8782,-0.3900,1.5413,2.2181,0.0061,0.6876,-0.1611
7.8230,0.8548,-0.3985,-1.5746,2.2243,-0.0184,0.6692,0.1607,-0.8820,-0.3858,1.5409,2.2189,-0.0015,0.6960,-0.1622
7.8530,0.8598,-0.3892,-1.5719,2.2270,-0.0107,0.6769,0.1615,-0.8866,-0.3793,1.5401,2.2216,-0.0096,0.7037,-0.1615
7.8830,0.8644,-0.3808,-1.5704,2.2289,-0.0042,0.6830,0.1611,-0.8920,-0.3762,1.5420,2.2239,-0.0176,0.7122,-0.1615
7.9130,0.8705,-0.3739,-1.5681,2.2316,0.0050,0.6918,0.1603,-0.8978,-0.3731,1.5397,2.2250,-0.0272,0.7187,-0.1630
7.9429,0.8751,-0.3674,-1.5654,2.2346,0.0134,0.6980,0.1615,-0.9027,-0.3708,1.5382,2.2273,-0.0337,0.7267,-0.1618
7.9730,0.8801,-0.3616,-1.5620,2.2377,0.0211,0.7056,0.1615,-0.9081,-0.3685,1.5374,2.2296,-0.0426,0.7317,-0.1618
8.0029,0.8851,-0.3567,-1.5624,2.2392,0.0288,0.7110,0.1618,-0.9131,-0.3662,1.5351,2.2319,-0.0506,0.7382,-0.1618
8.0230,0.8893,-0.3532,-1.5604,2.2404,0.0341,0.7145,0.1615,-0.9169,-0.3659,1.5332,2.2342,-0.0571,0.7413,-0.1618
8.0531,0.8943,-0.3486,-1.5585,2.2434,0.0426,0.7202,0.1615,-0.9208,-0.3639,1.5305,2.2369,-0.0648,0.7478,-0.1626
8.0830,0.8997,-0.3444,-1.5570,2.2465,0.0510,0.7260,0.1603,-0.9258,-0.3632,1.5263,2.2392,-0.0740,0.7528,-0.1618
8.1132,0.9047,-0.3402,-1.5539,2.2492,0.0602,0.7298,0.1615,-0.9296,-0.3620,1.5225,2.2419,-0.0825,0.7574,-0.1611
8.1431,0.9100,-0.3386,-1.5528,2.2519,0.0686,0.7363,0.1618,-0.9338,-0.3609,1.5202,2.2450,-0.0905,0.7609,-0.1611
8.1730,0.9146,-0.3371,-1.5489,2.2550,0.0759,0.7398,0.1618,-0.9373,-0.3601,1.5148,2.2484,-0.0978,0.7643,-0.1618
8.2029,0.9189,-0.3348,-1.5474,2.2576,0.0840,0.7417,0.1615,-0.9407,-0.3582,1.5106,2.2519,-0.1043,0.7662,-0.1615
8.2329,0.9235,-0.3340,-1.5432,2.2607,0.0894,0.7444,0.1622,-0.9422,-0.3574,1.5068,2.2553,-0.1112,0.7666,-0.1615
8.2629,0.9281,-0.3325,-1.5413,2.2638,0.0947,0.7478,0.1611,-0.9445,-0.3555,1.5025,2.2592,-0.1173,0.7670,-0.1615
8.2929,0.9323,-0.3306,-1.5378,2.2672,0.1005,0.7478,0.1607,-0.9461,-0.3528,1.4991,2.2622,-0.1254,0.7689,-0.1615
8.3230,0.9350,-0.3290,-1.5336,2.2703,0.1051,0.7470,0.1622,-0.9472,-0.3501,1.4941,2.2657,-0.1331,0.7674,-0.1618
8.3430,0.9388,-0.3283,-1.5328,2.2726,0.1093,0.7474,0.1607,-0.9472,-0.3482,1.4914,2.2684,-0.1377,0.7662,-0.1615
8.3730,0.9403,-0.3252,-1.5286,2.2757,0.1166,0.7486,0.1615,-0.9484,-0.3448,1.4872,2.2711,-0.1469,0.7658,-0.1618
8.4029,0.9434,-0.3244,-1.5236,2.2787,0.1246,0.7470,0.1618,-0.9492,-0.3413,1.4841,2.2749,-0.1565,0.7655,-0.1615
8.4329,0.9472,-0.3218,-1.5198,2.2829,0.1335,0.7482,0.1618,-0.9484,-0.3375,1.4799,2.2776,-0.1657,0.7635,-0.1618
8.4629,0.9488,-0.3187,-1.5167,2.2856,0.1427,0.7478,0.1615,-0.9488,-0.3325,1.4757,2.2810,-0.1760,0.7620,-0.1615
8.4930,0.9515,-0.3164,-1.5117,2.2895,0.1507,0.7478,0.1618,-0.9488,-0.3290,1.4699,2.2841,-0.1856,0.7593,-0.1611
8.5231,0.9530,-0.3125,-1.5083,2.2922,0.1588,0.7474,0.1615,-0.9492,-0.3244,1.4665,2.2868,-0.1960,0.7570,-0.1622
8.5529,0.9553,-0.3099,-1.5041,2.2945,0.1653,0.7463,0.1622,-0.9492,-0.3198,1.4623,2.2883,-0.2059,0.7543,-0.1615
8.5830,0.9576,-0.3056,-1.5010,2.2987,0.1768,0.7455,0.1611,-0.9495,-0.3152,1.4596,2.2914,-0.2163,0.7524,-0.1615
8.6131,0.9576,-0.3003,-1.4949,2.3006,0.1917,0.7436,0.1615,-0.9495,-0.3095,1.4561,2.2922,-0.2243,0.7509,-0.1611
8.6430,0.9595,-0.2968,-1.4903,2.3029,0.2040,0.7417,0.1615,-0.9488,-0.3049,1.4527,2.2941,-0.2312,0.7493,-0.1618
8.6730,0.9610,-0.2934,-1.4868,2.3048,0.2151,0.7382,0.1618,-0.9492,-0.2995,1.4500,2.2952,-0.2358,0.7474,-0.1618
8.6931,0.9614,-0.2895,-1.4837,2.3060,0.2205,0.7378,0.1618,-0.9488,-0.2964,1.4485,2.2964,-0.2382,0.7455,-0.1618
8.7231,0.9626,-0.2849,-1.4780,2.3071,0.2255,0.7355,0.1618,-0.9488,-0.2918,1.4469,2.2975,-0.2416,0.7432,-0.1611
8.7530,0.9645,-0.2792,-1.4738,2.3086,0.2278,0.7336,0.1618,-0.9488,-0.2861,1.4458,2.3002,-0.2458,0.7378,-0.1622
8.7830,0.9653,-0.2761,-1.4696,2.3102,0.2289,0.7306,0.1618,-0.9488,-0.2815,1.4431,2.3014,-0.2512,0.7348,-0.1618
8.8131,0.9660,-0.2696,-1.4669,2.3121,0.2335,0.7244,0.1615,-0.9488,-0.2769,1.4439,2.3037,-0.2569,0.7321,-0.1618
8.8430,0.9664,-0.2646,-1.4627,2.3129,0.2393,0.7221,0.1611,-0.9495,-0.2734,1.4431,2.3052,-0.2650,0.7321,-0.1626
8.8730,0.9664,-0.2604,-1.4603,2.3140,0.2470,0.7194,0.1622,-0.9492,-0.2696,1.4435,2.3063,-0.2727,0.7321,-0.1611
8.9030,0.9672,-0.2550,-1.4569,2.3159,0.2550,0.7194,0.1615,-0.9492,-0.2665,1.4427,2.3079,-0.2807,0.7329,-0.1611
8.9329,0.9664,-0.2516,-1.4538,2.3175,0.2631,0.7183,0.1611,-0.9515,-0.2661,1.4404,2.3086,-0.2899,0.7336,-0.1615
8.9629,0.9668,-0.2481,-1.4508,2.3194,0.2711,0.7179,0.1611,-0.9522,-0.2642,1.4385,2.3117,-0.2972,0.7348,-0.1622
8.9929,0.9672,-0.2439,-1.4485,2.3213,0.2796,0.7191,0.1607,-0.9538,-0.2635,1.4358,2.3125,-0.3053,0.7352,-0.1615
9.0130,0.9676,-0.2424,-1.4477,2.3236,0.2853,0.7183,0.1622,-0.9553,-0.2635,1.4339,2.3152,-0.3102,0.7355,-0.1615
9.0431,0.9668,-0.2393,-1.4462,2.3244,0.2941,0.7191,0.1615,-0.9564,-0.2631,1.4304,2.3175,-0.3168,0.7348,-0.1618
9.0731,0.9672,-0.2378,-1.4435,2.3270,0.3010,0.7187,0.1615,-0.9572,-0.2623,1.4278,2.3201,-0.3221,0.7344,-0.1615
9.1031,0.9679,-0.2366,-1.4416,2.3290,0.3087,0.7194,0.1611,-0.9584,-0.2631,1.4235,2.3228,-0.3279,0.7329,-0.1618
9.1330,0.9676,-0.2355,-1.4389,2.3301,0.3145,0.7191,0.1615,-0.9587,-0.2619,1.4193,2.3255,-0.3359,0.7321,-0.1611
9.1630,0.9672,-0.2351,-1.4362,2.3324,0.3225,0.7187,0.1618,-0.9591,-0.2619,1.4143,2.3274,-0.3428,0.7313,-0.1618
9.1929,0.9679,-0.2358,-1.4316,2.3343,0.3321,0.7198,0.1607,-0.9584,-0.2619,1.4105,2.3290,-0.3520,0.7313,-0.1615
9.2230,0.9687,-0.2355,-1.4289,2.3374,0.3451,0.7202,0.1618,-0.9584,-0.2619,1.4070,2.3293,-0.3605,0.7309,-0.1611
9.2530,0.9699,-0.2347,-1.4243,2.3397,0.3528,0.7221,0.1611,-0.9584,-0.2615,1.4032,2.3305,-0.3697,0.7313,-0.1626
9.2830,0.9710,-0.2355,-1.4185,2.3409,0.3616,0.7248,0.1611,-0.9584,-0.2604,1.3978,2.3317,-0.3777,0.7321,-0.1622
9.3136,0.9722,-0.2355,-1.4147,2.3439,0.3724,0.7286,0.1618,-0.9584,-0.2612,1.3948,2.3324,-0.3892,0.7313,-0.1618
9.3330,0.9737,-0.2351,-1.4105,2.3458,0.3793,0.7325,0.1615,-0.9572,-0.2596,1.3909,2.3320,-0.3946,0.7317,-0.1622
9.3631,0.9752,-0.2355,-1.4067,2.3497,0.3919,0.7390,0.1618,-0.9587,-0.2592,1.3871,2.3324,-0.4034,0.7332,-0.1618
9.3931,0.9771,-0.2358,-1.3998,2.3531,0.4027,0.7470,0.1615,-0.9580,-0.2562,1.3825,2.3332,-0.4134,0.7325,-0.1618
9.4231,0.9791,-0.2362,-1.3948,2.3550,0.4119,0.7497,0.1607,-0.9576,-0.2539,1.3760,2.3343,-0.4215,0.7321,-0.1615
9.4530,0.9810,-0.2351,-1.3875,2.3577,0.4226,0.7520,0.1615,-0.9576,-0.2516,1.3737,2.3340,-0.4330,0.7329,-0.1618
9.4830,0.9821,-0.2355,-1.3810,2.3593,0.4318,0.7520,0.1618,-0.9568,-0.2470,1.3691,2.3347,-0.4433,0.7321,-0.1611
9.5133,0.9837,-0.2351,-1.3752,2.3604,0.4433,0.7520,0.1618,-0.9553,-0.2428,1.3664,2.3347,-0.4548,0.7332,-0.1615
9.5430,0.9837,-0.2347,-1.3706,2.3623,0.4537,0.7532,0.1611,-0.9534,-0.2362,1.3629,2.3363,-0.4682,0.7302,-0.1618
9.5731,0.9837,-0.2339,-1.3645,2.3639,0.4648,0.7532,0.1611,-0.9522,-0.2297,1.3595,2.3378,-0.4821,0.7309,-0.1618
9.6029,0.9840,-0.2320,-1.3595,2.3658,0.4778,0.7528,0.1615,-0.9488,-0.2232,1.3553,2.3386,-0.4978,0.7302,-0.1615
9.6329,0.9837,-0.2301,-1.3553,2.3669,0.4916,0.7536,0.1615,-0.9445,-0.2159,1.3503,2.3382,-0.5143,0.7275,-0.1615
9.6629,0.9829,-0.2259,-1.3511,2.3673,0.5058,0.7532,0.1615,-0.9403,-0.2071,1.3438,2.3374,-0.5304,0.7252,-0.1618
9.6830,0.9821,-0.2224,-1.3480,2.3685,0.5170,0.7532,0.1611,-0.9384,-0.2006,1.3395,2.3374,-0.5434,0.7233,-0.1618
9.7131,0.9810,-0.2167,-1.3434,2.3681,0.5338,0.7532,0.1622,-0.9338,-0.1914,1.3323,2.3366,-0.5630,0.7175,-0.1622
9.7430,0.9791,-0.2105,-1.3388,2.3696,0.5515,0.7513,0.1630,-0.9284,-0.1833,1.3246,2.3351,-0.5825,0.7110,-0.1611
9.7730,0.9771,-0.2033,-1.3323,2.3692,0.5703,0.7478,0.1618,-0.9235,-0.1741,1.3162,2.3324,-0.6052,0.7037,-0.1615
9.8029,0.9733,-0.1963,-1.3261,2.3681,0.5902,0.7436,0.1618,-0.9181,-0.1641,1.3066,2.3317,-0.6293,0.6941,-0.1615
9.8329,0.9702,-0.1883,-1.3200,2.3681,0.6113,0.7378,0.1618,-0.9123,-0.1545,1.2970,2.3286,-0.6535,0.6861,-0.1615
9.8629,0.9660,-0.1787,-1.3116,2.3669,0.6362,0.7263,0.1622,-0.9066,-0.1457,1.2859,2.3259,-0.6776,0.6788,-0.1607
9.8929,0.9603,-0.1703,-1.3027,2.3673,0.6608,0.7141,0.1615,-0.9001,-0.1365,1.2767,2.3221,-0.7014,0.6707,-0.1615
9.9230,0.9561,-0.1611,-1.2951,2.3650,0.6876,0.7052,0.1611,-0.8935,-0.1277,1.2659,2.3198,-0.7240,0.6638,-0.1622
9.9530,0.9499,-0.1515,-1.2859,2.3627,0.7145,0.6968,0.1611,-0.8866,-0.1181,1.2536,2.3148,-0.7455,0.6558,-0.1615
9.9831,0.9438,-0.1423,-1.2774,2.3600,0.7382,0.6891,0.1622,-0.8794,-0.1085,1.2425,2.3098,-0.7662,0.6500,-0.1611
10.0029,0.9388,-0.1361,-1.2701,2.3585,0.7532,0.6853,0.1615,-0.8755,-0.1035,1.2360,2.3067,-0.7789,0.6458,-0.1622
10.0329,0.9319,-0.1269,-1.2598,2.3539,0.7750,0.6792,0.1618,-0.8667,-0.0951,1.2249,2.3006,-0.7977,0.6412,-0.1607
10.0629,0.9250,-0.1162,-1.2494,2.3489,0.7950,0.6730,0.1618,-0.8609,-0.0867,1.2145,2.2952,-0.8145,0.6378,-0.1618
10.0929,0.9173,-0.1074,-1.2398,2.3428,0.8122,0.6669,0.1618,-0.8529,-0.0782,1.2049,2.2895,-0.8318,0.6320,-0.1615
10.1230,0.9093,-0.0978,-1.2291,2.3347,0.8272,0.6608,0.1607,-0.8456,-0.0709,1.1946,2.2826,-0.8487,0.6297,-0.1615
10.1530,0.9016,-0.0890,-1.2176,2.3286,0.8445,0.6535,0.1618,-0.8379,-0.0625,1.1858,2.2757,-0.8659,0.6259,-0.1622
10.1830,0.8943,-0.0809,-1.2084,2.3236,0.8625,0.6489,0.1615,-0.8303,-0.0552,1.1766,2.2688,-0.8824,0.6228,-0.1607
10.2130,0.8851,-0.0706,-1.1980,2.3186,0.8813,0.6454,0.1615,-0.8218,-0.0472,1.1674,2.2615,-0.8970,0.6186,-0.1611
10.2430,0.8774,-0.0617,-1.1888,2.3125,0.8985,0.6427,0.1611,-0.8122,-0.0422,1.1578,2.2542,-0.9112,0.6147,-0.1607
10.2730,0.8682,-0.0541,-1.1777,2.3060,0.9135,0.6401,0.1615,-0.8053,-0.0353,1.1490,2.2473,-0.9238,0.6105,-0.1603
10.3029,0.8594,-0.0468,-1.1674,2.2983,0.9269,0.6351,0.1622,-0.7969,-0.0280,1.1401,2.2400,-0.9365,0.6078,-0.1622
10.3329,0.8506,-0.0387,-1.1578,2.2918,0.9403,0.6305,0.1618,-0.7885,-0.0222,1.1298,2.2316,-0.9480,0.6021,-0.1611
10.3530,0.8441,-0.0341,-1.1509,2.2856,0.9480,0.6278,0.1607,-0.7835,-0.0180,1.1233,2.2254,-0.9557,0.6017,-0.1607
10.3831,0.8349,-0.0253,-1.1420,2.2783,0.9603,0.6220,0.1622,-0.7743,-0.0119,1.1152,2.2174,-0.9656,0.5963,-0.1607
10.4133,0.8260,-0.0184,-1.1332,2.2699,0.9714,0.6178,0.1607,-0.7658,-0.0065,1.1041,2.2085,-0.9760,0.5910,-0.1615
10.4430,0.8161,-0.0119,-1.1233,2.2622,0.9817,0.6121,0.1615,-0.7570,-0.0004,1.0949,2.2001,-0.9863,0.5860,-0.1607
10.4730,0.8057,-0.0054,-1.1137,2.2538,0.9921,0.6075,0.1618,-0.7490,0.0050,1.0857,2.1917,-0.9963,0.5791,-0.1615
10.5029,0.7973,0.0015,-1.1037,2.2438,1.0017,0.6013,0.1622,-0.7405,0.0092,1.0761,2.1817,-1.0063,0.5745,-0.1607
10.5329,0.7877,0.0077,-1.0945,2.2365,1.0124,0.5948,0.1615,-0.7313,0.0142,1.0680,2.1737,-1.0151,0.5680,-0.1611
10.5629,0.7777,0.0138,-1.0857,2.2254,1.0220,0.5879,0.1603,-0.7221,0.0192,1.0573,2.1648,-1.0235,0.5622,-0.1611
10.5929,0.7666,0.0196,-1.0757,2.2166,1.0308,0.5837,0.1611,-0.7137,0.0245,1.0489,2.1560,-1.0305,0.5572,-0.1611
10.6229,0.7582,0.0265,-1.0665,2.2070,1.0385,0.5760,0.1615,-0.7045,0.0288,1.0385,2.1483,-1.0370,0.5503,-0.1622
10.6530,0.7486,0.0314,-1.0573,2.1955,1.0462,0.5699,0.1611,-0.6964,0.0334,1.0289,2.1395,-1.0443,0.5438,-0.1615
10.6730,0.7417,0.0353,-1.0515,2.1901,1.0500,0.5664,0.1622,-0.6911,0.0364,1.0224,2.1334,-1.0492,0.5384,-0.1611
10.7029,0.7317,0.0403,-1.0427,2.1806,1.0573,0.5591,0.1615,-0.6822,0.0403,1.0120,2.1253,-1.0550,0.5315,-0.1607
10.7330,0.7214,0.0456,-1.0328,2.1698,1.0630,0.5515,0.1622,-0.6742,0.0441,1.0017,2.1184,-1.0604,0.5262,-0.1611
10.7631,0.7122,0.0499,-1.0243,2.1610,1.0688,0.5449,0.1611,-0.6665,0.0476,0.9913,2.1092,-1.0657,0.5181,-0.1615
10.7929,0.7022,0.0537,-1.0140,2.1506,1.0742,0.5373,0.1611,-0.6585,0.0514,0.9817,2.1008,-1.0711,0.5100,-0.1611
10.8231,0.6918,0.0579,-1.0044,2.1414,1.0803,0.5300,0.1615,-0.6512,0.0552,0.9714,2.0931,-1.0753,0.5024,-0.1607
10.8530,0.6815,0.0617,-0.9956,2.1330,1.0853,0.5235,0.1618,-0.6435,0.0594,0.9610,2.0847,-1.0803,0.4955,-0.1607
10.8831,0.6727,0.0656,-0.9852,2.1238,1.0910,0.5139,0.1615,-0.6358,0.0629,0.9499,2.0774,-1.0857,0.4874,-0.1622
10.9130,0.6638,0.0698,-0.9745,2.1146,1.0956,0.5066,0.1615,-0.6278,0.0671,0.9399,2.0690,-1.0903,0.4794,-0.1615
10.9430,0.6550,0.0744,-0.9645,2.1046,1.0999,0.4974,0.1611,-0.6201,0.0729,0.9292,2.0598,-1.0945,0.4725,-0.1607
10.9730,0.6462,0.0786,-0.9553,2.0958,1.1045,0.4905,0.1615,-0.6121,0.0767,0.9185,2.0498,-1.0991,0.4659,-0.1615
10.9929,0.6408,0.0802,-0.9488,2.0893,1.1072,0.4847,0.1615,-0.6067,0.0805,0.9120,2.0429,-1.1010,0.4617,-0.1611
11.0230,0.6308,0.0859,-0.9380,2.0801,1.1095,0.4771,0.1618,-0.5990,0.0855,0.9016,2.0341,-1.1041,0.4560,-0.1615
11.0530,0.6224,0.0890,-0.9277,2.0701,1.1121,0.4705,0.1615,-0.5898,0.0913,0.8916,2.0237,-1.1083,0.4498,-0.1615
11.0830,0.6151,0.0943,-0.9181,2.0609,1.1152,0.4625,0.1618,-0.5818,0.0974,0.8817,2.0118,-1.1106,0.4429,-0.1611
11.1132,0.6067,0.0989,-0.9081,2.0498,1.1171,0.4571,0.1611,-0.5741,0.1043,0.8736,2.0018,-1.1137,0.4360,-0.1615
11.1430,0.5975,0.1043,-0.8985,2.0398,1.1187,0.4498,0.1615,-0.5657,0.1124,0.8644,1.9896,-1.1156,0.4291,-0.1611
11.1731,0.5883,0.1108,-0.8893,2.0283,1.1190,0.4426,0.1622,-0.5576,0.1189,0.8571,1.9785,-1.1179,0.4218,-0.1611
11.2029,0.5795,0.1166,-0.8801,2.0187,1.1213,0.4345,0.1611,-0.5499,0.1262,0.8517,1.9669,-1.1187,0.4157,-0.1615
11.2329,0.5722,0.1231,-0.8728,2.0076,1.1236,0.4268,0.1615,-0.5415,0.1342,0.8452,1.9562,-1.1202,0.4088,-0.1607
11.2629,0.5630,0.1292,-0.8644,1.9976,1.1236,0.4199,0.1618,-0.5354,0.1430,0.8406,1.9447,-1.1198,0.4034,-0.1611
11.2929,0.5553,0.1365,-0.8575,1.9873,1.1244,0.4123,0.1618,-0.5277,0.1503,0.8353,1.9347,-1.1206,0.3985,-0.1611
11.3230,0.5461,0.1430,-0.8506,1.9758,1.1248,0.4061,0.1615,-0.5219,0.1584,0.8307,1.9244,-1.1202,0.3946,-0.1618
11.3432,0.5415,0.1476,-0.8468,1.9681,1.1240,0.4019,0.1611,-0.5177,0.1645,0.8264,1.9179,-1.1202,0.3923,-0.1607
11.3730,0.5331,0.1561,-0.8422,1.9574,1.1240,0.3958,0.1622,-0.5120,0.1722,0.8226,1.9094,-1.1198,0.3889,-0.1611
11.4029,0.5254,0.1634,-0.8368,1.9470,1.1236,0.3889,0.1615,-0.5089,0.1791,0.8180,1.9014,-1.1206,0.3866,-0.1611
11.4329,0.5166,0.1707,-0.8326,1.9370,1.1240,0.3800,0.1615,-0.5043,0.1875,0.8142,1.8941,-1.1206,0.3846,-0.1607
11.4629,0.5093,0.1787,-0.8287,1.9278,1.1290,0.3735,0.1615,-0.4997,0.1944,0.8107,1.8883,-1.1198,0.3823,-0.1618
11.4929,0.5024,0.1875,-0.8253,1.9163,1.1344,0.3739,0.1611,-0.4982,0.2013,0.8092,1.8814,-1.1198,0.3823,-0.1607
11.5230,0.4959,0.1944,-0.8214,1.9087,1.1340,0.3724,0.1607,-0.4959,0.2075,0.8061,1.8757,-1.1198,0.3804,-0.1618
11.5530,0.4901,0.2017,-0.8188,1.8998,1.1344,0.3735,0.1611,-0.4951,0.2148,0.8046,1.8715,-1.1202,0.3793,-0.1611
11.5830,0.4851,0.2086,-0.8153,1.8933,1.1344,0.3731,0.1615,-0.4951,0.2209,0.8030,1.8680,-1.1202,0.3781,-0.1611
11.6130,0.4817,0.2159,-0.8134,1.8856,1.1332,0.3731,0.1618,-0.4951,0.2251,0.8042,1.8642,-1.1198,0.3781,-0.1607
11.6431,0.4775,0.2232,-0.8099,1.8799,1.1336,0.3716,0.1618,-0.4951,0.2301,0.8042,1.8611,-1.1198,0.3781,-0.1611
11.6630,0.4748,0.2278,-0.8099,1.8761,1.1332,0.3720,0.1618,-0.4962,0.2320,0.8038,1.8600,-1.1202,0.3781,-0.1607
11.6929,0.4728,0.2335,-0.8084,1.8703,1.1305,0.3720,0.1599,-0.4966,0.2339,0.8038,1.8580,-1.1202,0.3774,-0.1615
11.7230,0.4713,0.2401,-0.8061,1.8657,1.1282,0.3705,0.1611,-0.4978,0.2351,0.8046,1.8588,-1.1202,0.3762,-0.1611
11.7530,0.4698,0.2447,-0.8050,1.8619,1.1275,0.3701,0.1618,-0.4974,0.2355,0.8038,1.8596,-1.1206,0.3743,-0.1618
11.7832,0.4694,0.2485,-0.8034,1.8580,1.1282,0.3662,0.1626,-0.4989,0.2351,0.8050,1.8596,-1.1206,0.3743,-0.1615
11.8130,0.4682,0.2531,-0.8027,1.8557,1.1282,0.3624,0.1611,-0.4989,0.2351,0.8050,1.8607,-1.1202,0.3739,-0.1611
11.8430,0.4679,0.2562,-0.8011,1.8530,1.1279,0.3609,0.1611,-0.4989,0.2351,0.8046,1.8600,-1.1202,0.3728,-0.1622
11.8731,0.4686,0.2596,-0.8015,1.8500,1.1275,0.3601,0.1618,-0.4985,0.2347,0.8046,1.8592,-1.1206,0.3720,-0.1611
11.9031,0.4698,0.2623,-0.8007,1.8473,1.1271,0.3582,0.1607,-0.4989,0.2343,0.8053,1.8592,-1.1210,0.3716,-0.1603
11.9329,0.4694,0.2646,-0.8011,1.8458,1.1271,0.3578,0.1615,-0.4982,0.2347,0.8061,1.8611,-1.1206,0.3693,-0.1611
11.9629,0.4694,0.2654,-0.8011,1.8450,1.1271,0.3574,0.1618,-0.4982,0.2347,0.8057,1.8603,-1.1210,0.3682,-0.1618
11.9929,0.4698,0.2654,-0.8004,1.8446,1.1279,0.3586,0.1622,-0.4982,0.2343,0.8046,1.8615,-1.1202,0.3655,-0.1618
