time,left_s0,left_s1,left_e0,left_e1,left_w0,left_w1,left_w2,right_s0,right_s1,right_e0,right_e1,right_w0,right_w1,right_w2
0.0000,0.0920,-0.4107,-1.2935,1.5443,-0.1799,0.3559,-0.0180,-0.0909,-0.3885,1.2782,1.5344,0.1864,0.3758,0.0188
0.0300,0.0894,-0.4119,-1.2878,1.5440,-0.1802,0.3674,-0.0176,-0.0917,-0.3889,1.2751,1.5340,0.1856,0.3850,0.0188
0.0600,0.0878,-0.4130,-1.2816,1.5428,-0.1795,0.3797,-0.0180,-0.0924,-0.3877,1.2721,1.5344,0.1852,0.3942,0.0196
0.0900,0.0859,-0.4134,-1.2782,1.5428,-0.1791,0.3912,-0.0176,-0.0936,-0.3885,1.2694,1.5347,0.1848,0.4008,0.0184
0.1200,0.0855,-0.4153,-1.2736,1.5436,-0.1783,0.3996,-0.0184,-0.0943,-0.3885,1.2675,1.5363,0.1856,0.4061,0.0188
0.1500,0.0840,-0.4149,-1.2694,1.5428,-0.1791,0.4046,-0.0180,-0.0959,-0.3881,1.2663,1.5374,0.1856,0.4077,0.0196
0.1800,0.0832,-0.4146,-1.2652,1.5428,-0.1776,0.4080,-0.0173,-0.0966,-0.3881,1.2636,1.5386,0.1856,0.4073,0.0192
0.2100,0.0821,-0.4153,-1.2617,1.5424,-0.1779,0.4096,-0.0180,-0.0986,-0.3881,1.2613,1.5409,0.1852,0.4057,0.0188
0.2500,0.0821,-0.4146,-1.2582,1.5428,-0.1776,0.4092,-0.0180,-0.1016,-0.3881,1.2609,1.5451,0.1856,0.4054,0.0188
0.2801,0.0821,-0.4142,-1.2559,1.5428,-0.1779,0.4096,-0.0184,-0.1039,-0.3892,1.2605,1.5486,0.1852,0.4046,0.0188
0.3101,0.0821,-0.4138,-1.2525,1.5424,-0.1779,0.4092,-0.0184,-0.1062,-0.3881,1.2598,1.5532,0.1848,0.4054,0.0196
0.3400,0.0848,-0.4149,-1.2510,1.5443,-0.1768,0.4084,-0.0180,-0.1097,-0.3885,1.2598,1.5597,0.1852,0.4050,0.0188
0.3700,0.0859,-0.4149,-1.2502,1.5463,-0.1776,0.4092,-0.0180,-0.1139,-0.3885,1.2598,1.5650,0.1852,0.4050,0.0196
0.4000,0.0874,-0.4153,-1.2490,1.5486,-0.1776,0.4096,-0.0184,-0.1181,-0.3885,1.2594,1.5727,0.1852,0.4054,0.0196
0.4300,0.0897,-0.4149,-1.2483,1.5509,-0.1779,0.4103,-0.0199,-0.1231,-0.3900,1.2594,1.5792,0.1856,0.4046,0.0192
0.4600,0.0932,-0.4161,-1.2464,1.5551,-0.1779,0.4096,-0.0203,-0.1285,-0.3900,1.2602,1.5881,0.1860,0.4042,0.0203
0.5000,0.0989,-0.4157,-1.2441,1.5604,-0.1776,0.4096,-0.0196,-0.1358,-0.3904,1.2594,1.6011,0.1856,0.4042,0.0192
0.5300,0.1039,-0.4157,-1.2441,1.5662,-0.1776,0.4096,-0.0192,-0.1430,-0.3908,1.2602,1.6122,0.1856,0.4038,0.0196
0.5600,0.1097,-0.4161,-1.2433,1.5719,-0.1776,0.4092,-0.0192,-0.1496,-0.3915,1.2598,1.6226,0.1852,0.4038,0.0188
0.5900,0.1135,-0.4149,-1.2425,1.5785,-0.1776,0.4092,-0.0199,-0.1576,-0.3935,1.2602,1.6333,0.1856,0.4042,0.0192
0.6200,0.1200,-0.4157,-1.2425,1.5865,-0.1776,0.4088,-0.0196,-0.1653,-0.3950,1.2590,1.6448,0.1856,0.4031,0.0184
0.6502,0.1266,-0.4165,-1.2425,1.5953,-0.1783,0.4092,-0.0199,-0.1730,-0.3985,1.2594,1.6578,0.1856,0.4027,0.0184
0.6800,0.1354,-0.4165,-1.2421,1.6045,-0.1779,0.4088,-0.0199,-0.1814,-0.4008,1.2594,1.6709,0.1848,0.4008,0.0184
0.7101,0.1415,-0.4165,-1.2429,1.6157,-0.1779,0.4088,-0.0203,-0.1898,-0.4050,1.2598,1.6828,0.1852,0.4000,0.0188
0.7500,0.1499,-0.4169,-1.2418,1.6302,-0.1776,0.4084,-0.0199,-0.2013,-0.4096,1.2594,1.7008,0.1852,0.3992,0.0188
0.7800,0.1580,-0.4192,-1.2421,1.6410,-0.1783,0.4084,-0.0199,-0.2102,-0.4149,1.2598,1.7138,0.1856,0.4000,0.0188
0.8101,0.1649,-0.4203,-1.2425,1.6532,-0.1776,0.4080,-0.0199,-0.2197,-0.4195,1.2590,1.7265,0.1852,0.4004,0.0188
0.8402,0.1737,-0.4211,-1.2425,1.6659,-0.1787,0.4088,-0.0196,-0.2282,-0.4238,1.2598,1.7392,0.1860,0.4008,0.0196
0.8700,0.1818,-0.4234,-1.2414,1.6789,-0.1783,0.4084,-0.0199,-0.2362,-0.4280,1.2602,1.7518,0.1856,0.4011,0.0184
0.9001,0.1902,-0.4261,-1.2414,1.6916,-0.1779,0.4096,-0.0196,-0.2454,-0.4330,1.2609,1.7633,0.1856,0.4015,0.0188
0.9300,0.1990,-0.4287,-1.2421,1.7031,-0.1779,0.4080,-0.0199,-0.2546,-0.4364,1.2613,1.7756,0.1856,0.4015,0.0188
0.9601,0.2075,-0.4337,-1.2418,1.7165,-0.1776,0.4080,-0.0199,-0.2627,-0.4403,1.2609,1.7859,0.1856,0.4031,0.0192
1.0000,0.2197,-0.4399,-1.2418,1.7342,-0.1779,0.4084,-0.0199,-0.2738,-0.4449,1.2628,1.8001,0.1852,0.4031,0.0188
1.0300,0.2289,-0.4422,-1.2414,1.7480,-0.1783,0.4084,-0.0196,-0.2792,-0.4472,1.2628,1.8093,0.1856,0.4042,0.0192
1.0600,0.2385,-0.4472,-1.2425,1.7602,-0.1776,0.4088,-0.0196,-0.2865,-0.4491,1.2640,1.8174,0.1856,0.4038,0.0184
1.0900,0.2474,-0.4506,-1.2429,1.7721,-0.1787,0.4080,-0.0196,-0.2911,-0.4510,1.2636,1.8243,0.1856,0.4038,0.0188
1.1200,0.2562,-0.4556,-1.2421,1.7848,-0.1779,0.4088,-0.0196,-0.2961,-0.4525,1.2655,1.8297,0.1856,0.4034,0.0188
1.1500,0.2654,-0.4579,-1.2429,1.7944,-0.1779,0.4092,-0.0196,-0.2991,-0.4537,1.2663,1.8343,0.1848,0.4038,0.0199
1.1800,0.2727,-0.4613,-1.2425,1.8055,-0.1783,0.4092,-0.0199,-0.3030,-0.4544,1.2675,1.8404,0.1852,0.4000,0.0188
1.2101,0.2811,-0.4644,-1.2433,1.8155,-0.1779,0.4084,-0.0196,-0.3064,-0.4544,1.2690,1.8454,0.1848,0.4011,0.0188
1.2500,0.2922,-0.4671,-1.2452,1.8262,-0.1779,0.4077,-0.0199,-0.3076,-0.4556,1.2713,1.8515,0.1852,0.4011,0.0188
1.2800,0.2995,-0.4679,-1.2444,1.8354,-0.1776,0.4073,-0.0203,-0.3083,-0.4544,1.2724,1.8527,0.1860,0.4023,0.0192
1.3100,0.3056,-0.4709,-1.2456,1.8423,-0.1783,0.4084,-0.0192,-0.3079,-0.4544,1.2721,1.8523,0.1856,0.4000,0.0192
1.3407,0.3114,-0.4721,-1.2460,1.8484,-0.1783,0.4092,-0.0203,-0.3076,-0.4548,1.2732,1.8534,0.1848,0.3996,0.0184
1.3701,0.3172,-0.4713,-1.2467,1.8542,-0.1783,0.4080,-0.0192,-0.3072,-0.4541,1.2747,1.8519,0.1852,0.3996,0.0192
1.4000,0.3218,-0.4725,-1.2483,1.8573,-0.1779,0.4077,-0.0196,-0.3064,-0.4541,1.2763,1.8519,0.1864,0.4004,0.0184
1.4299,0.3267,-0.4732,-1.2502,1.8611,-0.1787,0.4057,-0.0199,-0.3060,-0.4552,1.2770,1.8519,0.1856,0.3992,0.0188
1.4600,0.3317,-0.4740,-1.2506,1.8657,-0.1783,0.4077,-0.0203,-0.3041,-0.4541,1.2770,1.8504,0.1856,0.4011,0.0188
1.5000,0.3356,-0.4732,-1.2536,1.8692,-0.1783,0.4069,-0.0199,-0.3018,-0.4548,1.2782,1.8473,0.1848,0.4004,0.0192
1.5300,0.3379,-0.4748,-1.2548,1.8707,-0.1787,0.4096,-0.0199,-0.2999,-0.4533,1.2774,1.8438,0.1856,0.4008,0.0180
1.5599,0.3390,-0.4740,-1.2556,1.8711,-0.1776,0.4088,-0.0199,-0.2961,-0.4525,1.2782,1.8389,0.1856,0.4011,0.0184
1.5900,0.3390,-0.4740,-1.2559,1.8695,-0.1791,0.4084,-0.0196,-0.2934,-0.4514,1.2790,1.8343,0.1852,0.4023,0.0192
1.6200,0.3371,-0.4736,-1.2563,1.8692,-0.1783,0.4073,-0.0199,-0.2888,-0.4498,1.2790,1.8270,0.1852,0.4019,0.0184
1.6500,0.3356,-0.4736,-1.2571,1.8676,-0.1776,0.4096,-0.0203,-0.2838,-0.4472,1.2786,1.8197,0.1848,0.4019,0.0188
1.6800,0.3336,-0.4728,-1.2571,1.8661,-0.1779,0.4092,-0.0203,-0.2773,-0.4445,1.2790,1.8109,0.1848,0.4019,0.0184
1.7101,0.3302,-0.4725,-1.2586,1.8642,-0.1783,0.4084,-0.0199,-0.2715,-0.4403,1.2790,1.8009,0.1856,0.4015,0.0196
1.7500,0.3260,-0.4717,-1.2609,1.8592,-0.1783,0.4100,-0.0196,-0.2619,-0.4330,1.2790,1.7875,0.1848,0.4015,0.0188
1.7800,0.3206,-0.4694,-1.2628,1.8534,-0.1779,0.4096,-0.0199,-0.2539,-0.4284,1.2782,1.7760,0.1848,0.4004,0.0184
1.8100,0.3164,-0.4663,-1.2648,1.8465,-0.1779,0.4096,-0.0199,-0.2451,-0.4211,1.2790,1.7637,0.1848,0.4019,0.0192
1.8401,0.3099,-0.4613,-1.2655,1.8392,-0.1787,0.4092,-0.0199,-0.2358,-0.4157,1.2790,1.7507,0.1852,0.4031,0.0196
1.8700,0.3030,-0.4552,-1.2690,1.8297,-0.1783,0.4100,-0.0196,-0.2270,-0.4073,1.2786,1.7372,0.1848,0.4004,0.0184
1.9001,0.2953,-0.4472,-1.2690,1.8201,-0.1783,0.4096,-0.0196,-0.2163,-0.4004,1.2786,1.7223,0.1848,0.3950,0.0192
1.9299,0.2872,-0.4391,-1.2713,1.8078,-0.1783,0.4088,-0.0199,-0.2052,-0.3931,1.2782,1.7069,0.1825,0.3931,0.0188
1.9600,0.2780,-0.4303,-1.2721,1.7959,-0.1787,0.4092,-0.0203,-0.1940,-0.3862,1.2782,1.6901,0.1810,0.3873,0.0184
2.0003,0.2642,-0.4188,-1.2728,1.7783,-0.1795,0.4077,-0.0207,-0.1795,-0.3758,1.2778,1.6651,0.1749,0.3846,0.0188
2.0300,0.2539,-0.4107,-1.2721,1.7629,-0.1779,0.4038,-0.0203,-0.1676,-0.3693,1.2782,1.6467,0.1684,0.3800,0.0188
2.0600,0.2420,-0.4027,-1.2728,1.7480,-0.1760,0.4046,-0.0203,-0.1549,-0.3609,1.2782,1.6279,0.1611,0.3781,0.0188
2.0900,0.2301,-0.3942,-1.2721,1.7311,-0.1707,0.3973,-0.0199,-0.1427,-0.3528,1.2778,1.6080,0.1538,0.3747,0.0196
2.1201,0.2167,-0.3862,-1.2717,1.7138,-0.1634,0.3938,-0.0203,-0.1319,-0.3448,1.2770,1.5869,0.1484,0.3758,0.0199
2.1500,0.2040,-0.3774,-1.2728,1.6958,-0.1561,0.3892,-0.0203,-0.1181,-0.3382,1.2778,1.5666,0.1446,0.3739,0.0184
2.1800,0.1910,-0.3701,-1.2724,1.6759,-0.1503,0.3869,-0.0207,-0.1058,-0.3302,1.2770,1.5459,0.1430,0.3735,0.0188
2.2101,0.1779,-0.3624,-1.2728,1.6571,-0.1488,0.3843,-0.0207,-0.0928,-0.3229,1.2767,1.5263,0.1411,0.3724,0.0196
2.2500,0.1603,-0.3520,-1.2724,1.6318,-0.1450,0.3846,-0.0199,-0.0771,-0.3125,1.2774,1.4995,0.1404,0.3731,0.0192
2.2800,0.1473,-0.3436,-1.2728,1.6103,-0.1446,0.3858,-0.0203,-0.0637,-0.3068,1.2763,1.4799,0.1404,0.3720,0.0192
2.3100,0.1346,-0.3356,-1.2724,1.5915,-0.1430,0.3854,-0.0203,-0.0510,-0.3014,1.2770,1.4611,0.1400,0.3735,0.0188
2.3402,0.1208,-0.3279,-1.2721,1.5716,-0.1419,0.3858,-0.0199,-0.0403,-0.2961,1.2759,1.4416,0.1392,0.3728,0.0184
2.3701,0.1078,-0.3218,-1.2728,1.5509,-0.1411,0.3854,-0.0199,-0.0276,-0.2899,1.2767,1.4228,0.1388,0.3731,0.0188
2.4001,0.0955,-0.3137,-1.2732,1.5309,-0.1400,0.3846,-0.0207,-0.0161,-0.2853,1.2763,1.4051,0.1392,0.3724,0.0180
2.4301,0.0836,-0.3079,-1.2724,1.5094,-0.1396,0.3843,-0.0203,-0.0058,-0.2807,1.2759,1.3879,0.1381,0.3724,0.0188
2.4600,0.0706,-0.3003,-1.2728,1.4895,-0.1396,0.3846,-0.0207,0.0046,-0.2773,1.2751,1.3714,0.1384,0.3724,0.0192
2.5002,0.0525,-0.2922,-1.2724,1.4607,-0.1396,0.3854,-0.0199,0.0176,-0.2738,1.2755,1.3518,0.1381,0.3728,0.0184
2.5299,0.0395,-0.2865,-1.2728,1.4404,-0.1400,0.3846,-0.0199,0.0261,-0.2719,1.2751,1.3380,0.1381,0.3716,0.0180
2.5600,0.0280,-0.2803,-1.2732,1.4201,-0.1392,0.3839,-0.0203,0.0345,-0.2692,1.2759,1.3273,0.1377,0.3724,0.0192
2.5899,0.0153,-0.2750,-1.2724,1.4001,-0.1392,0.3831,-0.0203,0.0422,-0.2681,1.2763,1.3158,0.1377,0.3728,0.0184
2.6200,0.0023,-0.2704,-1.2713,1.3825,-0.1392,0.3835,-0.0199,0.0495,-0.2681,1.2759,1.3058,0.1384,0.3716,0.0188
2.6500,-0.0104,-0.2661,-1.2721,1.3645,-0.1392,0.3843,-0.0203,0.0564,-0.2681,1.2755,1.2977,0.1377,0.3716,0.0199
2.6800,-0.0207,-0.2635,-1.2721,1.3480,-0.1381,0.3850,-0.0203,0.0614,-0.2673,1.2755,1.2905,0.1377,0.3701,0.0184
2.7101,-0.0326,-0.2604,-1.2724,1.3334,-0.1377,0.3850,-0.0207,0.0667,-0.2669,1.2755,1.2847,0.1381,0.3693,0.0188
2.7501,-0.0453,-0.2589,-1.2724,1.3169,-0.1384,0.3850,-0.0203,0.0721,-0.2665,1.2755,1.2786,0.1381,0.3701,0.0188
2.7800,-0.0556,-0.2573,-1.2724,1.3050,-0.1377,0.3850,-0.0203,0.0763,-0.2661,1.2763,1.2747,0.1381,0.3705,0.0192
2.8101,-0.0637,-0.2566,-1.2724,1.2928,-0.1377,0.3843,-0.0207,0.0798,-0.2661,1.2759,1.2694,0.1388,0.3712,0.0192
2.8402,-0.0725,-0.2546,-1.2728,1.2843,-0.1381,0.3850,-0.0203,0.0821,-0.2661,1.2755,1.2659,0.1373,0.3678,0.0192
2.8700,-0.0798,-0.2554,-1.2728,1.2759,-0.1384,0.3854,-0.0203,0.0859,-0.2665,1.2755,1.2636,0.1381,0.3693,0.0184
2.9000,-0.0867,-0.2554,-1.2732,1.2682,-0.1381,0.3846,-0.0203,0.0871,-0.2665,1.2755,1.2617,0.1377,0.3678,0.0188
2.9301,-0.0928,-0.2550,-1.2751,1.2613,-0.1373,0.3839,-0.0203,0.0878,-0.2677,1.2759,1.2617,0.1377,0.3689,0.0192
2.9599,-0.0986,-0.2554,-1.2751,1.2552,-0.1377,0.3812,-0.0192,0.0878,-0.2669,1.2755,1.2613,0.1388,0.3689,0.0192
3.0000,-0.1035,-0.2543,-1.2763,1.2483,-0.1384,0.3804,-0.0207,0.0871,-0.2684,1.2755,1.2625,0.1381,0.3701,0.0184
3.0299,-0.1074,-0.2562,-1.2770,1.2448,-0.1377,0.3804,-0.0203,0.0871,-0.2688,1.2755,1.2621,0.1404,0.3701,0.0188
3.0600,-0.1097,-0.2550,-1.2770,1.2418,-0.1396,0.3800,-0.0211,0.0855,-0.2715,1.2736,1.2628,0.1499,0.3693,0.0188
3.0900,-0.1112,-0.2554,-1.2778,1.2383,-0.1411,0.3804,-0.0203,0.0844,-0.2753,1.2728,1.2632,0.1615,0.3674,0.0188
3.1200,-0.1131,-0.2546,-1.2778,1.2356,-0.1488,0.3808,-0.0203,0.0821,-0.2803,1.2713,1.2648,0.1760,0.3647,0.0188
3.1500,-0.1135,-0.2550,-1.2774,1.2341,-0.1618,0.3781,-0.0215,0.0794,-0.2861,1.2705,1.2675,0.1929,0.3632,0.0188
3.1800,-0.1139,-0.2558,-1.2774,1.2318,-0.1791,0.3770,-0.0196,0.0767,-0.2930,1.2694,1.2682,0.2128,0.3628,0.0184
3.2101,-0.1127,-0.2569,-1.2767,1.2322,-0.1975,0.3728,-0.0199,0.0732,-0.3003,1.2686,1.2705,0.2362,0.3636,0.0188
3.2500,-0.1112,-0.2589,-1.2763,1.2329,-0.2236,0.3701,-0.0203,0.0671,-0.3110,1.2694,1.2763,0.2619,0.3628,0.0188
3.2800,-0.1104,-0.2627,-1.2755,1.2326,-0.2447,0.3670,-0.0203,0.0621,-0.3202,1.2690,1.2809,0.2830,0.3624,0.0184
3.3101,-0.1085,-0.2673,-1.2736,1.2329,-0.2623,0.3678,-0.0199,0.0564,-0.3290,1.2686,1.2855,0.3033,0.3628,0.0188
3.3401,-0.1070,-0.2738,-1.2728,1.2345,-0.2846,0.3643,-0.0203,0.0506,-0.3394,1.2694,1.2912,0.3248,0.3620,0.0192
3.3700,-0.1047,-0.2811,-1.2717,1.2368,-0.3072,0.3590,-0.0207,0.0433,-0.3517,1.2690,1.2981,0.3448,0.3601,0.0199
3.4000,-0.1020,-0.2888,-1.2713,1.2402,-0.3290,0.3501,-0.0203,0.0360,-0.3636,1.2698,1.3062,0.3643,0.3551,0.0184
3.4299,-0.0982,-0.2980,-1.2694,1.2418,-0.3501,0.3490,-0.0203,0.0295,-0.3735,1.2705,1.3142,0.3812,0.3482,0.0192
3.4599,-0.0940,-0.3087,-1.2694,1.2464,-0.3708,0.3478,-0.0199,0.0219,-0.3873,1.2717,1.3211,0.3992,0.3486,0.0192
3.5001,-0.0855,-0.3233,-1.2698,1.2556,-0.3977,0.3494,-0.0207,0.0084,-0.4046,1.2740,1.3349,0.4261,0.3486,0.0188
3.5300,-0.0805,-0.3344,-1.2686,1.2617,-0.4146,0.3490,-0.0199,-0.0015,-0.4176,1.2770,1.3445,0.4418,0.3517,0.0188
3.5600,-0.0744,-0.3486,-1.2698,1.2671,-0.4318,0.3471,-0.0196,-0.0119,-0.4322,1.2797,1.3564,0.4590,0.3501,0.0188
3.5900,-0.0660,-0.3620,-1.2682,1.2751,-0.4498,0.3467,-0.0199,-0.0234,-0.4452,1.2839,1.3679,0.4721,0.3532,0.0192
3.6200,-0.0571,-0.3766,-1.2694,1.2843,-0.4648,0.3463,-0.0203,-0.0353,-0.4575,1.2893,1.3798,0.4886,0.3536,0.0188
3.6500,-0.0487,-0.3900,-1.2713,1.2931,-0.4794,0.3444,-0.0199,-0.0479,-0.4713,1.2958,1.3929,0.5020,0.3532,0.0188
3.6800,-0.0383,-0.4065,-1.2721,1.3047,-0.4928,0.3432,-0.0211,-0.0602,-0.4851,1.3031,1.4059,0.5147,0.3517,0.0188
3.7102,-0.0288,-0.4218,-1.2744,1.3154,-0.5066,0.3440,-0.0199,-0.0740,-0.4982,1.3096,1.4185,0.5265,0.3520,0.0188
3.7503,-0.0130,-0.4418,-1.2793,1.3315,-0.5246,0.3428,-0.0203,-0.0924,-0.5139,1.3215,1.4366,0.5426,0.3509,0.0192
3.7801,-0.0004,-0.4567,-1.2836,1.3438,-0.5380,0.3436,-0.0207,-0.1062,-0.5262,1.3319,1.4515,0.5565,0.3517,0.0203
3.8102,0.0142,-0.4725,-1.2885,1.3583,-0.5515,0.3432,-0.0203,-0.1212,-0.5357,1.3430,1.4661,0.5691,0.3520,0.0199
3.8403,0.0291,-0.4882,-1.2954,1.3721,-0.5618,0.3432,-0.0203,-0.1369,-0.5461,1.3537,1.4799,0.5798,0.3520,0.0184
3.8700,0.0441,-0.5008,-1.3035,1.3875,-0.5733,0.3425,-0.0203,-0.1515,-0.5557,1.3656,1.4964,0.5910,0.3501,0.0184
3.9002,0.0598,-0.5150,-1.3116,1.4017,-0.5852,0.3425,-0.0199,-0.1676,-0.5653,1.3790,1.5114,0.6029,0.3517,0.0184
3.9300,0.0771,-0.5281,-1.3211,1.4174,-0.5956,0.3432,-0.0207,-0.1837,-0.5737,1.3909,1.5278,0.6109,0.3520,0.0188
3.9600,0.0924,-0.5407,-1.3303,1.4331,-0.6063,0.3428,-0.0203,-0.1998,-0.5833,1.4047,1.5420,0.6190,0.3509,0.0192
4.0000,0.1150,-0.5565,-1.3438,1.4550,-0.6155,0.3432,-0.0203,-0.2217,-0.5933,1.4212,1.5635,0.6247,0.3505,0.0184
4.0300,0.1338,-0.5683,-1.3553,1.4722,-0.6232,0.3425,-0.0199,-0.2385,-0.6006,1.4347,1.5785,0.6293,0.3513,0.0188
4.0600,0.1507,-0.5791,-1.3664,1.4899,-0.6282,0.3428,-0.0199,-0.2546,-0.6078,1.4473,1.5946,0.6328,0.3501,0.0184
4.0900,0.1676,-0.5898,-1.3779,1.5071,-0.6305,0.3421,-0.0203,-0.2707,-0.6155,1.4596,1.6122,0.6355,0.3501,0.0203
4.1200,0.1852,-0.5998,-1.3894,1.5252,-0.6332,0.3428,-0.0207,-0.2869,-0.6228,1.4719,1.6264,0.6378,0.3513,0.0192
4.1500,0.2033,-0.6090,-1.4017,1.5436,-0.6358,0.3421,-0.0207,-0.3041,-0.6289,1.4837,1.6414,0.6412,0.3505,0.0180
4.1800,0.2201,-0.6167,-1.4132,1.5608,-0.6404,0.3428,-0.0199,-0.3191,-0.6343,1.4945,1.6567,0.6447,0.3494,0.0196
4.2102,0.2378,-0.6243,-1.4266,1.5796,-0.6435,0.3428,-0.0207,-0.3359,-0.6393,1.5048,1.6724,0.6485,0.3505,0.0188
4.2500,0.2600,-0.6339,-1.4423,1.6042,-0.6470,0.3421,-0.0199,-0.3555,-0.6470,1.5194,1.6912,0.6523,0.3505,0.0188
4.2800,0.2773,-0.6416,-1.4550,1.6237,-0.6500,0.3413,-0.0211,-0.3708,-0.6508,1.5278,1.7046,0.6550,0.3505,0.0188
4.3101,0.2953,-0.6477,-1.4680,1.6406,-0.6523,0.3436,-0.0199,-0.3854,-0.6562,1.5386,1.7188,0.6592,0.3509,0.0188
4.3401,0.3129,-0.6546,-1.4803,1.6586,-0.6546,0.3421,-0.0207,-0.4000,-0.6600,1.5486,1.7315,0.6608,0.3497,0.0188
4.3700,0.3294,-0.6592,-1.4918,1.6763,-0.6588,0.3421,-0.0203,-0.4126,-0.6634,1.5570,1.7422,0.6650,0.3494,0.0184
4.4000,0.3471,-0.6654,-1.5037,1.6935,-0.6615,0.3421,-0.0199,-0.4284,-0.6677,1.5673,1.7537,0.6669,0.3509,0.0188
4.4299,0.3647,-0.6711,-1.5156,1.7089,-0.6634,0.3425,-0.0196,-0.4403,-0.6696,1.5742,1.7637,0.6673,0.3505,0.0199
4.4600,0.3823,-0.6761,-1.5275,1.7238,-0.6669,0.3409,-0.0203,-0.4529,-0.6738,1.5842,1.7737,0.6707,0.3505,0.0184
4.5002,0.4042,-0.6826,-1.5447,1.7438,-0.6677,0.3421,-0.0207,-0.4709,-0.6769,1.5938,1.7836,0.6719,0.3509,0.0184
4.5301,0.4192,-0.6880,-1.5539,1.7572,-0.6688,0.3428,-0.0203,-0.4805,-0.6799,1.6007,1.7909,0.6723,0.3517,0.0188
4.5600,0.4341,-0.6926,-1.5650,1.7698,-0.6696,0.3417,-0.0207,-0.4905,-0.6811,1.6080,1.7963,0.6727,0.3505,0.0188
4.5900,0.4491,-0.6964,-1.5773,1.7821,-0.6696,0.3413,-0.0207,-0.4997,-0.6838,1.6130,1.8024,0.6719,0.3513,0.0188
4.6200,0.4629,-0.7010,-1.5869,1.7928,-0.6707,0.3428,-0.0203,-0.5070,-0.6861,1.6164,1.8082,0.6727,0.3524,0.0188
4.6500,0.4759,-0.7045,-1.5957,1.8024,-0.6707,0.3421,-0.0207,-0.5135,-0.6876,1.6210,1.8109,0.6730,0.3551,0.0184
4.6800,0.4863,-0.7079,-1.6045,1.8128,-0.6711,0.3425,-0.0203,-0.5196,-0.6880,1.6237,1.8147,0.6734,0.3593,0.0188
4.7101,0.4974,-0.7118,-1.6118,1.8212,-0.6707,0.3421,-0.0203,-0.5262,-0.6888,1.6272,1.8162,0.6738,0.3639,0.0188
4.7501,0.5108,-0.7145,-1.6218,1.8308,-0.6711,0.3455,-0.0203,-0.5292,-0.6888,1.6302,1.8205,0.6750,0.3701,0.0192
4.7800,0.5204,-0.7171,-1.6276,1.8369,-0.6719,0.3463,-0.0203,-0.5323,-0.6888,1.6333,1.8231,0.6757,0.3724,0.0184
4.8101,0.5281,-0.7191,-1.6333,1.8431,-0.6715,0.3486,-0.0203,-0.5342,-0.6891,1.6329,1.8247,0.6761,0.3766,0.0184
4.8401,0.5342,-0.7210,-1.6383,1.8481,-0.6707,0.3497,-0.0207,-0.5357,-0.6888,1.6341,1.8281,0.6757,0.3774,0.0192
4.8700,0.5396,-0.7206,-1.6421,1.8530,-0.6700,0.3520,-0.0207,-0.5369,-0.6891,1.6341,1.8289,0.6750,0.3800,0.0199
4.9000,0.5457,-0.7214,-1.6444,1.8553,-0.6680,0.3578,-0.0211,-0.5361,-0.6884,1.6337,1.8285,0.6707,0.3846,0.0196
4.9300,0.5507,-0.7206,-1.6479,1.8596,-0.6650,0.3616,-0.0203,-0.5377,-0.6880,1.6345,1.8274,0.6627,0.3881,0.0196
4.9600,0.5545,-0.7217,-1.6506,1.8615,-0.6631,0.3655,-0.0203,-0.5373,-0.6884,1.6325,1.8277,0.6592,0.3900,0.0188
5.0000,0.5591,-0.7210,-1.6532,1.8653,-0.6608,0.3643,-0.0207,-0.5380,-0.6880,1.6337,1.8281,0.6569,0.3908,0.0192
5.0300,0.5626,-0.7214,-1.6552,1.8680,-0.6596,0.3682,-0.0207,-0.5377,-0.6876,1.6333,1.8289,0.6565,0.3942,0.0196
5.0600,0.5649,-0.7214,-1.6578,1.8699,-0.6592,0.3689,-0.0207,-0.5396,-0.6861,1.6329,1.8289,0.6569,0.3935,0.0188
5.0900,0.5672,-0.7217,-1.6575,1.8715,-0.6592,0.3697,-0.0207,-0.5388,-0.6857,1.6333,1.8285,0.6558,0.3950,0.0188
5.1200,0.5695,-0.7221,-1.6598,1.8722,-0.6585,0.3712,-0.0203,-0.5377,-0.6849,1.6337,1.8281,0.6539,0.3965,0.0196
5.1500,0.5695,-0.7229,-1.6594,1.8711,-0.6577,0.3720,-0.0207,-0.5388,-0.6842,1.6341,1.8277,0.6527,0.3996,0.0184
5.1800,0.5703,-0.7214,-1.6602,1.8699,-0.6577,0.3731,-0.0211,-0.5388,-0.6830,1.6318,1.8262,0.6508,0.4046,0.0192
5.2101,0.5703,-0.7210,-1.6590,1.8711,-0.6550,0.3766,-0.0203,-0.5392,-0.6830,1.6314,1.8266,0.6473,0.4096,0.0184
5.2500,0.5691,-0.7198,-1.6598,1.8711,-0.6500,0.3839,-0.0196,-0.5384,-0.6815,1.6299,1.8254,0.6427,0.4172,0.0196
5.2801,0.5706,-0.7179,-1.6590,1.8703,-0.6454,0.3896,-0.0199,-0.5396,-0.6807,1.6287,1.8247,0.6378,0.4226,0.0188
5.3101,0.5695,-0.7168,-1.6590,1.8711,-0.6393,0.3950,-0.0211,-0.5384,-0.6769,1.6276,1.8239,0.6312,0.4280,0.0192
5.3403,0.5699,-0.7145,-1.6594,1.8699,-0.6343,0.4004,-0.0211,-0.5384,-0.6715,1.6276,1.8228,0.6243,0.4333,0.0192
5.3701,0.5695,-0.7110,-1.6598,1.8699,-0.6285,0.4073,-0.0203,-0.5388,-0.6657,1.6279,1.8216,0.6159,0.4391,0.0192
5.4000,0.5691,-0.7072,-1.6590,1.8692,-0.6209,0.4138,-0.0207,-0.5396,-0.6588,1.6276,1.8208,0.6071,0.4472,0.0188
5.4300,0.5703,-0.7014,-1.6594,1.8676,-0.6132,0.4218,-0.0207,-0.5384,-0.6512,1.6260,1.8201,0.5963,0.4537,0.0199
5.4600,0.5691,-0.6953,-1.6586,1.8669,-0.6036,0.4303,-0.0203,-0.5396,-0.6435,1.6245,1.8201,0.5829,0.4587,0.0188
5.5002,0.5687,-0.6849,-1.6598,1.8657,-0.5883,0.4410,-0.0207,-0.5407,-0.6339,1.6222,1.8208,0.5634,0.4686,0.0192
5.5300,0.5683,-0.6765,-1.6598,1.8646,-0.5741,0.4487,-0.0203,-0.5430,-0.6259,1.6214,1.8212,0.5465,0.4763,0.0196
5.5600,0.5680,-0.6677,-1.6594,1.8626,-0.5588,0.4548,-0.0207,-0.5438,-0.6182,1.6207,1.8239,0.5292,0.4863,0.0192
5.5899,0.5676,-0.6596,-1.6586,1.8615,-0.5407,0.4636,-0.0203,-0.5469,-0.6105,1.6199,1.8262,0.5089,0.4932,0.0188
5.6200,0.5680,-0.6523,-1.6582,1.8603,-0.5216,0.4717,-0.0203,-0.5499,-0.6017,1.6199,1.8289,0.4867,0.4993,0.0180
5.6500,0.5676,-0.6447,-1.6582,1.8588,-0.5005,0.4805,-0.0203,-0.5515,-0.5940,1.6203,1.8335,0.4629,0.5074,0.0173
5.6803,0.5676,-0.6397,-1.6594,1.8580,-0.4863,0.4863,-0.0203,-0.5542,-0.5879,1.6195,1.8369,0.4475,0.5123,0.0153
5.7100,0.5680,-0.6289,-1.6590,1.8584,-0.4560,0.4982,-0.0203,-0.5599,-0.5760,1.6203,1.8450,0.4161,0.5208,0.0134
5.7502,0.5683,-0.6182,-1.6586,1.8588,-0.4241,0.5097,-0.0203,-0.5676,-0.5641,1.6180,1.8557,0.3862,0.5304,0.0134
5.7801,0.5687,-0.6098,-1.6582,1.8592,-0.4000,0.5200,-0.0203,-0.5729,-0.5542,1.6183,1.8638,0.3647,0.5384,0.0134
5.8102,0.5695,-0.6009,-1.6586,1.8611,-0.3774,0.5262,-0.0207,-0.5798,-0.5442,1.6187,1.8730,0.3448,0.5472,0.0138
5.8402,0.5706,-0.5925,-1.6590,1.8638,-0.3586,0.5338,-0.0199,-0.5856,-0.5342,1.6176,1.8822,0.3264,0.5542,0.0142
5.8700,0.5714,-0.5825,-1.6586,1.8672,-0.3394,0.5419,-0.0199,-0.5925,-0.5235,1.6183,1.8910,0.3083,0.5603,0.0127
5.9000,0.5745,-0.5733,-1.6590,1.8707,-0.3221,0.5507,-0.0199,-0.6013,-0.5131,1.6187,1.9006,0.2915,0.5695,0.0130
5.9300,0.5772,-0.5637,-1.6594,1.8764,-0.3041,0.5599,-0.0188,-0.6101,-0.5028,1.6187,1.9094,0.2738,0.5779,0.0130
5.9600,0.5814,-0.5534,-1.6590,1.8826,-0.2846,0.5691,-0.0176,-0.6182,-0.4924,1.6187,1.9179,0.2562,0.5883,0.0138
6.0001,0.5871,-0.5392,-1.6586,1.8922,-0.2589,0.5818,-0.0173,-0.6308,-0.4775,1.6183,1.9297,0.2286,0.6021,0.0142
6.0299,0.5925,-0.5273,-1.6598,1.8991,-0.2405,0.5913,-0.0173,-0.6408,-0.4671,1.6195,1.9390,0.2090,0.6132,0.0130
6.0599,0.5990,-0.5162,-1.6590,1.9071,-0.2201,0.6021,-0.0173,-0.6508,-0.4567,1.6183,1.9462,0.1891,0.6236,0.0130
6.0899,0.6059,-0.5043,-1.6594,1.9156,-0.2013,0.6124,-0.0173,-0.6608,-0.4475,1.6183,1.9554,0.1707,0.6347,0.0138
6.1200,0.6132,-0.4939,-1.6586,1.9228,-0.1825,0.6243,-0.0173,-0.6711,-0.4383,1.6176,1.9623,0.1519,0.6450,0.0142
6.1500,0.6209,-0.4821,-1.6586,1.9328,-0.1630,0.6343,-0.0165,-0.6815,-0.4287,1.6180,1.9704,0.1319,0.6546,0.0138
6.1800,0.6308,-0.4698,-1.6567,1.9401,-0.1427,0.6458,-0.0150,-0.6914,-0.4199,1.6176,1.9781,0.1139,0.6623,0.0153
6.2100,0.6397,-0.4598,-1.6578,1.9501,-0.1250,0.6565,-0.0150,-0.7018,-0.4115,1.6172,1.9850,0.0970,0.6700,0.0138
6.2500,0.6527,-0.4460,-1.6571,1.9616,-0.1005,0.6677,-0.0153,-0.7145,-0.3992,1.6176,1.9953,0.0736,0.6815,0.0130
6.2800,0.6615,-0.4357,-1.6563,1.9704,-0.0840,0.6765,-0.0146,-0.7229,-0.3912,1.6160,2.0007,0.0579,0.6884,0.0130
6.3100,0.6711,-0.4257,-1.6555,1.9785,-0.0683,0.6826,-0.0142,-0.7321,-0.3816,1.6153,2.0084,0.0422,0.6957,0.0134
6.3401,0.6807,-0.4161,-1.6559,1.9877,-0.0529,0.6914,-0.0150,-0.7398,-0.3731,1.6145,2.0157,0.0288,0.7029,0.0138
6.3700,0.6903,-0.4061,-1.6552,1.9961,-0.0364,0.6987,-0.0146,-0.7474,-0.3659,1.6137,2.0214,0.0153,0.7087,0.0134
6.4000,0.7010,-0.3954,-1.6544,2.0049,-0.0230,0.7033,-0.0146,-0.7543,-0.3582,1.6118,2.0283,0.0027,0.7122,0.0119
6.4299,0.7102,-0.3869,-1.6540,2.0137,-0.0115,0.7095,-0.0146,-0.7597,-0.3501,1.6111,2.0329,-0.0096,0.7148,0.0119
6.4600,0.7187,-0.3766,-1.6532,2.0206,-0.0008,0.7141,-0.0146,-0.7655,-0.3421,1.6103,2.0387,-0.0196,0.7179,0.0107
6.5000,0.7302,-0.3647,-1.6529,2.0314,0.0153,0.7187,-0.0146,-0.7720,-0.3329,1.6088,2.0463,-0.0330,0.7214,0.0119
6.5300,0.7382,-0.3563,-1.6529,2.0390,0.0249,0.7194,-0.0146,-0.7754,-0.3260,1.6084,2.0525,-0.0437,0.7240,0.0115
6.5600,0.7447,-0.3478,-1.6517,2.0467,0.0368,0.7210,-0.0142,-0.7796,-0.3191,1.6076,2.0567,-0.0537,0.7244,0.0115
6.5900,0.7509,-0.3371,-1.6513,2.0528,0.0468,0.7225,-0.0146,-0.7827,-0.3125,1.6072,2.0624,-0.0648,0.7260,0.0115
6.6200,0.7582,-0.3287,-1.6498,2.0594,0.0571,0.7244,-0.0150,-0.7850,-0.3053,1.6042,2.0667,-0.0763,0.7271,0.0111
6.6501,0.7639,-0.3210,-1.6494,2.0655,0.0694,0.7263,-0.0150,-0.7873,-0.2999,1.6026,2.0705,-0.0874,0.7279,0.0115
6.6801,0.7701,-0.3125,-1.6467,2.0701,0.0798,0.7298,-0.0134,-0.7888,-0.2945,1.6003,2.0747,-0.0978,0.7298,0.0119
6.7101,0.7747,-0.3053,-1.6444,2.0755,0.0901,0.7286,-0.0138,-0.7908,-0.2884,1.5988,2.0789,-0.1093,0.7306,0.0111
6.7500,0.7793,-0.2957,-1.6421,2.0828,0.1043,0.7302,-0.0119,-0.7919,-0.2803,1.5953,2.0843,-0.1231,0.7306,0.0111
6.7800,0.7827,-0.2892,-1.6394,2.0877,0.1154,0.7306,-0.0111,-0.7935,-0.2765,1.5919,2.0870,-0.1338,0.7306,0.0111
6.8101,0.7854,-0.2815,-1.6371,2.0923,0.1266,0.7325,-0.0115,-0.7954,-0.2707,1.5900,2.0920,-0.1450,0.7302,0.0100
6.8403,0.7888,-0.2734,-1.6337,2.0966,0.1373,0.7321,-0.0107,-0.7958,-0.2661,1.5873,2.0947,-0.1557,0.7313,0.0088
6.8700,0.7912,-0.2688,-1.6314,2.1012,0.1473,0.7309,-0.0115,-0.7981,-0.2646,1.5846,2.0993,-0.1657,0.7309,0.0088
6.9000,0.7935,-0.2627,-1.6283,2.1050,0.1580,0.7321,-0.0111,-0.7996,-0.2600,1.5815,2.1019,-0.1745,0.7302,0.0100
6.9300,0.7942,-0.2569,-1.6241,2.1088,0.1680,0.7329,-0.0111,-0.8015,-0.2550,1.5781,2.1050,-0.1833,0.7317,0.0104
6.9600,0.7969,-0.2516,-1.6207,2.1131,0.1768,0.7321,-0.0111,-0.8046,-0.2527,1.5758,2.1077,-0.1921,0.7348,0.0096
7.0000,0.7988,-0.2439,-1.6176,2.1180,0.1891,0.7321,-0.0111,-0.8073,-0.2474,1.5731,2.1111,-0.2029,0.7436,0.0092
7.0300,0.8011,-0.2393,-1.6141,2.1203,0.1963,0.7371,-0.0111,-0.8099,-0.2443,1.5700,2.1134,-0.2090,0.7493,0.0100
7.0599,0.8019,-0.2351,-1.6111,2.1234,0.2025,0.7417,-0.0107,-0.8134,-0.2405,1.5673,2.1154,-0.2144,0.7566,0.0088
7.0900,0.8038,-0.2301,-1.6076,2.1269,0.2090,0.7490,-0.0111,-0.8168,-0.2374,1.5658,2.1177,-0.2186,0.7655,0.0100
7.1200,0.8061,-0.2266,-1.6042,2.1284,0.2148,0.7582,-0.0115,-0.8214,-0.2335,1.5658,2.1196,-0.2232,0.7727,0.0084
7.1500,0.8088,-0.2224,-1.6015,2.1315,0.2178,0.7670,-0.0115,-0.8253,-0.2305,1.5631,2.1223,-0.2270,0.7800,0.0100
7.1800,0.8107,-0.2190,-1.5973,2.1342,0.2217,0.7735,-0.0115,-0.8303,-0.2278,1.5608,2.1234,-0.2301,0.7881,0.0096
7.2102,0.8145,-0.2144,-1.5957,2.1361,0.2259,0.7781,-0.0115,-0.8353,-0.2243,1.5601,2.1242,-0.2339,0.7954,0.0096
7.2502,0.8191,-0.2094,-1.5919,2.1395,0.2309,0.7873,-0.0115,-0.8422,-0.2190,1.5581,2.1269,-0.2416,0.8050,0.0092
7.2801,0.8218,-0.2052,-1.5877,2.1426,0.2351,0.7942,-0.0115,-0.8483,-0.2167,1.5581,2.1284,-0.2470,0.8119,0.0092
7.3103,0.8264,-0.2029,-1.5881,2.1449,0.2397,0.8000,-0.0111,-0.8533,-0.2128,1.5566,2.1307,-0.2531,0.8180,0.0092
7.3400,0.8307,-0.1987,-1.5846,2.1453,0.2447,0.8076,-0.0115,-0.8583,-0.2090,1.5570,2.1318,-0.2585,0.8260,0.0096
7.3700,0.8360,-0.1956,-1.5823,2.1476,0.2493,0.8134,-0.0111,-0.8644,-0.2036,1.5555,2.1345,-0.2631,0.8310,0.0088
7.4000,0.8391,-0.1906,-1.5812,2.1491,0.2539,0.8203,-0.0111,-0.8686,-0.2010,1.5551,2.1368,-0.2673,0.8356,0.0088
7.4300,0.8452,-0.1871,-1.5792,2.1518,0.2562,0.8241,-0.0111,-0.8751,-0.1963,1.5547,2.1395,-0.2711,0.8402,0.0092
7.4599,0.8494,-0.1833,-1.5773,2.1552,0.2592,0.8283,-0.0107,-0.8805,-0.1921,1.5543,2.1437,-0.2757,0.8429,0.0088
7.5000,0.8567,-0.1772,-1.5762,2.1583,0.2661,0.8326,-0.0104,-0.8870,-0.1852,1.5551,2.1472,-0.2811,0.8460,0.0088
7.5300,0.8613,-0.1733,-1.5742,2.1602,0.2723,0.8360,-0.0111,-0.8916,-0.1806,1.5539,2.1506,-0.2899,0.8448,0.0092
7.5599,0.8663,-0.1691,-1.5727,2.1629,0.2792,0.8383,-0.0104,-0.8958,-0.1760,1.5543,2.1541,-0.2995,0.8460,0.0100
7.5900,0.8717,-0.1649,-1.5719,2.1660,0.2880,0.8391,-0.0100,-0.8989,-0.1718,1.5532,2.1575,-0.3099,0.8471,0.0104
7.6200,0.8763,-0.1607,-1.5708,2.1687,0.2972,0.8406,-0.0107,-0.9020,-0.1676,1.5524,2.1610,-0.3206,0.8452,0.0088
7.6500,0.8809,-0.1561,-1.5704,2.1725,0.3068,0.8410,-0.0107,-0.9058,-0.1626,1.5516,2.1644,-0.3313,0.8456,0.0084
7.6800,0.8855,-0.1519,-1.5696,2.1740,0.3172,0.8422,-0.0107,-0.9089,-0.1588,1.5493,2.1675,-0.3405,0.8452,0.0092
7.7100,0.8905,-0.1473,-1.5677,2.1767,0.3267,0.8422,-0.0107,-0.9108,-0.1538,1.5466,2.1713,-0.3471,0.8433,0.0092
7.7500,0.8958,-0.1415,-1.5670,2.1806,0.3394,0.8445,-0.0107,-0.9135,-0.1465,1.5436,2.1737,-0.3559,0.8429,0.0096
7.7801,0.9001,-0.1369,-1.5643,2.1829,0.3490,0.8464,-0.0111,-0.9162,-0.1434,1.5417,2.1767,-0.3697,0.8406,0.0092
7.8101,0.9039,-0.1327,-1.5639,2.1859,0.3590,0.8464,-0.0111,-0.9177,-0.1388,1.5390,2.1786,-0.3827,0.8387,0.0088
7.8403,0.9077,-0.1285,-1.5608,2.1882,0.3674,0.8471,-0.0115,-0.9200,-0.1350,1.5351,2.1806,-0.3927,0.8379,0.0096
7.8700,0.9112,-0.1243,-1.5574,2.1901,0.3766,0.8468,-0.0111,-0.9219,-0.1292,1.5317,2.1813,-0.4038,0.8372,0.0084
7.9002,0.9150,-0.1197,-1.5555,2.1924,0.3843,0.8460,-0.0111,-0.9223,-0.1258,1.5282,2.1829,-0.4111,0.8383,0.0100
7.9300,0.9189,-0.1147,-1.5512,2.1944,0.3931,0.8460,-0.0111,-0.9250,-0.1208,1.5248,2.1836,-0.4176,0.8383,0.0092
7.9600,0.9219,-0.1112,-1.5478,2.1951,0.4011,0.8456,-0.0111,-0.9261,-0.1162,1.5213,2.1832,-0.4234,0.8387,0.0084
8.0003,0.9246,-0.1051,-1.5432,2.1974,0.4084,0.8445,-0.0104,-0.9281,-0.1112,1.5163,2.1832,-0.4238,0.8387,0.0088
8.0299,0.9284,-0.1005,-1.5409,2.1982,0.4107,0.8429,-0.0104,-0.9288,-0.1074,1.5140,2.1840,-0.4257,0.8399,0.0100
8.0600,0.9311,-0.0966,-1.5378,2.2005,0.4130,0.8418,-0.0107,-0.9307,-0.1047,1.5117,2.1844,-0.4295,0.8402,0.0100
8.0900,0.9330,-0.0920,-1.5336,2.2009,0.4149,0.8414,-0.0107,-0.9323,-0.1009,1.5079,2.1855,-0.4337,0.8406,0.0096
8.1200,0.9350,-0.0874,-1.5298,2.2005,0.4153,0.8418,-0.0100,-0.9334,-0.0982,1.5056,2.1863,-0.4383,0.8410,0.0100
8.1500,0.9365,-0.0836,-1.5278,2.2016,0.4176,0.8414,-0.0100,-0.9342,-0.0951,1.5029,2.1859,-0.4429,0.8414,0.0084
8.1800,0.9369,-0.0802,-1.5236,2.2032,0.4249,0.8418,-0.0096,-0.9350,-0.0924,1.4998,2.1871,-0.4479,0.8441,0.0092
8.2100,0.9392,-0.0767,-1.5206,2.2036,0.4314,0.8418,-0.0088,-0.9361,-0.0897,1.4964,2.1878,-0.4533,0.8468,0.0096
8.2500,0.9396,-0.0709,-1.5148,2.2043,0.4426,0.8414,-0.0088,-0.9380,-0.0863,1.4929,2.1882,-0.4583,0.8487,0.0092
8.2800,0.9399,-0.0686,-1.5125,2.2047,0.4498,0.8418,-0.0096,-0.9388,-0.0840,1.4926,2.1894,-0.4606,0.8494,0.0096
8.3101,0.9407,-0.0667,-1.5106,2.2055,0.4521,0.8418,-0.0092,-0.9403,-0.0825,1.4895,2.1894,-0.4629,0.8494,0.0092
8.3402,0.9403,-0.0625,-1.5064,2.2062,0.4533,0.8418,-0.0096,-0.9426,-0.0802,1.4895,2.1917,-0.4648,0.8506,0.0088
8.3701,0.9419,-0.0606,-1.5033,2.2070,0.4552,0.8422,-0.0092,-0.9449,-0.0790,1.4853,2.1924,-0.4667,0.8498,0.0096
8.4000,0.9426,-0.0579,-1.5014,2.2078,0.4556,0.8425,-0.0092,-0.9476,-0.0778,1.4849,2.1932,-0.4698,0.8506,0.0100
8.4300,0.9426,-0.0556,-1.4998,2.2082,0.4571,0.8433,-0.0084,-0.9499,-0.0759,1.4837,2.1947,-0.4759,0.8506,0.0100
8.4600,0.9445,-0.0537,-1.4972,2.2089,0.4613,0.8429,-0.0092,-0.9534,-0.0744,1.4826,2.1970,-0.4828,0.8498,0.0088
8.5001,0.9453,-0.0510,-1.4929,2.2112,0.4690,0.8433,-0.0088,-0.9553,-0.0732,1.4811,2.2005,-0.4939,0.8502,0.0092
8.5300,0.9480,-0.0495,-1.4918,2.2124,0.4763,0.8437,-0.0096,-0.9576,-0.0702,1.4799,2.2032,-0.5028,0.8502,0.0092
8.5600,0.9484,-0.0483,-1.4899,2.2143,0.4863,0.8452,-0.0088,-0.9595,-0.0694,1.4772,2.2055,-0.5127,0.8517,0.0092
8.5900,0.9503,-0.0468,-1.4876,2.2166,0.4959,0.8464,-0.0088,-0.9614,-0.0675,1.4738,2.2089,-0.5231,0.8498,0.0092
8.6200,0.9522,-0.0456,-1.4853,2.2181,0.5062,0.8471,-0.0084,-0.9641,-0.0656,1.4722,2.2105,-0.5331,0.8514,0.0088
8.6500,0.9541,-0.0445,-1.4834,2.2193,0.5173,0.8487,-0.0092,-0.9656,-0.0640,1.4684,2.2132,-0.5415,0.8514,0.0092
8.6800,0.9561,-0.0433,-1.4791,2.2212,0.5265,0.8483,-0.0092,-0.9676,-0.0621,1.4650,2.2139,-0.5488,0.8521,0.0092
8.7102,0.9580,-0.0422,-1.4765,2.2239,0.5384,0.8491,-0.0088,-0.9687,-0.0602,1.4615,2.2170,-0.5542,0.8525,0.0092
8.7500,0.9614,-0.0407,-1.4719,2.2262,0.5492,0.8494,-0.0088,-0.9725,-0.0575,1.4561,2.2197,-0.5599,0.8529,0.0088
8.7800,0.9649,-0.0387,-1.4676,2.2281,0.5595,0.8521,-0.0088,-0.9741,-0.0541,1.4531,2.2212,-0.5691,0.8552,0.0092
8.8100,0.9683,-0.0383,-1.4638,2.2285,0.5683,0.8544,-0.0096,-0.9760,-0.0525,1.4496,2.2231,-0.5802,0.8579,0.0084
8.8401,0.9699,-0.0372,-1.4588,2.2304,0.5764,0.8609,-0.0092,-0.9771,-0.0514,1.4442,2.2247,-0.5944,0.8617,0.0092
8.8700,0.9745,-0.0360,-1.4538,2.2316,0.5829,0.8632,-0.0096,-0.9787,-0.0495,1.4412,2.2277,-0.6113,0.8682,0.0084
8.9000,0.9771,-0.0345,-1.4481,2.2350,0.5906,0.8686,-0.0092,-0.9802,-0.0479,1.4358,2.2277,-0.6182,0.8763,0.0088
8.9301,0.9810,-0.0337,-1.4439,2.2377,0.5983,0.8744,-0.0088,-0.9814,-0.0472,1.4297,2.2296,-0.6224,0.8794,0.0088
8.9600,0.9837,-0.0318,-1.4400,2.2388,0.6075,0.8782,-0.0084,-0.9829,-0.0453,1.4235,2.2331,-0.6282,0.8759,0.0092
9.0000,0.9875,-0.0311,-1.4335,2.2419,0.6216,0.8855,-0.0092,-0.9844,-0.0410,1.4189,2.2350,-0.6305,0.8755,0.0088
9.0300,0.9910,-0.0295,-1.4281,2.2438,0.6285,0.8939,-0.0092,-0.9856,-0.0383,1.4151,2.2365,-0.6324,0.8751,0.0096
9.0600,0.9936,-0.0280,-1.4243,2.2450,0.6339,0.9039,-0.0096,-0.9867,-0.0368,1.4116,2.2373,-0.6339,0.8736,0.0084
9.0900,0.9975,-0.0272,-1.4185,2.2480,0.6370,0.9031,-0.0092,-0.9871,-0.0345,1.4074,2.2400,-0.6416,0.8728,0.0088
9.1200,0.9998,-0.0257,-1.4136,2.2503,0.6378,0.9039,-0.0096,-0.9879,-0.0322,1.4036,2.2400,-0.6512,0.8728,0.0084
9.1500,1.0017,-0.0230,-1.4105,2.2523,0.6416,0.9031,-0.0092,-0.9879,-0.0295,1.3998,2.2400,-0.6623,0.8717,0.0081
9.1800,1.0040,-0.0219,-1.4082,2.2534,0.6470,0.9024,-0.0088,-0.9871,-0.0268,1.3959,2.2415,-0.6738,0.8713,0.0084
9.2102,1.0067,-0.0184,-1.4047,2.2553,0.6550,0.9020,-0.0088,-0.9871,-0.0238,1.3921,2.2423,-0.6872,0.8702,0.0084
9.2501,1.0078,-0.0153,-1.3998,2.2573,0.6700,0.8997,-0.0092,-0.9871,-0.0199,1.3879,2.2434,-0.6999,0.8663,0.0081
9.2802,1.0086,-0.0130,-1.3952,2.2580,0.6842,0.8970,-0.0088,-0.9871,-0.0165,1.3833,2.2438,-0.7068,0.8625,0.0088
9.3102,1.0090,-0.0107,-1.3913,2.2592,0.6972,0.8928,-0.0096,-0.9867,-0.0134,1.3790,2.2450,-0.7133,0.8606,0.0084
9.3402,1.0094,-0.0084,-1.3863,2.2592,0.7087,0.8893,-0.0096,-0.9871,-0.0096,1.3741,2.2454,-0.7175,0.8563,0.0081
9.3700,1.0101,-0.0050,-1.3821,2.2603,0.7171,0.8859,-0.0092,-0.9871,-0.0050,1.3710,2.2465,-0.7252,0.8521,0.0084
9.4000,1.0105,-0.0035,-1.3783,2.2607,0.7237,0.8820,-0.0092,-0.9867,-0.0004,1.3679,2.2480,-0.7382,0.8491,0.0092
9.4301,1.0101,0.0012,-1.3741,2.2615,0.7286,0.8778,-0.0092,-0.9863,0.0038,1.3645,2.2480,-0.7505,0.8452,0.0081
9.4600,1.0097,0.0042,-1.3695,2.2619,0.7371,0.8755,-0.0096,-0.9871,0.0092,1.3583,2.2469,-0.7643,0.8402,0.0081
9.5001,1.0094,0.0096,-1.3656,2.2634,0.7524,0.8698,-0.0092,-0.9852,0.0165,1.3534,2.2492,-0.7981,0.8337,0.0073
9.5300,1.0094,0.0142,-1.3606,2.2638,0.7670,0.8652,-0.0092,-0.9833,0.0219,1.3491,2.2492,-0.8195,0.8260,0.0088
9.5600,1.0090,0.0199,-1.3560,2.2653,0.7854,0.8579,-0.0092,-0.9817,0.0291,1.3422,2.2484,-0.8391,0.8157,0.0096
9.5900,1.0090,0.0249,-1.3522,2.2665,0.8099,0.8494,-0.0088,-0.9798,0.0353,1.3365,2.2473,-0.8606,0.8050,0.0092
9.6200,1.0086,0.0295,-1.3461,2.2684,0.8372,0.8395,-0.0088,-0.9764,0.0426,1.3300,2.2465,-0.8763,0.7935,0.0096
9.6500,1.0082,0.0357,-1.3407,2.2691,0.8629,0.8264,-0.0096,-0.9729,0.0487,1.3234,2.2465,-0.8924,0.7823,0.0100
9.6800,1.0067,0.0426,-1.3338,2.2680,0.8863,0.8153,-0.0092,-0.9683,0.0564,1.3165,2.2454,-0.9070,0.7724,0.0096
9.7101,1.0051,0.0487,-1.3280,2.2661,0.9047,0.8046,-0.0092,-0.9633,0.0640,1.3112,2.2446,-0.9246,0.7647,0.0100
9.7500,1.0021,0.0564,-1.3196,2.2645,0.9258,0.7904,-0.0096,-0.9557,0.0748,1.3016,2.2427,-0.9499,0.7532,0.0107
9.7800,0.9986,0.0629,-1.3135,2.2630,0.9388,0.7819,-0.0088,-0.9492,0.0821,1.2947,2.2400,-0.9706,0.7459,0.0138
9.8103,0.9952,0.0702,-1.3073,2.2607,0.9534,0.7743,-0.0096,-0.9426,0.0882,1.2878,2.2362,-0.9902,0.7378,0.0138
9.8403,0.9921,0.0752,-1.3004,2.2580,0.9706,0.7655,-0.0088,-0.9365,0.0955,1.2809,2.2304,-1.0074,0.7325,0.0146
9.8701,0.9871,0.0813,-1.2935,2.2546,0.9887,0.7570,-0.0096,-0.9292,0.1028,1.2728,2.2247,-1.0235,0.7263,0.0146
9.9001,0.9814,0.0878,-1.2866,2.2503,1.0097,0.7505,-0.0092,-0.9231,0.1108,1.2644,2.2166,-1.0362,0.7202,0.0153
9.9300,0.9756,0.0963,-1.2790,2.2457,1.0282,0.7444,-0.0092,-0.9150,0.1177,1.2571,2.2093,-1.0496,0.7141,0.0142
9.9600,0.9699,0.1032,-1.2721,2.2400,1.0454,0.7386,-0.0092,-0.9089,0.1235,1.2494,2.2043,-1.0619,0.7091,0.0142
10.0001,0.9607,0.1131,-1.2598,2.2308,1.0742,0.7309,-0.0104,-0.8993,0.1331,1.2387,2.1970,-1.0884,0.7083,0.0150
10.0301,0.9515,0.1212,-1.2502,2.2254,1.1014,0.7240,-0.0104,-0.8905,0.1407,1.2295,2.1901,-1.1171,0.7033,0.0146
10.0601,0.9411,0.1296,-1.2410,2.2189,1.1263,0.7206,-0.0100,-0.8820,0.1484,1.2195,2.1813,-1.1440,0.7010,0.0153
10.0900,0.9315,0.1388,-1.2291,2.2101,1.1397,0.7187,-0.0096,-0.8728,0.1580,1.2092,2.1702,-1.1578,0.6991,0.0142
10.1201,0.9227,0.1480,-1.2184,2.2016,1.1509,0.7194,-0.0111,-0.8655,0.1661,1.1977,2.1595,-1.1670,0.6976,0.0146
10.1502,0.9150,0.1572,-1.2095,2.1955,1.1551,0.7191,-0.0104,-0.8579,0.1730,1.1892,2.1510,-1.1750,0.6976,0.0146
10.1801,0.9062,0.1622,-1.2015,2.1894,1.1536,0.7183,-0.0096,-0.8510,0.1802,1.1835,2.1434,-1.1773,0.6980,0.0150
10.2100,0.8985,0.1657,-1.1969,2.1852,1.1555,0.7194,-0.0104,-0.8456,0.1852,1.1781,2.1353,-1.1739,0.6953,0.0146
10.2502,0.8905,0.1710,-1.1896,2.1779,1.1601,0.7160,-0.0104,-0.8387,0.1898,1.1685,2.1288,-1.1766,0.6888,0.0146
10.2801,0.8851,0.1756,-1.1842,2.1725,1.1666,0.7098,-0.0107,-0.8333,0.1910,1.1631,2.1215,-1.1766,0.6842,0.0153
10.3394,0.8751,0.1837,-1.1723,2.1595,1.1923,0.6934,-0.0111,-0.8245,0.1956,1.1513,2.1085,-1.2072,0.6700,0.0142
10.3694,0.8690,0.1879,-1.1647,2.1514,1.2069,0.6865,-0.0107,-0.8176,0.1998,1.1440,2.0993,-1.2191,0.6627,0.0153
10.3993,0.8625,0.1914,-1.1585,2.1434,1.2164,0.6803,-0.0115,-0.8107,0.2033,1.1371,2.0912,-1.2364,0.6565,0.0142
10.4293,0.8548,0.1971,-1.1509,2.1349,1.2214,0.6750,-0.0115,-0.8038,0.2075,1.1279,2.0835,-1.2464,0.6508,0.0142
10.4594,0.8479,0.2021,-1.1432,2.1276,1.2345,0.6715,-0.0111,-0.7954,0.2117,1.1202,2.0743,-1.2605,0.6462,0.0153
10.4893,0.8395,0.2067,-1.1348,2.1203,1.2513,0.6642,-0.0111,-0.7865,0.2159,1.1098,2.0659,-1.2709,0.6397,0.0138
10.5293,0.8287,0.2136,-1.1244,2.1088,1.2717,0.6569,-0.0111,-0.7743,0.2224,1.0949,2.0525,-1.2889,0.6278,0.0142
10.5593,0.8199,0.2186,-1.1148,2.0993,1.2855,0.6485,-0.0107,-0.7651,0.2278,1.0849,2.0421,-1.3016,0.6167,0.0142
10.5893,0.8111,0.2232,-1.1045,2.0870,1.2981,0.6389,-0.0111,-0.7540,0.2328,1.0730,2.0321,-1.3131,0.6040,0.0153
10.6194,0.8011,0.2286,-1.0949,2.0770,1.3116,0.6270,-0.0111,-0.7421,0.2389,1.0607,2.0203,-1.3234,0.5883,0.0146
10.6494,0.7927,0.2332,-1.0830,2.0655,1.3234,0.6147,-0.0115,-0.7309,0.2447,1.0477,2.0087,-1.3334,0.5741,0.0146
10.6794,0.7819,0.2382,-1.0723,2.0544,1.3338,0.5990,-0.0111,-0.7183,0.2512,1.0358,1.9961,-1.3438,0.5599,0.0134
10.7096,0.7708,0.2431,-1.0611,2.0417,1.3434,0.5864,-0.0107,-0.7060,0.2585,1.0220,1.9831,-1.3522,0.5434,0.0150
10.7397,0.7597,0.2481,-1.0496,2.0283,1.3522,0.5722,-0.0111,-0.6934,0.2646,1.0094,1.9700,-1.3583,0.5304,0.0150
10.7795,0.7451,0.2558,-1.0351,2.0114,1.3618,0.5499,-0.0111,-0.6753,0.2734,0.9933,1.9524,-1.3614,0.5116,0.0146
10.8094,0.7332,0.2623,-1.0232,1.9972,1.3656,0.5369,-0.0104,-0.6631,0.2807,0.9794,1.9378,-1.3610,0.5001,0.0142
10.8396,0.7214,0.2681,-1.0117,1.9846,1.3668,0.5200,-0.0115,-0.6489,0.2880,0.9691,1.9240,-1.3614,0.4882,0.0146
10.8694,0.7079,0.2738,-0.9998,1.9712,1.3668,0.5062,-0.0115,-0.6370,0.2961,0.9591,1.9110,-1.3610,0.4782,0.0142
10.8994,0.6957,0.2811,-0.9910,1.9577,1.3660,0.4947,-0.0111,-0.6232,0.3030,0.9507,1.8983,-1.3614,0.4694,0.0161
10.9293,0.6815,0.2865,-0.9810,1.9443,1.3664,0.4828,-0.0107,-0.6105,0.3095,0.9430,1.8879,-1.3610,0.4629,0.0146
10.9593,0.6684,0.2934,-0.9714,1.9309,1.3668,0.4755,-0.0115,-0.5975,0.3172,0.9376,1.8761,-1.3614,0.4571,0.0153
10.9893,0.6546,0.3010,-0.9633,1.9186,1.3672,0.4686,-0.0111,-0.5864,0.3241,0.9327,1.8665,-1.3610,0.4548,0.0142
11.0293,0.6366,0.3106,-0.9522,1.9018,1.3668,0.4621,-0.0111,-0.5710,0.3310,0.9261,1.8546,-1.3610,0.4518,0.0146
11.0593,0.6220,0.3183,-0.9438,1.8895,1.3672,0.4594,-0.0123,-0.5603,0.3359,0.9215,1.8481,-1.3610,0.4445,0.0146
11.0893,0.6090,0.3244,-0.9373,1.8784,1.3664,0.4544,-0.0127,-0.5503,0.3405,0.9181,1.8423,-1.3610,0.4433,0.0146
11.1193,0.5960,0.3313,-0.9319,1.8680,1.3672,0.4506,-0.0138,-0.5438,0.3440,0.9181,1.8369,-1.3610,0.4472,0.0153
11.1494,0.5825,0.3375,-0.9269,1.8584,1.3668,0.4472,-0.0130,-0.5373,0.3455,0.9173,1.8335,-1.3614,0.4521,0.0142
11.1794,0.5706,0.3436,-0.9235,1.8504,1.3668,0.4445,-0.0134,-0.5331,0.3494,0.9181,1.8289,-1.3614,0.4571,0.0157
11.2094,0.5580,0.3490,-0.9204,1.8423,1.3668,0.4441,-0.0127,-0.5288,0.3494,0.9173,1.8235,-1.3610,0.4552,0.0157
11.2395,0.5472,0.3543,-0.9173,1.8346,1.3668,0.4441,-0.0142,-0.5265,0.3490,0.9173,1.8212,-1.3618,0.4567,0.0157
11.2794,0.5338,0.3609,-0.9154,1.8266,1.3675,0.4387,-0.0142,-0.5235,0.3486,0.9169,1.8193,-1.3610,0.4571,0.0176
11.3094,0.5246,0.3643,-0.9127,1.8224,1.3664,0.4337,-0.0134,-0.5219,0.3490,0.9173,1.8178,-1.3610,0.4571,0.0173
11.3395,0.5162,0.3674,-0.9127,1.8174,1.3664,0.4299,-0.0138,-0.5204,0.3486,0.9173,1.8178,-1.3614,0.4575,0.0169
11.3694,0.5093,0.3712,-0.9112,1.8132,1.3664,0.4241,-0.0130,-0.5204,0.3482,0.9166,1.8166,-1.3610,0.4579,0.0169
11.3993,0.5024,0.3731,-0.9097,1.8093,1.3668,0.4180,-0.0134,-0.5223,0.3490,0.9166,1.8166,-1.3606,0.4571,0.0169
11.4293,0.4982,0.3762,-0.9104,1.8066,1.3668,0.4199,-0.0134,-0.5219,0.3482,0.9169,1.8155,-1.3618,0.4579,0.0165
11.4594,0.4939,0.3777,-0.9104,1.8043,1.3672,0.4199,-0.0134,-0.5227,0.3474,0.9169,1.8166,-1.3618,0.4598,0.0173
11.4893,0.4893,0.3793,-0.9104,1.8020,1.3656,0.4218,-0.0127,-0.5231,0.3459,0.9166,1.8162,-1.3610,0.4613,0.0173
11.5293,0.4855,0.3793,-0.9097,1.7997,1.3664,0.4272,-0.0127,-0.5231,0.3455,0.9173,1.8170,-1.3618,0.4671,0.0173
11.5593,0.4840,0.3797,-0.9097,1.7990,1.3660,0.4330,-0.0138,-0.5231,0.3440,0.9173,1.8162,-1.3614,0.4698,0.0169
11.5893,0.4836,0.3800,-0.9112,1.7971,1.3656,0.4399,-0.0134,-0.5239,0.3436,0.9189,1.8166,-1.3614,0.4725,0.0173
11.6193,0.4832,0.3800,-0.9104,1.7967,1.3656,0.4445,-0.0134,-0.5239,0.3421,0.9196,1.8174,-1.3614,0.4744,0.0169
11.6494,0.4840,0.3797,-0.9104,1.7959,1.3652,0.4502,-0.0142,-0.5239,0.3409,0.9215,1.8178,-1.3610,0.4855,0.0173
11.6794,0.4844,0.3800,-0.9100,1.7963,1.3656,0.4564,-0.0142,-0.5242,0.3390,0.9235,1.8208,-1.3610,0.4901,0.0169
11.7094,0.4847,0.3797,-0.9104,1.7959,1.3660,0.4621,-0.0142,-0.5250,0.3371,0.9238,1.8243,-1.3610,0.4966,0.0173
11.7394,0.4863,0.3797,-0.9123,1.7955,1.3664,0.4705,-0.0150,-0.5254,0.3340,0.9261,1.8281,-1.3614,0.5031,0.0165
11.7795,0.4878,0.3781,-0.9123,1.7967,1.3664,0.4782,-0.0161,-0.5262,0.3271,0.9281,1.8335,-1.3618,0.5120,0.0169
11.8094,0.4886,0.3766,-0.9143,1.7986,1.3656,0.4859,-0.0150,-0.5281,0.3218,0.9296,1.8369,-1.3541,0.5208,0.0165
11.8396,0.4901,0.3739,-0.9146,1.8013,1.3645,0.4928,-0.0142,-0.5292,0.3145,0.9327,1.8408,-1.3403,0.5304,0.0169
11.8694,0.4909,0.3712,-0.9169,1.8032,1.3626,0.5016,-0.0153,-0.5338,0.3076,0.9361,1.8458,-1.3269,0.5430,0.0173
11.8993,0.4936,0.3670,-0.9181,1.8059,1.3595,0.5116,-0.0150,-0.5357,0.3007,0.9399,1.8507,-1.3131,0.5572,0.0173
11.9293,0.4955,0.3601,-0.9192,1.8078,1.3418,0.5254,-0.0153,-0.5384,0.2938,0.9430,1.8561,-1.3004,0.5649,0.0173
11.9593,0.4970,0.3524,-0.9192,1.8105,1.3227,0.5384,-0.0161,-0.5423,0.2861,0.9461,1.8615,-1.2882,0.5756,0.0173
11.9893,0.4997,0.3425,-0.9192,1.8139,1.3054,0.5522,-0.0153,-0.5469,0.2788,0.9484,1.8665,-1.2805,0.5825,0.0176
12.0293,0.5043,0.3329,-0.9219,1.8201,1.2893,0.5672,-0.0153,-0.5503,0.2677,0.9518,1.8757,-1.2728,0.5902,0.0173
12.0593,0.5074,0.3244,-0.9242,1.8251,1.2839,0.5760,-0.0150,-0.5538,0.2589,0.9538,1.8814,-1.2713,0.5933,0.0173
12.0894,0.5127,0.3175,-0.9258,1.8304,1.2813,0.5837,-0.0146,-0.5565,0.2516,0.9561,1.8879,-1.2694,0.5937,0.0173
12.1193,0.5166,0.3083,-0.9284,1.8350,1.2805,0.5883,-0.0150,-0.5603,0.2428,0.9572,1.8937,-1.2678,0.5917,0.0169
12.1494,0.5200,0.3007,-0.9281,1.8408,1.2805,0.5913,-0.0146,-0.5630,0.2351,0.9610,1.8998,-1.2671,0.5929,0.0176
12.1794,0.5246,0.2915,-0.9304,1.8469,1.2786,0.5906,-0.0153,-0.5653,0.2286,0.9630,1.9056,-1.2644,0.5929,0.0180
12.2096,0.5285,0.2838,-0.9327,1.8538,1.2755,0.5898,-0.0150,-0.5664,0.2197,0.9649,1.9121,-1.2590,0.5902,0.0180
12.2395,0.5311,0.2746,-0.9338,1.8600,1.2724,0.5925,-0.0150,-0.5680,0.2125,0.9687,1.9182,-1.2521,0.5902,0.0173
12.2794,0.5354,0.2635,-0.9369,1.8688,1.2663,0.5944,-0.0153,-0.5695,0.2021,0.9718,1.9271,-1.2441,0.5898,0.0180
12.3094,0.5380,0.2539,-0.9399,1.8753,1.2594,0.5975,-0.0161,-0.5699,0.1956,0.9741,1.9340,-1.2391,0.5875,0.0188
12.3396,0.5411,0.2443,-0.9426,1.8822,1.2544,0.6006,-0.0161,-0.5706,0.1883,0.9756,1.9405,-1.2345,0.5871,0.0184
12.3694,0.5434,0.2355,-0.9434,1.8910,1.2494,0.6029,-0.0165,-0.5706,0.1833,0.9775,1.9470,-1.2326,0.5856,0.0184
12.3993,0.5457,0.2255,-0.9457,1.8979,1.2460,0.6002,-0.0165,-0.5706,0.1772,0.9802,1.9539,-1.2326,0.5864,0.0184
12.4293,0.5480,0.2155,-0.9480,1.9048,1.2460,0.6002,-0.0150,-0.5722,0.1714,0.9821,1.9604,-1.2326,0.5844,0.0184
12.4593,0.5503,0.2067,-0.9503,1.9110,1.2452,0.5975,-0.0165,-0.5722,0.1672,0.9817,1.9673,-1.2322,0.5833,0.0184
12.4995,0.5530,0.1944,-0.9518,1.9198,1.2444,0.5952,-0.0161,-0.5714,0.1603,0.9825,1.9758,-1.2287,0.5768,0.0184
