time,left_s0,left_s1,left_e0,left_e1,left_w0,left_w1,left_w2,right_s0,right_s1,right_e0,right_e1,right_w0,right_w1,right_w2
0.0000,0.1250,-0.2838,-1.3039,1.3898,-0.0963,0.5607,-0.0840,-0.1181,-0.2934,1.2997,1.3813,0.0963,0.5687,0.0832
0.0200,0.1246,-0.2846,-1.3031,1.3894,-0.0982,0.5599,-0.0832,-0.1189,-0.2938,1.3000,1.3810,0.0966,0.5676,0.0832
0.0499,0.1250,-0.2853,-1.3027,1.3902,-0.0982,0.5599,-0.0840,-0.1185,-0.2945,1.2993,1.3821,0.0936,0.5680,0.0832
0.0799,0.1243,-0.2857,-1.3027,1.3898,-0.0978,0.5603,-0.0840,-0.1181,-0.2953,1.2993,1.3817,0.0851,0.5672,0.0836
0.1099,0.1231,-0.2857,-1.3035,1.3898,-0.0951,0.5607,-0.0844,-0.1177,-0.2964,1.2997,1.3817,0.0717,0.5699,0.0836
0.1300,0.1243,-0.2849,-1.3027,1.3898,-0.0924,0.5599,-0.0844,-0.1177,-0.2984,1.2985,1.3821,0.0598,0.5703,0.0832
0.1601,0.1231,-0.2849,-1.3035,1.3898,-0.0844,0.5603,-0.0844,-0.1166,-0.3010,1.2970,1.3825,0.0387,0.5706,0.0836
0.1902,0.1231,-0.2853,-1.3039,1.3886,-0.0698,0.5607,-0.0848,-0.1154,-0.3060,1.2951,1.3825,0.0169,0.5710,0.0840
0.2200,0.1231,-0.2869,-1.3047,1.3894,-0.0506,0.5618,-0.0840,-0.1131,-0.3114,1.2916,1.3837,-0.0046,0.5710,0.0832
0.2399,0.1227,-0.2876,-1.3047,1.3898,-0.0341,0.5641,-0.0848,-0.1124,-0.3152,1.2885,1.3837,-0.0161,0.5726,0.0832
0.2699,0.1227,-0.2892,-1.3043,1.3886,-0.0092,0.5710,-0.0848,-0.1097,-0.3206,1.2851,1.3829,-0.0307,0.5749,0.0832
0.2999,0.1231,-0.2907,-1.3035,1.3886,0.0119,0.5760,-0.0840,-0.1081,-0.3260,1.2801,1.3829,-0.0372,0.5795,0.0828
0.3300,0.1227,-0.2930,-1.3023,1.3898,0.0295,0.5760,-0.0840,-0.1062,-0.3325,1.2751,1.3829,-0.0380,0.5864,0.0840
0.3499,0.1220,-0.2953,-1.3016,1.3886,0.0345,0.5768,-0.0840,-0.1051,-0.3359,1.2724,1.3825,-0.0383,0.5952,0.0832
0.3799,0.1220,-0.2968,-1.3000,1.3890,0.0360,0.5775,-0.0844,-0.1032,-0.3421,1.2678,1.3833,-0.0380,0.6075,0.0840
0.4099,0.1216,-0.2999,-1.3000,1.3871,0.0360,0.5821,-0.0844,-0.1016,-0.3494,1.2628,1.3833,-0.0383,0.6232,0.0836
0.4399,0.1212,-0.3037,-1.2993,1.3879,0.0353,0.5917,-0.0844,-0.0993,-0.3555,1.2582,1.3837,-0.0380,0.6378,0.0828
0.4600,0.1220,-0.3076,-1.2981,1.3875,0.0353,0.5990,-0.0836,-0.0966,-0.3601,1.2552,1.3833,-0.0383,0.6481,0.0836
0.4901,0.1220,-0.3133,-1.2958,1.3863,0.0364,0.6121,-0.0844,-0.0955,-0.3651,1.2506,1.3833,-0.0391,0.6642,0.0836
0.5200,0.1223,-0.3195,-1.2928,1.3863,0.0368,0.6301,-0.0840,-0.0932,-0.3712,1.2460,1.3837,-0.0391,0.6769,0.0836
0.5499,0.1212,-0.3279,-1.2889,1.3863,0.0364,0.6508,-0.0848,-0.0913,-0.3762,1.2425,1.3844,-0.0399,0.6895,0.0840
0.5699,0.1204,-0.3321,-1.2859,1.3867,0.0368,0.6642,-0.0840,-0.0901,-0.3797,1.2402,1.3844,-0.0395,0.6983,0.0836
0.6000,0.1204,-0.3379,-1.2832,1.3856,0.0368,0.6865,-0.0844,-0.0882,-0.3843,1.2368,1.3833,-0.0391,0.7114,0.0836
0.6301,0.1185,-0.3451,-1.2778,1.3863,0.0380,0.6980,-0.0848,-0.0863,-0.3881,1.2337,1.3837,-0.0387,0.7198,0.0828
0.6601,0.1166,-0.3524,-1.2732,1.3860,0.0380,0.7114,-0.0844,-0.0871,-0.3938,1.2287,1.3860,-0.0322,0.7252,0.0836
0.6799,0.1150,-0.3567,-1.2701,1.3871,0.0364,0.7179,-0.0844,-0.0863,-0.3969,1.2268,1.3867,-0.0276,0.7294,0.0836
0.7099,0.1127,-0.3639,-1.2663,1.3860,0.0353,0.7252,-0.0844,-0.0863,-0.4008,1.2245,1.3863,-0.0192,0.7424,0.0836
0.7399,0.1108,-0.3682,-1.2613,1.3863,0.0291,0.7340,-0.0844,-0.0859,-0.4054,1.2218,1.3879,-0.0111,0.7513,0.0832
0.7700,0.1070,-0.3743,-1.2563,1.3863,0.0226,0.7398,-0.0851,-0.0871,-0.4107,1.2187,1.3902,-0.0054,0.7597,0.0840
0.7900,0.1055,-0.3770,-1.2525,1.3860,0.0169,0.7440,-0.0840,-0.0878,-0.4142,1.2176,1.3921,-0.0015,0.7658,0.0840
0.8200,0.1028,-0.3827,-1.2487,1.3871,0.0115,0.7532,-0.0840,-0.0882,-0.4192,1.2145,1.3975,0.0035,0.7701,0.0832
0.8499,0.0993,-0.3877,-1.2452,1.3867,0.0038,0.7624,-0.0840,-0.0894,-0.4241,1.2122,1.4021,0.0092,0.7727,0.0836
0.8799,0.0974,-0.3935,-1.2402,1.3894,-0.0019,0.7670,-0.0844,-0.0909,-0.4303,1.2099,1.4074,0.0157,0.7731,0.0836
0.8999,0.0966,-0.3965,-1.2379,1.3902,-0.0054,0.7708,-0.0851,-0.0920,-0.4337,1.2080,1.4109,0.0188,0.7724,0.0832
0.9300,0.0928,-0.4019,-1.2341,1.3932,-0.0127,0.7704,-0.0844,-0.0932,-0.4395,1.2061,1.4174,0.0261,0.7704,0.0840
0.9602,0.0909,-0.4080,-1.2291,1.3955,-0.0176,0.7704,-0.0848,-0.0955,-0.4449,1.2034,1.4251,0.0299,0.7701,0.0832
0.9902,0.0897,-0.4142,-1.2253,1.3994,-0.0230,0.7678,-0.0840,-0.0982,-0.4514,1.2034,1.4343,0.0349,0.7685,0.0836
1.0099,0.0886,-0.4184,-1.2233,1.4017,-0.0272,0.7678,-0.0840,-0.1012,-0.4560,1.2019,1.4400,0.0383,0.7681,0.0832
1.0399,0.0890,-0.4238,-1.2199,1.4055,-0.0326,0.7678,-0.0844,-0.1047,-0.4633,1.2007,1.4508,0.0414,0.7647,0.0840
1.0699,0.0867,-0.4295,-1.2161,1.4109,-0.0368,0.7678,-0.0851,-0.1078,-0.4690,1.2003,1.4603,0.0449,0.7605,0.0840
1.0999,0.0874,-0.4372,-1.2149,1.4182,-0.0418,0.7678,-0.0840,-0.1124,-0.4759,1.2000,1.4719,0.0499,0.7563,0.0832
1.1201,0.0871,-0.4399,-1.2134,1.4224,-0.0433,0.7670,-0.0851,-0.1154,-0.4801,1.1992,1.4795,0.0537,0.7528,0.0840
1.1499,0.0867,-0.4479,-1.2111,1.4297,-0.0491,0.7666,-0.0844,-0.1204,-0.4870,1.1992,1.4918,0.0591,0.7474,0.0836
1.1799,0.0878,-0.4556,-1.2084,1.4381,-0.0533,0.7662,-0.0851,-0.1254,-0.4939,1.1992,1.5033,0.0652,0.7405,0.0844
1.2099,0.0909,-0.4613,-1.2080,1.4477,-0.0598,0.7647,-0.0848,-0.1312,-0.5005,1.1984,1.5160,0.0698,0.7344,0.0840
1.2300,0.0924,-0.4667,-1.2072,1.4534,-0.0621,0.7620,-0.0844,-0.1342,-0.5047,1.1988,1.5252,0.0725,0.7302,0.0840
1.2600,0.0959,-0.4740,-1.2053,1.4646,-0.0679,0.7547,-0.0848,-0.1400,-0.5112,1.1988,1.5374,0.0763,0.7244,0.0840
1.2900,0.0986,-0.4821,-1.2057,1.4761,-0.0732,0.7482,-0.0844,-0.1453,-0.5177,1.1988,1.5501,0.0802,0.7175,0.0832
1.3200,0.1035,-0.4909,-1.2038,1.4868,-0.0771,0.7405,-0.0836,-0.1507,-0.5235,1.1984,1.5620,0.0832,0.7118,0.0840
1.3399,0.1066,-0.4943,-1.2026,1.4952,-0.0798,0.7348,-0.0840,-0.1545,-0.5288,1.1984,1.5693,0.0851,0.7087,0.0836
1.3700,0.1124,-0.5028,-1.2019,1.5068,-0.0832,0.7283,-0.0848,-0.1607,-0.5338,1.1980,1.5804,0.0867,0.7029,0.0832
1.3999,0.1173,-0.5097,-1.2026,1.5190,-0.0863,0.7206,-0.0844,-0.1661,-0.5388,1.1980,1.5911,0.0878,0.6972,0.0844
1.4300,0.1246,-0.5170,-1.2011,1.5313,-0.0863,0.7133,-0.0844,-0.1710,-0.5446,1.1984,1.6015,0.0882,0.6918,0.0844
1.4500,0.1285,-0.5216,-1.2011,1.5393,-0.0890,0.7102,-0.0848,-0.1753,-0.5465,1.1984,1.6076,0.0897,0.6884,0.0844
1.4799,0.1346,-0.5288,-1.2000,1.5501,-0.0894,0.7041,-0.0844,-0.1791,-0.5499,1.1992,1.6157,0.0894,0.6853,0.0836
1.5099,0.1427,-0.5354,-1.1992,1.5620,-0.0890,0.6983,-0.0848,-0.1837,-0.5530,1.1984,1.6230,0.0905,0.6819,0.0840
1.5399,0.1484,-0.5411,-1.1984,1.5727,-0.0894,0.6980,-0.0844,-0.1879,-0.5549,1.1984,1.6287,0.0901,0.6796,0.0836
1.5700,0.1545,-0.5461,-1.1973,1.5835,-0.0894,0.6953,-0.0844,-0.1914,-0.5572,1.1980,1.6329,0.0897,0.6761,0.0836
1.5904,0.1603,-0.5492,-1.1969,1.5904,-0.0897,0.6941,-0.0848,-0.1933,-0.5576,1.1977,1.6360,0.0905,0.6719,0.0836
1.6200,0.1661,-0.5534,-1.1965,1.6007,-0.0890,0.6930,-0.0848,-0.1956,-0.5595,1.1973,1.6410,0.0909,0.6650,0.0836
1.6499,0.1730,-0.5580,-1.1957,1.6099,-0.0901,0.6895,-0.0844,-0.1960,-0.5595,1.1965,1.6460,0.0917,0.6565,0.0836
1.6799,0.1779,-0.5611,-1.1950,1.6199,-0.0913,0.6796,-0.0848,-0.1956,-0.5591,1.1961,1.6467,0.0924,0.6558,0.0844
1.6999,0.1806,-0.5626,-1.1938,1.6256,-0.0932,0.6753,-0.0848,-0.1948,-0.5607,1.1961,1.6475,0.0920,0.6539,0.0836
1.7300,0.1871,-0.5641,-1.1946,1.6329,-0.0943,0.6680,-0.0836,-0.1940,-0.5599,1.1946,1.6509,0.0928,0.6397,0.0840
1.7602,0.1898,-0.5664,-1.1927,1.6391,-0.0943,0.6592,-0.0844,-0.1925,-0.5591,1.1946,1.6498,0.0924,0.6320,0.0840
1.7903,0.1929,-0.5668,-1.1908,1.6444,-0.0940,0.6496,-0.0848,-0.1891,-0.5599,1.1923,1.6494,0.0936,0.6216,0.0836
1.8099,0.1952,-0.5683,-1.1911,1.6475,-0.0940,0.6424,-0.0848,-0.1871,-0.5603,1.1904,1.6494,0.0943,0.6132,0.0836
1.8399,0.1960,-0.5687,-1.1892,1.6521,-0.0936,0.6324,-0.0844,-0.1829,-0.5591,1.1865,1.6483,0.0940,0.6059,0.0832
1.8699,0.1987,-0.5703,-1.1865,1.6552,-0.0951,0.6220,-0.0840,-0.1776,-0.5603,1.1835,1.6456,0.0955,0.5998,0.0840
1.8999,0.1998,-0.5703,-1.1842,1.6575,-0.0947,0.6155,-0.0848,-0.1718,-0.5591,1.1789,1.6414,0.0943,0.5956,0.0840
1.9200,0.1998,-0.5706,-1.1827,1.6586,-0.0943,0.6117,-0.0840,-0.1676,-0.5595,1.1762,1.6387,0.0943,0.5944,0.0836
1.9499,0.1994,-0.5718,-1.1812,1.6586,-0.0936,0.6067,-0.0844,-0.1603,-0.5588,1.1712,1.6333,0.0951,0.5937,0.0840
1.9799,0.1987,-0.5706,-1.1785,1.6598,-0.0943,0.6048,-0.0848,-0.1522,-0.5588,1.1658,1.6256,0.0966,0.5925,0.0836
2.0099,0.1971,-0.5710,-1.1743,1.6582,-0.0947,0.6025,-0.0848,-0.1434,-0.5580,1.1601,1.6180,0.0989,0.5910,0.0832
2.0301,0.1956,-0.5706,-1.1720,1.6582,-0.0943,0.5990,-0.0844,-0.1361,-0.5580,1.1551,1.6107,0.1024,0.5906,0.0840
2.0601,0.1921,-0.5706,-1.1666,1.6552,-0.0966,0.5983,-0.0836,-0.1258,-0.5576,1.1490,1.5996,0.1074,0.5902,0.0844
2.0900,0.1883,-0.5706,-1.1608,1.6525,-0.1028,0.5979,-0.0848,-0.1139,-0.5568,1.1428,1.5881,0.1173,0.5883,0.0840
2.1202,0.1822,-0.5710,-1.1562,1.6471,-0.1112,0.5979,-0.0844,-0.1028,-0.5553,1.1371,1.5746,0.1266,0.5871,0.0836
2.1400,0.1779,-0.5699,-1.1516,1.6448,-0.1166,0.5986,-0.0844,-0.0940,-0.5549,1.1325,1.5666,0.1335,0.5860,0.0844
2.1699,0.1707,-0.5703,-1.1455,1.6379,-0.1266,0.5971,-0.0840,-0.0813,-0.5530,1.1259,1.5509,0.1427,0.5841,0.0840
2.1999,0.1603,-0.5703,-1.1382,1.6283,-0.1381,0.5979,-0.0840,-0.0679,-0.5511,1.1202,1.5332,0.1507,0.5860,0.0844
2.2301,0.1476,-0.5687,-1.1305,1.6160,-0.1511,0.5986,-0.0840,-0.0529,-0.5476,1.1129,1.5144,0.1584,0.5860,0.0836
2.2499,0.1407,-0.5680,-1.1267,1.6061,-0.1580,0.5975,-0.0840,-0.0445,-0.5446,1.1095,1.5014,0.1641,0.5860,0.0836
2.2799,0.1285,-0.5664,-1.1202,1.5934,-0.1645,0.5913,-0.0844,-0.0295,-0.5426,1.1041,1.4814,0.1691,0.5844,0.0844
2.3099,0.1158,-0.5645,-1.1167,1.5792,-0.1672,0.5894,-0.0840,-0.0161,-0.5377,1.0991,1.4619,0.1718,0.5814,0.0836
2.3399,0.1016,-0.5630,-1.1102,1.5658,-0.1707,0.5864,-0.0840,-0.0015,-0.5323,1.0933,1.4408,0.1730,0.5810,0.0836
2.3601,0.0920,-0.5607,-1.1072,1.5562,-0.1718,0.5848,-0.0851,0.0073,-0.5285,1.0899,1.4274,0.1733,0.5779,0.0836
2.3903,0.0790,-0.5572,-1.1014,1.5382,-0.1726,0.5856,-0.0840,0.0219,-0.5216,1.0861,1.4070,0.1749,0.5795,0.0836
2.4200,0.0640,-0.5518,-1.0976,1.5213,-0.1730,0.5848,-0.0840,0.0349,-0.5150,1.0815,1.3860,0.1756,0.5821,0.0840
2.4501,0.0506,-0.5472,-1.0933,1.5025,-0.1749,0.5860,-0.0836,0.0476,-0.5089,1.0784,1.3649,0.1768,0.5821,0.0848
2.4699,0.0395,-0.5426,-1.0899,1.4899,-0.1779,0.5860,-0.0851,0.0560,-0.5035,1.0749,1.3491,0.1768,0.5856,0.0844
2.4999,0.0234,-0.5357,-1.0861,1.4680,-0.1795,0.5852,-0.0848,0.0686,-0.4951,1.0719,1.3254,0.1764,0.5821,0.0836
2.5300,0.0069,-0.5265,-1.0799,1.4465,-0.1810,0.5852,-0.0844,0.0821,-0.4867,1.0700,1.3012,0.1772,0.5802,0.0836
2.5600,-0.0088,-0.5189,-1.0765,1.4243,-0.1799,0.5848,-0.0840,0.0951,-0.4767,1.0688,1.2782,0.1772,0.5810,0.0836
2.5799,-0.0192,-0.5127,-1.0723,1.4086,-0.1802,0.5848,-0.0840,0.1028,-0.4713,1.0665,1.2628,0.1772,0.5818,0.0844
2.6099,-0.0349,-0.5035,-1.0688,1.3871,-0.1810,0.5852,-0.0851,0.1154,-0.4610,1.0646,1.2410,0.1772,0.5821,0.0840
2.6400,-0.0495,-0.4951,-1.0638,1.3633,-0.1799,0.5848,-0.0836,0.1266,-0.4521,1.0627,1.2176,0.1783,0.5818,0.0840
2.6699,-0.0648,-0.4859,-1.0619,1.3415,-0.1799,0.5841,-0.0836,0.1381,-0.4437,1.0604,1.1973,0.1779,0.5825,0.0840
2.6900,-0.0736,-0.4801,-1.0596,1.3269,-0.1795,0.5848,-0.0840,0.1446,-0.4387,1.0584,1.1838,0.1783,0.5829,0.0836
2.7200,-0.0886,-0.4721,-1.0581,1.3062,-0.1802,0.5864,-0.0840,0.1549,-0.4303,1.0577,1.1647,0.1783,0.5841,0.0836
2.7499,-0.1039,-0.4617,-1.0554,1.2836,-0.1799,0.5860,-0.0844,0.1649,-0.4218,1.0561,1.1463,0.1779,0.5852,0.0836
2.7799,-0.1185,-0.4529,-1.0527,1.2617,-0.1799,0.5860,-0.0840,0.1722,-0.4157,1.0550,1.1302,0.1776,0.5910,0.0844
2.7999,-0.1277,-0.4483,-1.0519,1.2471,-0.1799,0.5864,-0.0844,0.1779,-0.4115,1.0542,1.1194,0.1779,0.5929,0.0836
2.8301,-0.1400,-0.4403,-1.0508,1.2253,-0.1810,0.5867,-0.0851,0.1852,-0.4057,1.0527,1.1060,0.1776,0.5983,0.0840
2.8600,-0.1538,-0.4322,-1.0496,1.2034,-0.1802,0.5894,-0.0844,0.1929,-0.3996,1.0531,1.0930,0.1772,0.5979,0.0840
2.8900,-0.1664,-0.4226,-1.0492,1.1823,-0.1802,0.5944,-0.0840,0.1998,-0.3962,1.0527,1.0826,0.1783,0.5963,0.0844
2.9099,-0.1733,-0.4172,-1.0485,1.1697,-0.1802,0.5960,-0.0844,0.2025,-0.3935,1.0523,1.0749,0.1776,0.5979,0.0840
2.9399,-0.1852,-0.4092,-1.0481,1.1505,-0.1799,0.5971,-0.0844,0.2079,-0.3908,1.0527,1.0677,0.1783,0.5960,0.0836
2.9699,-0.1963,-0.4038,-1.0469,1.1336,-0.1795,0.5986,-0.0840,0.2128,-0.3885,1.0519,1.0611,0.1833,0.5979,0.0840
2.9999,-0.2056,-0.3977,-1.0469,1.1167,-0.1814,0.6002,-0.0844,0.2163,-0.3869,1.0508,1.0546,0.1883,0.5967,0.0848
3.0201,-0.2113,-0.3938,-1.0462,1.1072,-0.1825,0.6017,-0.0844,0.2190,-0.3869,1.0500,1.0523,0.1952,0.5971,0.0836
3.0500,-0.2194,-0.3904,-1.0443,1.0937,-0.1887,0.6029,-0.0840,0.2228,-0.3862,1.0496,1.0489,0.2052,0.5967,0.0840
3.0799,-0.2270,-0.3869,-1.0446,1.0822,-0.1956,0.6036,-0.0844,0.2240,-0.3858,1.0500,1.0462,0.2182,0.5971,0.0836
3.1099,-0.2328,-0.3831,-1.0431,1.0715,-0.2052,0.6048,-0.0851,0.2263,-0.3866,1.0508,1.0435,0.2305,0.5963,0.0844
3.1399,-0.2370,-0.3808,-1.0423,1.0619,-0.2174,0.6040,-0.0840,0.2282,-0.3877,1.0500,1.0416,0.2412,0.5971,0.0832
3.1602,-0.2412,-0.3785,-1.0423,1.0569,-0.2251,0.6048,-0.0851,0.2286,-0.3889,1.0500,1.0412,0.2504,0.5967,0.0840
3.1903,-0.2454,-0.3770,-1.0408,1.0492,-0.2401,0.6048,-0.0844,0.2293,-0.3908,1.0504,1.0397,0.2654,0.5944,0.0840
3.2200,-0.2493,-0.3758,-1.0393,1.0420,-0.2535,0.6025,-0.0848,0.2297,-0.3931,1.0512,1.0397,0.2800,0.5960,0.0840
3.2501,-0.2512,-0.3743,-1.0389,1.0351,-0.2658,0.6025,-0.0844,0.2301,-0.3977,1.0504,1.0408,0.2934,0.5952,0.0844
3.2700,-0.2535,-0.3735,-1.0389,1.0324,-0.2761,0.6009,-0.0851,0.2293,-0.4011,1.0492,1.0412,0.3049,0.5963,0.0832
3.3000,-0.2558,-0.3743,-1.0377,1.0278,-0.2907,0.5998,-0.0844,0.2286,-0.4061,1.0496,1.0431,0.3202,0.5960,0.0836
3.3300,-0.2573,-0.3731,-1.0366,1.0251,-0.3083,0.5986,-0.0840,0.2263,-0.4130,1.0504,1.0454,0.3425,0.5933,0.0836
3.3602,-0.2581,-0.3735,-1.0351,1.0216,-0.3252,0.5971,-0.0848,0.2236,-0.4195,1.0500,1.0500,0.3628,0.5937,0.0840
3.3799,-0.2581,-0.3743,-1.0347,1.0209,-0.3386,0.5960,-0.0836,0.2220,-0.4249,1.0500,1.0538,0.3758,0.5940,0.0840
3.4099,-0.2592,-0.3770,-1.0339,1.0197,-0.3597,0.5952,-0.0844,0.2178,-0.4353,1.0508,1.0607,0.3958,0.5933,0.0840
3.4399,-0.2585,-0.3800,-1.0320,1.0205,-0.3797,0.5929,-0.0848,0.2125,-0.4468,1.0496,1.0700,0.4165,0.5917,0.0840
3.4700,-0.2585,-0.3846,-1.0289,1.0209,-0.3992,0.5921,-0.0848,0.2063,-0.4594,1.0500,1.0792,0.4360,0.5925,0.0844
3.4899,-0.2581,-0.3889,-1.0285,1.0205,-0.4119,0.5917,-0.0840,0.2013,-0.4686,1.0504,1.0880,0.4491,0.5902,0.0836
3.5201,-0.2566,-0.3958,-1.0270,1.0251,-0.4341,0.5844,-0.0840,0.1937,-0.4836,1.0508,1.1022,0.4694,0.5883,0.0848
3.5499,-0.2531,-0.4050,-1.0258,1.0293,-0.4552,0.5814,-0.0848,0.1841,-0.4997,1.0508,1.1141,0.4909,0.5856,0.0844
3.5799,-0.2504,-0.4146,-1.0255,1.0343,-0.4775,0.5768,-0.0844,0.1749,-0.5158,1.0519,1.1282,0.5089,0.5821,0.0844
3.5999,-0.2477,-0.4226,-1.0255,1.0400,-0.4905,0.5760,-0.0848,0.1672,-0.5273,1.0531,1.1390,0.5212,0.5791,0.0840
3.6301,-0.2424,-0.4349,-1.0258,1.0481,-0.5112,0.5779,-0.0844,0.1568,-0.5457,1.0538,1.1547,0.5380,0.5764,0.0836
3.6599,-0.2362,-0.4487,-1.0262,1.0577,-0.5311,0.5764,-0.0840,0.1450,-0.5622,1.0558,1.1697,0.5549,0.5714,0.0840
3.6899,-0.2297,-0.4633,-1.0255,1.0680,-0.5503,0.5768,-0.0844,0.1319,-0.5806,1.0588,1.1881,0.5733,0.5653,0.0840
3.7099,-0.2247,-0.4755,-1.0262,1.0769,-0.5641,0.5760,-0.0844,0.1235,-0.5933,1.0604,1.2000,0.5875,0.5611,0.0836
3.7399,-0.2151,-0.4936,-1.0270,1.0922,-0.5871,0.5683,-0.0848,0.1089,-0.6128,1.0619,1.2187,0.6113,0.5561,0.0848
3.7700,-0.2044,-0.5131,-1.0266,1.1087,-0.6128,0.5565,-0.0844,0.0936,-0.6335,1.0680,1.2406,0.6347,0.5507,0.0848
3.7999,-0.1925,-0.5350,-1.0274,1.1286,-0.6374,0.5453,-0.0844,0.0778,-0.6539,1.0715,1.2625,0.6596,0.5453,0.0840
3.8200,-0.1852,-0.5476,-1.0285,1.1397,-0.6523,0.5377,-0.0848,0.0663,-0.6684,1.0749,1.2782,0.6746,0.5415,0.0840
3.8500,-0.1710,-0.5691,-1.0316,1.1582,-0.6696,0.5296,-0.0848,0.0479,-0.6895,1.0803,1.3023,0.6964,0.5380,0.0836
3.8799,-0.1561,-0.5933,-1.0331,1.1773,-0.6861,0.5269,-0.0840,0.0276,-0.7118,1.0884,1.3254,0.7110,0.5377,0.0840
3.9099,-0.1384,-0.6163,-1.0381,1.2000,-0.7014,0.5258,-0.0840,0.0081,-0.7329,1.0968,1.3511,0.7290,0.5400,0.0844
3.9300,-0.1269,-0.6332,-1.0412,1.2130,-0.7106,0.5273,-0.0844,-0.0061,-0.7474,1.1029,1.3660,0.7359,0.5407,0.0840
3.9600,-0.1093,-0.6565,-1.0454,1.2356,-0.7237,0.5281,-0.0844,-0.0265,-0.7670,1.1114,1.3867,0.7493,0.5392,0.0840
3.9902,-0.0878,-0.6799,-1.0519,1.2579,-0.7386,0.5269,-0.0840,-0.0472,-0.7858,1.1221,1.4070,0.7624,0.5384,0.0836
4.0200,-0.0690,-0.7037,-1.0588,1.2820,-0.7536,0.5269,-0.0848,-0.0702,-0.8046,1.1336,1.4285,0.7789,0.5384,0.0848
4.0399,-0.0529,-0.7198,-1.0638,1.2970,-0.7647,0.5277,-0.0840,-0.0848,-0.8165,1.1420,1.4416,0.7862,0.5400,0.0836
4.0699,-0.0326,-0.7421,-1.0723,1.3204,-0.7796,0.5273,-0.0848,-0.1070,-0.8333,1.1536,1.4611,0.8015,0.5392,0.0836
4.1000,-0.0104,-0.7635,-1.0815,1.3442,-0.7931,0.5262,-0.0848,-0.1289,-0.8491,1.1662,1.4791,0.8115,0.5392,0.0840
4.1300,0.0127,-0.7835,-1.0918,1.3695,-0.8053,0.5269,-0.0844,-0.1499,-0.8629,1.1789,1.4975,0.8195,0.5380,0.0840
4.1500,0.0280,-0.7973,-1.0995,1.3844,-0.8096,0.5285,-0.0848,-0.1641,-0.8728,1.1881,1.5091,0.8234,0.5392,0.0840
4.1799,0.0502,-0.8161,-1.1114,1.4078,-0.8138,0.5304,-0.0840,-0.1845,-0.8847,1.2011,1.5252,0.8280,0.5400,0.0840
4.2099,0.0732,-0.8337,-1.1236,1.4289,-0.8211,0.5281,-0.0840,-0.2048,-0.8962,1.2157,1.5409,0.8330,0.5396,0.0840
4.2399,0.0951,-0.8510,-1.1348,1.4519,-0.8272,0.5285,-0.0848,-0.2236,-0.9073,1.2287,1.5558,0.8383,0.5419,0.0840
4.2599,0.1089,-0.8621,-1.1436,1.4665,-0.8318,0.5288,-0.0844,-0.2366,-0.9135,1.2387,1.5647,0.8425,0.5419,0.0832
4.2902,0.1300,-0.8774,-1.1566,1.4883,-0.8360,0.5288,-0.0848,-0.2543,-0.9223,1.2521,1.5777,0.8460,0.5457,0.0836
4.3202,0.1515,-0.8909,-1.1708,1.5091,-0.8406,0.5288,-0.0851,-0.2715,-0.9311,1.2671,1.5896,0.8494,0.5457,0.0844
4.3500,0.1722,-0.9035,-1.1838,1.5298,-0.8460,0.5285,-0.0844,-0.2880,-0.9388,1.2797,1.6022,0.8521,0.5446,0.0836
4.3700,0.1852,-0.9116,-1.1950,1.5428,-0.8471,0.5292,-0.0848,-0.2984,-0.9445,1.2882,1.6088,0.8533,0.5442,0.0836
4.3999,0.2040,-0.9238,-1.2092,1.5624,-0.8491,0.5288,-0.0851,-0.3122,-0.9507,1.3004,1.6195,0.8525,0.5457,0.0836
4.4300,0.2247,-0.9346,-1.2241,1.5800,-0.8498,0.5292,-0.0844,-0.3260,-0.9564,1.3123,1.6279,0.8540,0.5465,0.0832
4.4600,0.2439,-0.9461,-1.2391,1.5969,-0.8502,0.5296,-0.0848,-0.3390,-0.9622,1.3223,1.6348,0.8537,0.5438,0.0832
4.4799,0.2558,-0.9534,-1.2490,1.6084,-0.8502,0.5296,-0.0844,-0.3455,-0.9649,1.3292,1.6394,0.8540,0.5446,0.0844
4.5099,0.2757,-0.9630,-1.2636,1.6237,-0.8510,0.5300,-0.0840,-0.3555,-0.9687,1.3399,1.6463,0.8548,0.5453,0.0836
4.5399,0.2930,-0.9722,-1.2786,1.6368,-0.8506,0.5300,-0.0840,-0.3666,-0.9733,1.3480,1.6509,0.8544,0.5488,0.0840
4.5700,0.3102,-0.9806,-1.2928,1.6486,-0.8502,0.5308,-0.0848,-0.3743,-0.9756,1.3564,1.6555,0.8540,0.5511,0.0836
4.5899,0.3206,-0.9867,-1.3008,1.6571,-0.8502,0.5315,-0.0848,-0.3812,-0.9764,1.3603,1.6575,0.8540,0.5545,0.0840
4.6200,0.3367,-0.9933,-1.3139,1.6671,-0.8506,0.5319,-0.0844,-0.3889,-0.9787,1.3664,1.6602,0.8537,0.5584,0.0836
4.6501,0.3505,-0.9998,-1.3257,1.6766,-0.8506,0.5323,-0.0844,-0.3958,-0.9810,1.3706,1.6644,0.8540,0.5614,0.0848
4.6799,0.3636,-1.0048,-1.3361,1.6851,-0.8502,0.5338,-0.0848,-0.4015,-0.9810,1.3748,1.6682,0.8533,0.5668,0.0840
4.7100,0.3739,-1.0101,-1.3457,1.6916,-0.8502,0.5373,-0.0840,-0.4061,-0.9802,1.3775,1.6701,0.8525,0.5718,0.0840
4.7300,0.3816,-1.0124,-1.3518,1.6962,-0.8502,0.5388,-0.0848,-0.4092,-0.9794,1.3806,1.6709,0.8510,0.5737,0.0844
4.7600,0.3912,-1.0151,-1.3603,1.7012,-0.8494,0.5438,-0.0840,-0.4134,-0.9791,1.3833,1.6728,0.8479,0.5791,0.0840
4.7899,0.3996,-1.0174,-1.3675,1.7066,-0.8502,0.5476,-0.0840,-0.4146,-0.9791,1.3844,1.6724,0.8445,0.5821,0.0840
4.8201,0.4073,-1.0186,-1.3733,1.7108,-0.8487,0.5534,-0.0848,-0.4176,-0.9791,1.3852,1.6728,0.8418,0.5852,0.0836
4.8399,0.4111,-1.0193,-1.3771,1.7131,-0.8471,0.5561,-0.0844,-0.4192,-0.9794,1.3860,1.6732,0.8399,0.5875,0.0836
4.8699,0.4172,-1.0209,-1.3833,1.7169,-0.8448,0.5588,-0.0844,-0.4207,-0.9798,1.3860,1.6728,0.8387,0.5906,0.0848
4.9000,0.4230,-1.0212,-1.3883,1.7184,-0.8406,0.5626,-0.0844,-0.4226,-0.9817,1.3867,1.6732,0.8379,0.5960,0.0836
4.9300,0.4272,-1.0212,-1.3913,1.7204,-0.8383,0.5660,-0.0848,-0.4238,-0.9798,1.3879,1.6724,0.8364,0.6006,0.0844
4.9499,0.4303,-1.0216,-1.3932,1.7211,-0.8379,0.5672,-0.0848,-0.4261,-0.9787,1.3879,1.6724,0.8333,0.6040,0.0844
4.9799,0.4330,-1.0212,-1.3944,1.7234,-0.8360,0.5722,-0.0844,-0.4264,-0.9779,1.3898,1.6720,0.8303,0.6094,0.0832
5.0099,0.4376,-1.0212,-1.3978,1.7253,-0.8349,0.5760,-0.0844,-0.4291,-0.9771,1.3894,1.6728,0.8257,0.6155,0.0848
5.0400,0.4406,-1.0201,-1.3998,1.7261,-0.8287,0.5818,-0.0844,-0.4295,-0.9771,1.3894,1.6713,0.8207,0.6224,0.0844
5.0601,0.4418,-1.0197,-1.4001,1.7261,-0.8241,0.5879,-0.0848,-0.4314,-0.9764,1.3898,1.6720,0.8165,0.6266,0.0840
5.0899,0.4437,-1.0201,-1.4021,1.7257,-0.8207,0.5956,-0.0844,-0.4330,-0.9756,1.3894,1.6705,0.8119,0.6385,0.0840
5.1200,0.4468,-1.0205,-1.4017,1.7261,-0.8138,0.6048,-0.0855,-0.4353,-0.9748,1.3898,1.6709,0.8096,0.6473,0.0836
5.1499,0.4491,-1.0205,-1.4021,1.7265,-0.8126,0.6124,-0.0848,-0.4360,-0.9748,1.3890,1.6694,0.8080,0.6608,0.0836
5.1699,0.4510,-1.0193,-1.4028,1.7261,-0.8107,0.6178,-0.0848,-0.4380,-0.9725,1.3894,1.6690,0.8053,0.6684,0.0836
5.1999,0.4521,-1.0182,-1.4028,1.7253,-0.8080,0.6297,-0.0848,-0.4391,-0.9710,1.3898,1.6671,0.8038,0.6796,0.0840
5.2300,0.4548,-1.0178,-1.4032,1.7250,-0.8038,0.6408,-0.0844,-0.4422,-0.9695,1.3898,1.6644,0.7992,0.6930,0.0836
5.2600,0.4564,-1.0170,-1.4028,1.7234,-0.8000,0.6527,-0.0844,-0.4452,-0.9699,1.3894,1.6625,0.7954,0.7033,0.0840
5.2799,0.4579,-1.0155,-1.4032,1.7230,-0.7981,0.6615,-0.0848,-0.4468,-0.9683,1.3898,1.6613,0.7927,0.7125,0.0848
5.3099,0.4594,-1.0143,-1.4028,1.7227,-0.7938,0.6738,-0.0848,-0.4514,-0.9676,1.3894,1.6594,0.7892,0.7271,0.0836
5.3399,0.4613,-1.0124,-1.4021,1.7215,-0.7885,0.6895,-0.0844,-0.4541,-0.9660,1.3883,1.6571,0.7819,0.7428,0.0840
5.3700,0.4644,-1.0101,-1.4036,1.7204,-0.7831,0.7010,-0.0844,-0.4583,-0.9653,1.3890,1.6563,0.7766,0.7551,0.0840
5.3903,0.4644,-1.0094,-1.4024,1.7188,-0.7785,0.7091,-0.0840,-0.4598,-0.9653,1.3890,1.6555,0.7716,0.7647,0.0844
5.4200,0.4667,-1.0067,-1.4036,1.7169,-0.7724,0.7237,-0.0844,-0.4640,-0.9649,1.3894,1.6544,0.7632,0.7796,0.0840
5.4499,0.4694,-1.0048,-1.4036,1.7150,-0.7658,0.7394,-0.0848,-0.4690,-0.9633,1.3886,1.6544,0.7528,0.7942,0.0832
5.4799,0.4721,-1.0028,-1.4028,1.7131,-0.7566,0.7509,-0.0848,-0.4732,-0.9630,1.3890,1.6544,0.7432,0.8073,0.0840
5.5000,0.4748,-1.0025,-1.4028,1.7119,-0.7501,0.7632,-0.0844,-0.4752,-0.9618,1.3894,1.6540,0.7336,0.8188,0.0836
5.5300,0.4775,-0.9998,-1.4040,1.7092,-0.7371,0.7793,-0.0848,-0.4790,-0.9614,1.3890,1.6536,0.7206,0.8345,0.0840
5.5601,0.4790,-0.9986,-1.4040,1.7069,-0.7260,0.7946,-0.0848,-0.4832,-0.9618,1.3890,1.6536,0.7064,0.8506,0.0840
5.5903,0.4821,-0.9971,-1.4044,1.7050,-0.7129,0.8103,-0.0848,-0.4878,-0.9607,1.3883,1.6544,0.6911,0.8667,0.0840
5.6099,0.4847,-0.9959,-1.4040,1.7023,-0.7029,0.8211,-0.0848,-0.4909,-0.9599,1.3894,1.6540,0.6807,0.8759,0.0836
5.6399,0.4870,-0.9948,-1.4047,1.7004,-0.6888,0.8372,-0.0848,-0.4943,-0.9591,1.3886,1.6552,0.6638,0.8920,0.0840
5.6700,0.4913,-0.9925,-1.4067,1.6989,-0.6750,0.8521,-0.0848,-0.4978,-0.9580,1.3883,1.6559,0.6489,0.9066,0.0840
5.6999,0.4939,-0.9917,-1.4067,1.6958,-0.6611,0.8663,-0.0851,-0.5031,-0.9561,1.3883,1.6578,0.6362,0.9204,0.0828
5.7200,0.4962,-0.9902,-1.4063,1.6947,-0.6504,0.8763,-0.0844,-0.5039,-0.9538,1.3879,1.6590,0.6259,0.9307,0.0832
5.7499,0.4997,-0.9879,-1.4067,1.6904,-0.6332,0.8951,-0.0844,-0.5070,-0.9503,1.3890,1.6605,0.6105,0.9465,0.0836
5.7800,0.5024,-0.9860,-1.4082,1.6885,-0.6178,0.9100,-0.0844,-0.5108,-0.9461,1.3890,1.6640,0.5952,0.9603,0.0832
5.8099,0.5070,-0.9817,-1.4093,1.6870,-0.6040,0.9254,-0.0848,-0.5127,-0.9403,1.3886,1.6667,0.5806,0.9729,0.0840
5.8300,0.5077,-0.9798,-1.4097,1.6862,-0.5944,0.9346,-0.0848,-0.5143,-0.9361,1.3890,1.6682,0.5699,0.9794,0.0836
5.8600,0.5112,-0.9768,-1.4113,1.6862,-0.5821,0.9480,-0.0848,-0.5166,-0.9281,1.3886,1.6728,0.5545,0.9890,0.0836
5.8900,0.5135,-0.9714,-1.4124,1.6858,-0.5672,0.9595,-0.0851,-0.5181,-0.9208,1.3890,1.6759,0.5403,0.9986,0.0836
5.9201,0.5162,-0.9672,-1.4136,1.6847,-0.5515,0.9714,-0.0848,-0.5204,-0.9127,1.3886,1.6793,0.5246,1.0082,0.0836
5.9399,0.5181,-0.9622,-1.4151,1.6851,-0.5415,0.9783,-0.0848,-0.5219,-0.9066,1.3886,1.6816,0.5147,1.0128,0.0844
5.9699,0.5200,-0.9564,-1.4159,1.6855,-0.5254,0.9894,-0.0848,-0.5227,-0.8978,1.3883,1.6851,0.4982,1.0193,0.0832
5.9999,0.5212,-0.9499,-1.4166,1.6858,-0.5093,0.9975,-0.0848,-0.5242,-0.8893,1.3894,1.6897,0.4836,1.0239,0.0828
6.0299,0.5219,-0.9422,-1.4182,1.6862,-0.4959,1.0059,-0.0851,-0.5258,-0.8790,1.3890,1.6931,0.4679,1.0278,0.0840
6.0499,0.5231,-0.9365,-1.4189,1.6870,-0.4867,1.0097,-0.0848,-0.5269,-0.8717,1.3886,1.6958,0.4571,1.0289,0.0836
6.0799,0.5239,-0.9281,-1.4201,1.6866,-0.4728,1.0159,-0.0844,-0.5269,-0.8625,1.3883,1.7000,0.4418,1.0312,0.0828
6.1099,0.5242,-0.9192,-1.4208,1.6881,-0.4621,1.0193,-0.0844,-0.5288,-0.8514,1.3898,1.7046,0.4264,1.0320,0.0836
6.1399,0.5254,-0.9100,-1.4216,1.6889,-0.4475,1.0201,-0.0848,-0.5300,-0.8406,1.3883,1.7092,0.4100,1.0316,0.0836
6.1601,0.5265,-0.9039,-1.4228,1.6901,-0.4364,1.0205,-0.0836,-0.5296,-0.8345,1.3883,1.7123,0.3969,1.0316,0.0836
6.1901,0.5265,-0.8947,-1.4239,1.6916,-0.4176,1.0224,-0.0844,-0.5304,-0.8237,1.3894,1.7161,0.3774,1.0328,0.0828
6.2200,0.5277,-0.8840,-1.4243,1.6943,-0.3988,1.0235,-0.0848,-0.5304,-0.8130,1.3890,1.7227,0.3590,1.0316,0.0828
6.2500,0.5277,-0.8736,-1.4251,1.6981,-0.3797,1.0262,-0.0851,-0.5311,-0.8027,1.3890,1.7269,0.3421,1.0324,0.0828
6.2800,0.5277,-0.8617,-1.4251,1.7020,-0.3620,1.0274,-0.0844,-0.5311,-0.7927,1.3883,1.7326,0.3275,1.0316,0.0802
6.2999,0.5281,-0.8548,-1.4243,1.7054,-0.3513,1.0301,-0.0855,-0.5315,-0.7865,1.3886,1.7372,0.3164,1.0312,0.0786
6.3300,0.5285,-0.8429,-1.4251,1.7089,-0.3375,1.0316,-0.0844,-0.5323,-0.7762,1.3875,1.7438,0.3041,1.0285,0.0771
6.3601,0.5281,-0.8310,-1.4247,1.7146,-0.3252,1.0324,-0.0848,-0.5323,-0.7674,1.3886,1.7499,0.2930,1.0270,0.0771
6.3900,0.5281,-0.8195,-1.4258,1.7200,-0.3133,1.0320,-0.0851,-0.5334,-0.7578,1.3883,1.7576,0.2819,1.0251,0.0782
6.4099,0.5281,-0.8119,-1.4251,1.7230,-0.3056,1.0324,-0.0851,-0.5338,-0.7520,1.3879,1.7614,0.2746,1.0224,0.0775
6.4399,0.5296,-0.8004,-1.4247,1.7284,-0.2930,1.0328,-0.0848,-0.5346,-0.7447,1.3890,1.7668,0.2615,1.0220,0.0755
6.4699,0.5296,-0.7885,-1.4251,1.7345,-0.2800,1.0328,-0.0844,-0.5361,-0.7371,1.3883,1.7733,0.2497,1.0201,0.0740
6.5000,0.5300,-0.7781,-1.4247,1.7392,-0.2665,1.0324,-0.0844,-0.5377,-0.7309,1.3890,1.7787,0.2374,1.0170,0.0709
6.5200,0.5308,-0.7708,-1.4255,1.7441,-0.2577,1.0312,-0.0840,-0.5377,-0.7260,1.3886,1.7836,0.2282,1.0143,0.0679
6.5499,0.5311,-0.7609,-1.4251,1.7510,-0.2451,1.0282,-0.0802,-0.5403,-0.7210,1.3879,1.7902,0.2159,1.0120,0.0625
6.5800,0.5323,-0.7513,-1.4251,1.7576,-0.2328,1.0266,-0.0732,-0.5411,-0.7168,1.3883,1.7978,0.2040,1.0097,0.0568
6.6099,0.5338,-0.7424,-1.4239,1.7641,-0.2224,1.0235,-0.0683,-0.5438,-0.7110,1.3890,1.8047,0.1921,1.0078,0.0518
6.6300,0.5338,-0.7371,-1.4243,1.7691,-0.2155,1.0193,-0.0640,-0.5465,-0.7095,1.3894,1.8105,0.1856,1.0040,0.0483
6.6600,0.5354,-0.7279,-1.4243,1.7763,-0.2048,1.0151,-0.0591,-0.5480,-0.7060,1.3883,1.8178,0.1772,1.0002,0.0437
6.6899,0.5369,-0.7206,-1.4243,1.7829,-0.1940,1.0109,-0.0533,-0.5511,-0.7029,1.3883,1.8254,0.1680,0.9952,0.0414
6.7200,0.5392,-0.7137,-1.4247,1.7909,-0.1848,1.0086,-0.0491,-0.5538,-0.7003,1.3883,1.8323,0.1626,0.9890,0.0391
6.7399,0.5407,-0.7095,-1.4243,1.7959,-0.1795,1.0051,-0.0468,-0.5565,-0.6999,1.3890,1.8373,0.1595,0.9867,0.0368
6.7700,0.5430,-0.7041,-1.4243,1.8036,-0.1730,1.0017,-0.0445,-0.5614,-0.6983,1.3875,1.8446,0.1565,0.9825,0.0372
6.7999,0.5446,-0.6999,-1.4247,1.8109,-0.1657,0.9975,-0.0437,-0.5637,-0.6957,1.3898,1.8519,0.1450,0.9775,0.0357
6.8301,0.5472,-0.6945,-1.4247,1.8189,-0.1580,0.9936,-0.0426,-0.5676,-0.6957,1.3898,1.8600,0.1350,0.9737,0.0330
6.8499,0.5492,-0.6937,-1.4243,1.8235,-0.1545,0.9890,-0.0407,-0.5714,-0.6957,1.3894,1.8649,0.1292,0.9702,0.0330
6.8799,0.5515,-0.6907,-1.4239,1.8312,-0.1492,0.9848,-0.0380,-0.5745,-0.6941,1.3902,1.8726,0.1197,0.9656,0.0314
6.9099,0.5557,-0.6888,-1.4255,1.8396,-0.1446,0.9783,-0.0372,-0.5779,-0.6934,1.3898,1.8803,0.1120,0.9618,0.0314
6.9399,0.5576,-0.6861,-1.4247,1.8481,-0.1396,0.9733,-0.0364,-0.5818,-0.6918,1.3894,1.8879,0.1016,0.9572,0.0330
6.9600,0.5603,-0.6853,-1.4247,1.8542,-0.1350,0.9702,-0.0360,-0.5844,-0.6907,1.3898,1.8941,0.0947,0.9541,0.0314
6.9902,0.5630,-0.6830,-1.4251,1.8623,-0.1300,0.9660,-0.0353,-0.5875,-0.6895,1.3902,1.9010,0.0855,0.9507,0.0314
7.0200,0.5653,-0.6819,-1.4251,1.8703,-0.1216,0.9622,-0.0360,-0.5917,-0.6880,1.3906,1.9098,0.0748,0.9445,0.0322
7.0499,0.5699,-0.6807,-1.4266,1.8787,-0.1081,0.9584,-0.0353,-0.5952,-0.6861,1.3909,1.9175,0.0640,0.9403,0.0314
7.0699,0.5703,-0.6799,-1.4251,1.8841,-0.1009,0.9549,-0.0334,-0.5971,-0.6845,1.3909,1.9221,0.0552,0.9350,0.0311
7.0999,0.5741,-0.6788,-1.4258,1.8929,-0.0890,0.9492,-0.0326,-0.6006,-0.6822,1.3917,1.9305,0.0430,0.9288,0.0303
7.1300,0.5768,-0.6776,-1.4251,1.9018,-0.0755,0.9419,-0.0326,-0.6036,-0.6792,1.3917,1.9390,0.0314,0.9231,0.0314
7.1601,0.5795,-0.6769,-1.4258,1.9106,-0.0644,0.9350,-0.0330,-0.6067,-0.6769,1.3917,1.9470,0.0184,0.9154,0.0311
7.1799,0.5814,-0.6765,-1.4258,1.9156,-0.0587,0.9307,-0.0322,-0.6086,-0.6742,1.3921,1.9524,0.0092,0.9100,0.0311
7.2099,0.5852,-0.6746,-1.4258,1.9248,-0.0533,0.9219,-0.0318,-0.6113,-0.6703,1.3929,1.9616,-0.0050,0.9016,0.0322
7.2399,0.5879,-0.6719,-1.4274,1.9336,-0.0380,0.9158,-0.0314,-0.6132,-0.6650,1.3913,1.9708,-0.0169,0.8932,0.0311
7.2699,0.5917,-0.6700,-1.4281,1.9416,-0.0230,0.9054,-0.0314,-0.6163,-0.6600,1.3925,1.9781,-0.0288,0.8832,0.0307
7.2901,0.5933,-0.6692,-1.4281,1.9478,-0.0146,0.9008,-0.0318,-0.6174,-0.6554,1.3917,1.9846,-0.0372,0.8778,0.0307
7.3200,0.5971,-0.6680,-1.4281,1.9566,-0.0027,0.8939,-0.0314,-0.6201,-0.6500,1.3921,1.9946,-0.0483,0.8698,0.0318
7.3500,0.6006,-0.6650,-1.4281,1.9654,0.0107,0.8874,-0.0311,-0.6224,-0.6447,1.3929,2.0018,-0.0625,0.8625,0.0307
7.3799,0.6032,-0.6600,-1.4278,1.9738,0.0234,0.8794,-0.0314,-0.6259,-0.6374,1.3929,2.0099,-0.0775,0.8548,0.0311
7.3999,0.6067,-0.6573,-1.4285,1.9796,0.0334,0.8725,-0.0314,-0.6274,-0.6328,1.3921,2.0157,-0.0882,0.8494,0.0314
7.4301,0.6109,-0.6512,-1.4289,1.9877,0.0487,0.8629,-0.0318,-0.6308,-0.6259,1.3925,2.0233,-0.1062,0.8406,0.0311
7.4600,0.6144,-0.6447,-1.4274,1.9965,0.0617,0.8540,-0.0311,-0.6343,-0.6178,1.3932,2.0314,-0.1212,0.8322,0.0311
7.4899,0.6186,-0.6374,-1.4278,2.0045,0.0755,0.8437,-0.0314,-0.6378,-0.6094,1.3925,2.0402,-0.1384,0.8222,0.0318
7.5099,0.6205,-0.6324,-1.4270,2.0095,0.0867,0.8376,-0.0311,-0.6404,-0.6040,1.3917,2.0452,-0.1488,0.8165,0.0307
7.5399,0.6243,-0.6228,-1.4278,2.0176,0.1024,0.8272,-0.0318,-0.6439,-0.5960,1.3936,2.0544,-0.1641,0.8065,0.0311
7.5699,0.6289,-0.6147,-1.4274,2.0264,0.1197,0.8161,-0.0314,-0.6470,-0.5867,1.3932,2.0624,-0.1802,0.7961,0.0314
7.5999,0.6312,-0.6067,-1.4278,2.0352,0.1361,0.8046,-0.0318,-0.6500,-0.5775,1.3929,2.0690,-0.1940,0.7873,0.0307
7.6200,0.6339,-0.6009,-1.4274,2.0402,0.1469,0.7969,-0.0311,-0.6527,-0.5714,1.3925,2.0755,-0.2033,0.7808,0.0314
7.6500,0.6362,-0.5913,-1.4266,2.0498,0.1634,0.7842,-0.0314,-0.6558,-0.5626,1.3929,2.0835,-0.2178,0.7727,0.0314
7.6799,0.6389,-0.5829,-1.4274,2.0567,0.1779,0.7758,-0.0314,-0.6588,-0.5530,1.3929,2.0900,-0.2305,0.7635,0.0303
7.7099,0.6420,-0.5733,-1.4278,2.0651,0.1917,0.7643,-0.0311,-0.6627,-0.5442,1.3929,2.0977,-0.2435,0.7536,0.0295
7.7300,0.6431,-0.5676,-1.4278,2.0693,0.2002,0.7566,-0.0311,-0.6642,-0.5369,1.3929,2.1016,-0.2531,0.7490,0.0288
7.7600,0.6473,-0.5584,-1.4281,2.0770,0.2128,0.7478,-0.0314,-0.6669,-0.5281,1.3932,2.1073,-0.2654,0.7417,0.0295
7.7899,0.6496,-0.5492,-1.4278,2.0835,0.2255,0.7390,-0.0314,-0.6696,-0.5204,1.3917,2.1123,-0.2788,0.7359,0.0307
7.8200,0.6535,-0.5403,-1.4274,2.0908,0.2378,0.7309,-0.0318,-0.6719,-0.5116,1.3909,2.1180,-0.2899,0.7332,0.0284
7.8500,0.6562,-0.5319,-1.4278,2.0966,0.2516,0.7240,-0.0307,-0.6738,-0.5043,1.3913,2.1219,-0.3014,0.7306,0.0299
7.8700,0.6581,-0.5262,-1.4266,2.1008,0.2615,0.7206,-0.0318,-0.6750,-0.5005,1.3906,2.1249,-0.3076,0.7290,0.0314
7.8999,0.6611,-0.5181,-1.4278,2.1058,0.2750,0.7160,-0.0318,-0.6765,-0.4947,1.3898,2.1280,-0.3172,0.7290,0.0334
7.9300,0.6638,-0.5074,-1.4266,2.1123,0.2861,0.7152,-0.0314,-0.6784,-0.4882,1.3890,2.1318,-0.3279,0.7252,0.0341
7.9601,0.6673,-0.4985,-1.4262,2.1165,0.2976,0.7137,-0.0311,-0.6796,-0.4801,1.3890,2.1349,-0.3382,0.7233,0.0353
7.9799,0.6688,-0.4916,-1.4274,2.1200,0.3068,0.7114,-0.0311,-0.6803,-0.4755,1.3883,2.1365,-0.3463,0.7214,0.0349
8.0099,0.6719,-0.4817,-1.4270,2.1249,0.3152,0.7102,-0.0318,-0.6811,-0.4659,1.3860,2.1395,-0.3528,0.7171,0.0357
8.0399,0.6753,-0.4725,-1.4251,2.1299,0.3256,0.7060,-0.0311,-0.6822,-0.4590,1.3848,2.1434,-0.3639,0.7133,0.0372
8.0699,0.6780,-0.4640,-1.4235,2.1342,0.3386,0.7041,-0.0322,-0.6826,-0.4529,1.3829,2.1464,-0.3751,0.7087,0.0357
8.0899,0.6796,-0.4583,-1.4228,2.1380,0.3471,0.7018,-0.0314,-0.6830,-0.4479,1.3813,2.1472,-0.3835,0.7075,0.0368
8.1200,0.6811,-0.4510,-1.4212,2.1418,0.3586,0.6987,-0.0322,-0.6838,-0.4422,1.3787,2.1503,-0.3954,0.7026,0.0372
8.1499,0.6838,-0.4437,-1.4205,2.1453,0.3724,0.6957,-0.0318,-0.6834,-0.4360,1.3775,2.1533,-0.4054,0.6995,0.0372
8.1800,0.6857,-0.4364,-1.4178,2.1499,0.3866,0.6945,-0.0322,-0.6838,-0.4314,1.3756,2.1560,-0.4165,0.6957,0.0360
8.1999,0.6868,-0.4322,-1.4166,2.1526,0.3954,0.6941,-0.0318,-0.6838,-0.4272,1.3744,2.1587,-0.4230,0.6972,0.0368
8.2300,0.6891,-0.4257,-1.4132,2.1552,0.4103,0.6934,-0.0322,-0.6838,-0.4215,1.3725,2.1610,-0.4337,0.6957,0.0368
8.2601,0.6903,-0.4199,-1.4101,2.1606,0.4261,0.6930,-0.0318,-0.6834,-0.4172,1.3698,2.1633,-0.4441,0.6934,0.0368
8.2904,0.6914,-0.4161,-1.4055,2.1648,0.4456,0.6953,-0.0326,-0.6834,-0.4115,1.3672,2.1667,-0.4590,0.6918,0.0372
8.3099,0.6926,-0.4119,-1.4021,2.1671,0.4579,0.6964,-0.0334,-0.6834,-0.4092,1.3652,2.1690,-0.4690,0.6884,0.0368
8.3399,0.6934,-0.4073,-1.3963,2.1713,0.4721,0.7026,-0.0334,-0.6842,-0.4050,1.3610,2.1729,-0.4844,0.6826,0.0376
8.3699,0.6945,-0.4031,-1.3898,2.1748,0.4817,0.7072,-0.0330,-0.6834,-0.4015,1.3560,2.1763,-0.4982,0.6769,0.0372
8.4000,0.6953,-0.3996,-1.3813,2.1813,0.4913,0.7102,-0.0337,-0.6830,-0.3977,1.3499,2.1813,-0.5162,0.6688,0.0368
8.4200,0.6964,-0.3965,-1.3764,2.1859,0.4974,0.7095,-0.0334,-0.6834,-0.3950,1.3442,2.1832,-0.5277,0.6631,0.0368
8.4500,0.6983,-0.3923,-1.3668,2.1913,0.5077,0.7072,-0.0330,-0.6819,-0.3912,1.3369,2.1871,-0.5449,0.6542,0.0364
8.4800,0.6987,-0.3900,-1.3568,2.1978,0.5262,0.7052,-0.0330,-0.6819,-0.3885,1.3265,2.1909,-0.5637,0.6470,0.0376
8.5099,0.7018,-0.3866,-1.3445,2.2047,0.5492,0.6968,-0.0334,-0.6815,-0.3835,1.3150,2.1951,-0.5825,0.6355,0.0368
8.5301,0.7029,-0.3843,-1.3365,2.2085,0.5649,0.6914,-0.0337,-0.6811,-0.3812,1.3085,2.1982,-0.5963,0.6308,0.0368
8.5600,0.7045,-0.3816,-1.3238,2.2143,0.5890,0.6857,-0.0330,-0.6803,-0.3777,1.2951,2.2028,-0.6132,0.6209,0.0380
8.5899,0.7052,-0.3777,-1.3093,2.2216,0.6124,0.6788,-0.0326,-0.6784,-0.3735,1.2816,2.2062,-0.6351,0.6075,0.0376
8.6200,0.7072,-0.3739,-1.2962,2.2281,0.6332,0.6719,-0.0326,-0.6773,-0.3685,1.2678,2.2108,-0.6542,0.5956,0.0368
8.6399,0.7079,-0.3701,-1.2870,2.2319,0.6443,0.6673,-0.0334,-0.6757,-0.3647,1.2579,2.2147,-0.6680,0.5860,0.0372
8.6699,0.7095,-0.3651,-1.2744,2.2388,0.6527,0.6615,-0.0330,-0.6727,-0.3582,1.2441,2.2201,-0.6868,0.5729,0.0372
8.6999,0.7102,-0.3605,-1.2605,2.2454,0.6638,0.6408,-0.0330,-0.6692,-0.3513,1.2310,2.2239,-0.7068,0.5603,0.0372
8.7300,0.7098,-0.3536,-1.2506,2.2523,0.6857,0.6201,-0.0341,-0.6646,-0.3436,1.2176,2.2281,-0.7260,0.5434,0.0368
8.7499,0.7095,-0.3497,-1.2429,2.2550,0.7003,0.6086,-0.0337,-0.6611,-0.3402,1.2092,2.2300,-0.7382,0.5315,0.0376
8.7799,0.7072,-0.3425,-1.2322,2.2603,0.7225,0.5871,-0.0330,-0.6558,-0.3317,1.1961,2.2327,-0.7563,0.5162,0.0380
8.8099,0.7060,-0.3359,-1.2218,2.2630,0.7444,0.5710,-0.0337,-0.6504,-0.3248,1.1838,2.2354,-0.7716,0.4993,0.0368
8.8399,0.7022,-0.3306,-1.2088,2.2649,0.7635,0.5511,-0.0334,-0.6443,-0.3175,1.1716,2.2369,-0.7873,0.4828,0.0364
8.8600,0.7014,-0.3256,-1.2023,2.2676,0.7777,0.5400,-0.0334,-0.6397,-0.3145,1.1635,2.2381,-0.7977,0.4713,0.0376
8.8901,0.6972,-0.3198,-1.1931,2.2680,0.7946,0.5242,-0.0334,-0.6324,-0.3064,1.1516,2.2377,-0.8134,0.4579,0.0368
8.9203,0.6937,-0.3125,-1.1800,2.2695,0.8084,0.5070,-0.0334,-0.6259,-0.2999,1.1401,2.2388,-0.8330,0.4441,0.0372
8.9501,0.6888,-0.3064,-1.1681,2.2714,0.8203,0.4947,-0.0334,-0.6186,-0.2941,1.1286,2.2404,-0.8506,0.4357,0.0376
8.9701,0.6853,-0.3018,-1.1612,2.2718,0.8310,0.4840,-0.0330,-0.6128,-0.2895,1.1202,2.2415,-0.8655,0.4284,0.0380
9.0000,0.6807,-0.2957,-1.1513,2.2726,0.8521,0.4721,-0.0334,-0.6044,-0.2846,1.1072,2.2411,-0.8820,0.4188,0.0368
9.0300,0.6727,-0.2903,-1.1405,2.2730,0.8728,0.4587,-0.0337,-0.5979,-0.2777,1.0956,2.2400,-0.9001,0.4111,0.0376
9.0604,0.6673,-0.2846,-1.1279,2.2718,0.8889,0.4472,-0.0334,-0.5910,-0.2715,1.0838,2.2400,-0.9158,0.4011,0.0383
9.0800,0.6623,-0.2807,-1.1213,2.2707,0.8970,0.4387,-0.0334,-0.5864,-0.2681,1.0765,2.2388,-0.9258,0.3938,0.0364
9.1101,0.6554,-0.2746,-1.1095,2.2691,0.9093,0.4261,-0.0341,-0.5795,-0.2631,1.0638,2.2362,-0.9407,0.3789,0.0376
9.1400,0.6473,-0.2684,-1.0999,2.2665,0.9238,0.4130,-0.0337,-0.5729,-0.2577,1.0531,2.2331,-0.9545,0.3674,0.0387
9.1699,0.6404,-0.2627,-1.0887,2.2653,0.9434,0.3992,-0.0345,-0.5660,-0.2527,1.0416,2.2304,-0.9695,0.3540,0.0441
9.1901,0.6351,-0.2592,-1.0826,2.2653,0.9610,0.3896,-0.0360,-0.5622,-0.2500,1.0331,2.2296,-0.9791,0.3451,0.0491
9.2200,0.6270,-0.2535,-1.0707,2.2638,0.9821,0.3777,-0.0399,-0.5549,-0.2451,1.0232,2.2293,-0.9917,0.3344,0.0556
9.2500,0.6182,-0.2481,-1.0592,2.2622,0.9902,0.3659,-0.0468,-0.5480,-0.2401,1.0109,2.2281,-1.0040,0.3267,0.0625
9.2799,0.6090,-0.2420,-1.0481,2.2607,1.0013,0.3586,-0.0537,-0.5415,-0.2343,0.9998,2.2266,-1.0159,0.3229,0.0686
9.2999,0.6025,-0.2385,-1.0431,2.2599,1.0101,0.3540,-0.0583,-0.5373,-0.2309,0.9921,2.2254,-1.0232,0.3221,0.0717
9.3300,0.5944,-0.2328,-1.0316,2.2580,1.0224,0.3451,-0.0640,-0.5292,-0.2270,0.9798,2.2231,-1.0347,0.3214,0.0763
9.3600,0.5860,-0.2278,-1.0220,2.2557,1.0339,0.3409,-0.0694,-0.5227,-0.2217,0.9679,2.2208,-1.0454,0.3241,0.0825
9.3899,0.5768,-0.2232,-1.0113,2.2546,1.0450,0.3375,-0.0752,-0.5154,-0.2167,0.9561,2.2166,-1.0561,0.3306,0.0871
9.4200,0.5687,-0.2194,-0.9994,2.2507,1.0535,0.3375,-0.0813,-0.5074,-0.2109,0.9457,2.2132,-1.0650,0.3348,0.0905
9.4400,0.5622,-0.2163,-0.9913,2.2496,1.0577,0.3371,-0.0840,-0.5028,-0.2075,0.9361,2.2101,-1.0703,0.3329,0.0917
9.4699,0.5538,-0.2113,-0.9802,2.2457,1.0630,0.3359,-0.0871,-0.4947,-0.2017,0.9254,2.2062,-1.0769,0.3306,0.0943
9.5000,0.5446,-0.2056,-0.9702,2.2427,1.0734,0.3359,-0.0897,-0.4870,-0.1967,0.9120,2.1997,-1.0807,0.3271,0.0947
9.5300,0.5361,-0.2010,-0.9587,2.2400,1.0853,0.3325,-0.0928,-0.4794,-0.1902,0.9020,2.1951,-1.0857,0.3225,0.0955
9.5500,0.5304,-0.1975,-0.9515,2.2369,1.0918,0.3310,-0.0947,-0.4752,-0.1852,0.8955,2.1898,-1.0864,0.3183,0.0959
9.5799,0.5219,-0.1917,-0.9407,2.2316,1.0976,0.3294,-0.0947,-0.4667,-0.1802,0.8851,2.1825,-1.0864,0.3110,0.0966
9.6099,0.5131,-0.1868,-0.9284,2.2266,1.0979,0.3283,-0.0955,-0.4567,-0.1726,0.8771,2.1733,-1.0864,0.3091,0.0970
9.6399,0.5031,-0.1795,-0.9181,2.2208,1.0979,0.3287,-0.0951,-0.4487,-0.1668,0.8675,2.1644,-1.0880,0.3095,0.0970
9.6600,0.4978,-0.1764,-0.9112,2.2174,1.0979,0.3271,-0.0959,-0.4437,-0.1626,0.8617,2.1587,-1.0880,0.3099,0.0978
9.6903,0.4886,-0.1703,-0.9012,2.2097,1.0983,0.3244,-0.0951,-0.4330,-0.1561,0.8533,2.1499,-1.0884,0.3102,0.0978
9.7200,0.4801,-0.1645,-0.8905,2.2036,1.0979,0.3233,-0.0955,-0.4249,-0.1488,0.8448,2.1388,-1.0880,0.3095,0.0978
9.7499,0.4705,-0.1580,-0.8809,2.1951,1.0968,0.3218,-0.0959,-0.4157,-0.1407,0.8356,2.1284,-1.0884,0.3099,0.0974
9.7699,0.4648,-0.1538,-0.8744,2.1901,1.0976,0.3214,-0.0959,-0.4088,-0.1361,0.8310,2.1203,-1.0887,0.3110,0.0982
9.7999,0.4560,-0.1469,-0.8659,2.1813,1.0983,0.3191,-0.0955,-0.3996,-0.1281,0.8226,2.1100,-1.0895,0.3091,0.0982
9.8301,0.4456,-0.1404,-0.8567,2.1717,1.0972,0.3156,-0.0955,-0.3900,-0.1200,0.8145,2.0981,-1.0903,0.3091,0.0982
9.8599,0.4349,-0.1331,-0.8471,2.1618,1.0979,0.3125,-0.0963,-0.3797,-0.1127,0.8065,2.0870,-1.0903,0.3049,0.0974
9.8799,0.4291,-0.1285,-0.8429,2.1549,1.0983,0.3083,-0.0951,-0.3731,-0.1070,0.8015,2.0785,-1.0887,0.3022,0.0978
9.9099,0.4192,-0.1204,-0.8356,2.1437,1.0976,0.3014,-0.0959,-0.3647,-0.0989,0.7958,2.0659,-1.0868,0.2968,0.0982
9.9399,0.4084,-0.1124,-0.8280,2.1326,1.0972,0.2957,-0.0963,-0.3543,-0.0909,0.7896,2.0532,-1.0868,0.2915,0.0982
9.9699,0.3985,-0.1047,-0.8195,2.1215,1.0983,0.2903,-0.0955,-0.3440,-0.0825,0.7850,2.0410,-1.0880,0.2846,0.0982
9.9902,0.3908,-0.0997,-0.8149,2.1127,1.0983,0.2846,-0.0959,-0.3379,-0.0763,0.7812,2.0325,-1.0868,0.2800,0.0982
10.0201,0.3797,-0.0917,-0.8088,2.1008,1.0976,0.2796,-0.0959,-0.3283,-0.0698,0.7770,2.0203,-1.0868,0.2750,0.0978
10.0499,0.3685,-0.0840,-0.8027,2.0889,1.0979,0.2719,-0.0959,-0.3191,-0.0621,0.7724,2.0076,-1.0872,0.2711,0.0986
10.0799,0.3574,-0.0763,-0.7973,2.0770,1.0983,0.2669,-0.0951,-0.3087,-0.0541,0.7689,1.9961,-1.0868,0.2688,0.0978
10.1000,0.3509,-0.0702,-0.7938,2.0678,1.0979,0.2646,-0.0955,-0.3026,-0.0495,0.7678,1.9888,-1.0868,0.2673,0.0982
10.1300,0.3405,-0.0625,-0.7885,2.0544,1.0976,0.2569,-0.0966,-0.2949,-0.0422,0.7655,1.9773,-1.0868,0.2681,0.0982
10.1602,0.3302,-0.0552,-0.7842,2.0421,1.0979,0.2481,-0.0966,-0.2865,-0.0341,0.7635,1.9673,-1.0872,0.2665,0.0978
10.1903,0.3191,-0.0464,-0.7800,2.0287,1.0979,0.2447,-0.0966,-0.2803,-0.0280,0.7605,1.9574,-1.0857,0.2661,0.0978
10.2099,0.3133,-0.0422,-0.7789,2.0195,1.0979,0.2458,-0.0959,-0.2750,-0.0242,0.7589,1.9528,-1.0857,0.2650,0.0978
10.2399,0.3037,-0.0341,-0.7758,2.0080,1.0976,0.2454,-0.0963,-0.2696,-0.0180,0.7578,1.9436,-1.0857,0.2631,0.0974
10.2699,0.2949,-0.0261,-0.7724,1.9972,1.0968,0.2466,-0.0959,-0.2631,-0.0119,0.7559,1.9359,-1.0845,0.2631,0.0970
10.2999,0.2853,-0.0192,-0.7708,1.9861,1.0972,0.2481,-0.0963,-0.2592,-0.0061,0.7551,1.9301,-1.0834,0.2638,0.0978
10.3200,0.2777,-0.0157,-0.7697,1.9788,1.0960,0.2485,-0.0955,-0.2558,-0.0038,0.7543,1.9267,-1.0838,0.2627,0.0978
10.3499,0.2700,-0.0084,-0.7678,1.9685,1.0941,0.2470,-0.0955,-0.2520,0.0008,0.7547,1.9213,-1.0838,0.2627,0.0982
10.3799,0.2623,-0.0027,-0.7662,1.9593,1.0941,0.2485,-0.0963,-0.2481,0.0042,0.7528,1.9175,-1.0838,0.2635,0.0982
10.4099,0.2535,0.0038,-0.7647,1.9505,1.0941,0.2466,-0.0959,-0.2451,0.0061,0.7509,1.9133,-1.0834,0.2635,0.0982
10.4300,0.2493,0.0084,-0.7635,1.9439,1.0945,0.2477,-0.0959,-0.2435,0.0077,0.7520,1.9121,-1.0830,0.2638,0.0978
10.4599,0.2424,0.0127,-0.7616,1.9370,1.0937,0.2466,-0.0970,-0.2405,0.0092,0.7517,1.9087,-1.0830,0.2642,0.0978
10.4904,0.2362,0.0173,-0.7609,1.9294,1.0937,0.2477,-0.0959,-0.2385,0.0111,0.7509,1.9071,-1.0830,0.2631,0.0982
10.5200,0.2301,0.0215,-0.7597,1.9236,1.0930,0.2458,-0.0959,-0.2374,0.0127,0.7509,1.9056,-1.0822,0.2623,0.0982
10.5399,0.2266,0.0242,-0.7597,1.9198,1.0922,0.2462,-0.0963,-0.2366,0.0134,0.7517,1.9041,-1.0826,0.2631,0.0978
10.5699,0.2217,0.0280,-0.7589,1.9148,1.0922,0.2454,-0.0959,-0.2362,0.0138,0.7509,1.9041,-1.0815,0.2635,0.0978
10.6001,0.2190,0.0307,-0.7589,1.9106,1.0914,0.2454,-0.0963,-0.2358,0.0146,0.7505,1.9041,-1.0811,0.2631,0.0986
10.6300,0.2167,0.0330,-0.7582,1.9067,1.0922,0.2439,-0.0966,-0.2366,0.0150,0.7501,1.9033,-1.0815,0.2635,0.0978
10.6500,0.2140,0.0345,-0.7582,1.9044,1.0907,0.2447,-0.0955,-0.2366,0.0150,0.7493,1.9037,-1.0807,0.2627,0.0986
10.6800,0.2125,0.0360,-0.7574,1.9014,1.0903,0.2443,-0.0959,-0.2382,0.0146,0.7505,1.9033,-1.0807,0.2612,0.0982
10.7100,0.2105,0.0368,-0.7578,1.8983,1.0903,0.2451,-0.0951,-0.2378,0.0142,0.7490,1.9033,-1.0807,0.2585,0.0974
10.7400,0.2090,0.0376,-0.7559,1.8956,1.0910,0.2420,-0.0963,-0.2385,0.0150,0.7501,1.9037,-1.0795,0.2554,0.0982
10.7600,0.2086,0.0380,-0.7566,1.8945,1.0907,0.2424,-0.0966,-0.2393,0.0142,0.7493,1.9041,-1.0807,0.2520,0.0978
10.7907,0.2075,0.0391,-0.7570,1.8929,1.0903,0.2405,-0.0955,-0.2393,0.0146,0.7486,1.9037,-1.0803,0.2497,0.0974
10.8200,0.2079,0.0395,-0.7563,1.8914,1.0899,0.2382,-0.0963,-0.2393,0.0142,0.7482,1.9041,-1.0799,0.2489,0.0982
10.8501,0.2082,0.0403,-0.7566,1.8918,1.0899,0.2335,-0.0966,-0.2397,0.0142,0.7490,1.9044,-1.0795,0.2493,0.0986
10.8701,0.2082,0.0399,-0.7555,1.8914,1.0903,0.2320,-0.0959,-0.2393,0.0142,0.7493,1.9056,-1.0799,0.2493,0.0982
10.8999,0.2082,0.0399,-0.7543,1.8914,1.0903,0.2309,-0.0966,-0.2405,0.0146,0.7497,1.9064,-1.0795,0.2493,0.0978
10.9300,0.2090,0.0395,-0.7555,1.8910,1.0895,0.2309,-0.0970,-0.2397,0.0142,0.7486,1.9067,-1.0795,0.2508,0.0982
10.9600,0.2090,0.0403,-0.7543,1.8910,1.0899,0.2309,-0.0963,-0.2412,0.0146,0.7478,1.9083,-1.0795,0.2516,0.0978
10.9902,0.2094,0.0395,-0.7543,1.8914,1.0903,0.2316,-0.0959,-0.2412,0.0142,0.7474,1.9094,-1.0795,0.2523,0.0986
