time,left_s0,left_s1,left_e0,left_e1,left_w0,left_w1,left_w2,right_s0,right_s1,right_e0,right_e1,right_w0,right_w1,right_w2
0.0000,0.1208,-0.2857,-1.3016,1.3883,-0.0974,0.5622,-0.0848,-0.1216,-0.2869,1.3027,1.3879,0.0974,0.5595,0.0828
0.0202,0.1208,-0.2853,-1.3020,1.3879,-0.0970,0.5630,-0.0844,-0.1216,-0.2853,1.3020,1.3879,0.0978,0.5611,0.0832
0.0501,0.1216,-0.2857,-1.3020,1.3875,-0.0966,0.5618,-0.0848,-0.1212,-0.2869,1.3023,1.3879,0.0978,0.5618,0.0832
0.0803,0.1212,-0.2861,-1.3020,1.3875,-0.0978,0.5622,-0.0848,-0.1200,-0.2872,1.3031,1.3871,0.0982,0.5607,0.0836
0.1000,0.1204,-0.2857,-1.3016,1.3886,-0.0982,0.5618,-0.0844,-0.1204,-0.2857,1.3027,1.3879,0.0982,0.5611,0.0832
0.1300,0.1208,-0.2853,-1.3008,1.3875,-0.0978,0.5611,-0.0851,-0.1204,-0.2861,1.3027,1.3883,0.0982,0.5599,0.0828
0.1600,0.1216,-0.2861,-1.3023,1.3875,-0.0982,0.5622,-0.0840,-0.1208,-0.2861,1.3035,1.3883,0.0978,0.5618,0.0832
0.1901,0.1220,-0.2861,-1.3020,1.3883,-0.0978,0.5614,-0.0840,-0.1200,-0.2861,1.3027,1.3875,0.0978,0.5611,0.0844
0.2102,0.1204,-0.2861,-1.3023,1.3875,-0.0974,0.5622,-0.0844,-0.1197,-0.2865,1.3039,1.3879,0.0978,0.5599,0.0844
0.2402,0.1212,-0.2853,-1.3023,1.3879,-0.0982,0.5622,-0.0844,-0.1181,-0.2865,1.3043,1.3871,0.0982,0.5603,0.0832
0.2700,0.1212,-0.2865,-1.3012,1.3886,-0.0970,0.5626,-0.0840,-0.1170,-0.2872,1.3039,1.3875,0.0982,0.5591,0.0828
0.2901,0.1216,-0.2865,-1.3012,1.3883,-0.0982,0.5611,-0.0844,-0.1170,-0.2884,1.3043,1.3879,0.0974,0.5607,0.0832
0.3202,0.1212,-0.2861,-1.3020,1.3879,-0.0978,0.5618,-0.0844,-0.1166,-0.2880,1.3039,1.3879,0.0970,0.5599,0.0832
0.3509,0.1216,-0.2861,-1.3016,1.3879,-0.0978,0.5618,-0.0844,-0.1162,-0.2907,1.3023,1.3875,0.0936,0.5599,0.0836
0.3803,0.1223,-0.2861,-1.3016,1.3886,-0.0982,0.5618,-0.0844,-0.1143,-0.2957,1.2993,1.3875,0.0836,0.5614,0.0828
0.4000,0.1208,-0.2865,-1.3016,1.3879,-0.0959,0.5611,-0.0848,-0.1143,-0.3003,1.2966,1.3879,0.0744,0.5603,0.0832
0.4300,0.1204,-0.2880,-1.3016,1.3879,-0.0905,0.5630,-0.0844,-0.1120,-0.3068,1.2931,1.3875,0.0617,0.5630,0.0832
0.4600,0.1200,-0.2892,-1.3020,1.3883,-0.0813,0.5630,-0.0840,-0.1108,-0.3129,1.2885,1.3883,0.0414,0.5641,0.0832
0.4901,0.1208,-0.2907,-1.3016,1.3886,-0.0686,0.5637,-0.0844,-0.1093,-0.3198,1.2847,1.3879,0.0215,0.5637,0.0836
0.5100,0.1204,-0.2934,-1.3012,1.3883,-0.0568,0.5637,-0.0848,-0.1074,-0.3244,1.2820,1.3894,0.0077,0.5664,0.0844
0.5401,0.1193,-0.2972,-1.3008,1.3890,-0.0349,0.5637,-0.0844,-0.1058,-0.3313,1.2767,1.3902,-0.0100,0.5680,0.0840
0.5700,0.1181,-0.3022,-1.2989,1.3883,-0.0119,0.5645,-0.0851,-0.1032,-0.3367,1.2717,1.3906,-0.0245,0.5726,0.0840
0.5901,0.1185,-0.3056,-1.2962,1.3890,0.0008,0.5645,-0.0844,-0.1005,-0.3413,1.2678,1.3909,-0.0314,0.5775,0.0844
0.6201,0.1170,-0.3118,-1.2943,1.3886,0.0192,0.5641,-0.0844,-0.0974,-0.3463,1.2613,1.3902,-0.0364,0.5867,0.0844
0.6501,0.1166,-0.3164,-1.2912,1.3886,0.0307,0.5680,-0.0836,-0.0955,-0.3524,1.2552,1.3902,-0.0368,0.5979,0.0844
0.6802,0.1150,-0.3218,-1.2870,1.3879,0.0341,0.5764,-0.0844,-0.0924,-0.3582,1.2479,1.3906,-0.0364,0.6098,0.0848
0.7000,0.1150,-0.3256,-1.2851,1.3879,0.0345,0.5818,-0.0844,-0.0917,-0.3620,1.2444,1.3894,-0.0368,0.6205,0.0844
0.7301,0.1127,-0.3317,-1.2797,1.3871,0.0345,0.5940,-0.0848,-0.0894,-0.3662,1.2395,1.3906,-0.0364,0.6332,0.0844
0.7601,0.1120,-0.3382,-1.2755,1.3879,0.0341,0.6086,-0.0844,-0.0890,-0.3716,1.2349,1.3913,-0.0360,0.6470,0.0836
0.7901,0.1104,-0.3436,-1.2713,1.3875,0.0349,0.6232,-0.0851,-0.0886,-0.3758,1.2310,1.3921,-0.0364,0.6623,0.0840
0.8101,0.1089,-0.3482,-1.2682,1.3879,0.0364,0.6320,-0.0844,-0.0878,-0.3785,1.2291,1.3925,-0.0360,0.6707,0.0844
0.8401,0.1074,-0.3547,-1.2628,1.3879,0.0368,0.6477,-0.0851,-0.0878,-0.3835,1.2260,1.3929,-0.0353,0.6845,0.0844
0.8700,0.1043,-0.3597,-1.2575,1.3879,0.0364,0.6615,-0.0844,-0.0890,-0.3866,1.2237,1.3940,-0.0341,0.6995,0.0848
0.8901,0.1035,-0.3636,-1.2544,1.3886,0.0364,0.6707,-0.0840,-0.0894,-0.3892,1.2230,1.3944,-0.0330,0.7079,0.0840
0.9201,0.1012,-0.3682,-1.2502,1.3879,0.0376,0.6838,-0.0840,-0.0897,-0.3931,1.2203,1.3959,-0.0280,0.7221,0.0840
0.9502,0.0997,-0.3739,-1.2456,1.3890,0.0353,0.6980,-0.0844,-0.0913,-0.3969,1.2187,1.3971,-0.0226,0.7336,0.0840
0.9801,0.0970,-0.3789,-1.2418,1.3898,0.0337,0.7118,-0.0844,-0.0928,-0.4008,1.2164,1.3990,-0.0150,0.7436,0.0840
1.0000,0.0963,-0.3808,-1.2387,1.3894,0.0303,0.7225,-0.0840,-0.0932,-0.4038,1.2161,1.4005,-0.0107,0.7501,0.0848
1.0300,0.0924,-0.3858,-1.2356,1.3909,0.0245,0.7321,-0.0848,-0.0943,-0.4084,1.2138,1.4044,-0.0035,0.7582,0.0855
1.0600,0.0909,-0.3908,-1.2295,1.3913,0.0176,0.7447,-0.0840,-0.0966,-0.4130,1.2122,1.4078,0.0027,0.7639,0.0840
1.0902,0.0897,-0.3950,-1.2276,1.3944,0.0096,0.7532,-0.0851,-0.0997,-0.4176,1.2111,1.4124,0.0084,0.7689,0.0836
1.1101,0.0894,-0.3988,-1.2253,1.3948,0.0054,0.7589,-0.0844,-0.1005,-0.4203,1.2099,1.4178,0.0127,0.7708,0.0840
1.1401,0.0878,-0.4019,-1.2218,1.3971,-0.0004,0.7651,-0.0848,-0.1039,-0.4268,1.2088,1.4239,0.0184,0.7724,0.0840
1.1700,0.0874,-0.4073,-1.2207,1.4009,-0.0058,0.7662,-0.0851,-0.1058,-0.4333,1.2072,1.4320,0.0238,0.7735,0.0844
1.1901,0.0871,-0.4100,-1.2195,1.4036,-0.0096,0.7655,-0.0844,-0.1085,-0.4364,1.2065,1.4381,0.0272,0.7716,0.0844
1.2201,0.0886,-0.4161,-1.2157,1.4078,-0.0157,0.7666,-0.0851,-0.1124,-0.4429,1.2065,1.4485,0.0330,0.7704,0.0840
1.2501,0.0894,-0.4230,-1.2138,1.4124,-0.0211,0.7666,-0.0848,-0.1162,-0.4487,1.2049,1.4580,0.0376,0.7685,0.0844
1.2802,0.0905,-0.4276,-1.2126,1.4182,-0.0265,0.7662,-0.0840,-0.1220,-0.4556,1.2046,1.4684,0.0430,0.7651,0.0836
1.3000,0.0920,-0.4326,-1.2107,1.4228,-0.0307,0.7658,-0.0840,-0.1246,-0.4587,1.2038,1.4761,0.0456,0.7628,0.0844
1.3300,0.0940,-0.4387,-1.2095,1.4301,-0.0360,0.7658,-0.0844,-0.1300,-0.4652,1.2034,1.4887,0.0499,0.7589,0.0840
1.3601,0.0989,-0.4437,-1.2095,1.4381,-0.0399,0.7658,-0.0848,-0.1350,-0.4717,1.2042,1.5014,0.0545,0.7543,0.0840
1.3901,0.1012,-0.4518,-1.2076,1.4465,-0.0460,0.7658,-0.0844,-0.1407,-0.4778,1.2042,1.5129,0.0579,0.7501,0.0840
1.4101,0.1032,-0.4560,-1.2069,1.4531,-0.0487,0.7647,-0.0844,-0.1442,-0.4824,1.2042,1.5221,0.0614,0.7474,0.0844
1.4402,0.1081,-0.4621,-1.2057,1.4634,-0.0529,0.7624,-0.0848,-0.1499,-0.4882,1.2042,1.5355,0.0660,0.7432,0.0844
1.4700,0.1135,-0.4694,-1.2046,1.4745,-0.0568,0.7601,-0.0848,-0.1557,-0.4943,1.2038,1.5482,0.0709,0.7371,0.0840
1.4901,0.1166,-0.4755,-1.2038,1.4818,-0.0594,0.7570,-0.0848,-0.1595,-0.4989,1.2042,1.5566,0.0744,0.7340,0.0836
1.5202,0.1204,-0.4817,-1.2026,1.4937,-0.0656,0.7513,-0.0840,-0.1645,-0.5047,1.2042,1.5689,0.0794,0.7298,0.0840
1.5502,0.1281,-0.4890,-1.2019,1.5052,-0.0702,0.7467,-0.0848,-0.1695,-0.5104,1.2046,1.5796,0.0840,0.7233,0.0836
1.5802,0.1342,-0.4951,-1.2007,1.5175,-0.0752,0.7394,-0.0848,-0.1733,-0.5150,1.2046,1.5904,0.0871,0.7171,0.0844
1.6000,0.1381,-0.4997,-1.2000,1.5259,-0.0798,0.7352,-0.0844,-0.1760,-0.5196,1.2042,1.5965,0.0901,0.7133,0.0836
1.6302,0.1438,-0.5062,-1.2000,1.5390,-0.0832,0.7263,-0.0840,-0.1806,-0.5246,1.2038,1.6049,0.0924,0.7049,0.0844
1.6601,0.1488,-0.5127,-1.1992,1.5501,-0.0867,0.7206,-0.0844,-0.1841,-0.5288,1.2046,1.6145,0.0940,0.6983,0.0840
1.6900,0.1553,-0.5185,-1.1992,1.5616,-0.0894,0.7133,-0.0844,-0.1860,-0.5327,1.2046,1.6210,0.0959,0.6922,0.0840
1.7101,0.1595,-0.5227,-1.1988,1.5693,-0.0905,0.7087,-0.0840,-0.1871,-0.5346,1.2042,1.6237,0.0963,0.6872,0.0840
1.7401,0.1649,-0.5288,-1.1988,1.5800,-0.0920,0.7033,-0.0840,-0.1879,-0.5373,1.2049,1.6283,0.0966,0.6830,0.0840
1.7701,0.1710,-0.5334,-1.1980,1.5904,-0.0924,0.6991,-0.0844,-0.1898,-0.5388,1.2049,1.6314,0.0970,0.6780,0.0840
1.7901,0.1737,-0.5369,-1.1980,1.5973,-0.0917,0.6968,-0.0836,-0.1891,-0.5384,1.2042,1.6333,0.0966,0.6761,0.0836
1.8201,0.1791,-0.5411,-1.1980,1.6053,-0.0920,0.6918,-0.0844,-0.1887,-0.5384,1.2042,1.6341,0.0974,0.6734,0.0840
1.8503,0.1829,-0.5446,-1.1992,1.6130,-0.0913,0.6880,-0.0855,-0.1879,-0.5373,1.2042,1.6341,0.0978,0.6711,0.0836
1.8803,0.1864,-0.5480,-1.1984,1.6214,-0.0928,0.6849,-0.0844,-0.1856,-0.5377,1.2042,1.6333,0.0970,0.6669,0.0840
1.9000,0.1887,-0.5492,-1.1988,1.6253,-0.0924,0.6799,-0.0844,-0.1845,-0.5373,1.2034,1.6325,0.0970,0.6638,0.0836
1.9300,0.1906,-0.5518,-1.1977,1.6314,-0.0951,0.6773,-0.0840,-0.1829,-0.5361,1.2026,1.6322,0.0974,0.6565,0.0836
1.9600,0.1937,-0.5530,-1.1980,1.6348,-0.0963,0.6719,-0.0844,-0.1802,-0.5373,1.2011,1.6314,0.0970,0.6485,0.0840
1.9901,0.1963,-0.5545,-1.1980,1.6398,-0.0955,0.6631,-0.0848,-0.1764,-0.5373,1.1984,1.6306,0.0970,0.6404,0.0844
2.0101,0.1967,-0.5545,-1.1969,1.6421,-0.0963,0.6608,-0.0851,-0.1741,-0.5373,1.1973,1.6287,0.0974,0.6339,0.0840
2.0401,0.1971,-0.5565,-1.1957,1.6437,-0.0947,0.6554,-0.0840,-0.1687,-0.5377,1.1942,1.6276,0.0974,0.6247,0.0840
2.0700,0.1963,-0.5565,-1.1950,1.6463,-0.0959,0.6443,-0.0840,-0.1634,-0.5377,1.1904,1.6245,0.0966,0.6159,0.0836
2.0901,0.1963,-0.5565,-1.1950,1.6463,-0.0959,0.6389,-0.0848,-0.1595,-0.5373,1.1869,1.6207,0.0970,0.6101,0.0840
2.1201,0.1948,-0.5565,-1.1927,1.6463,-0.0959,0.6270,-0.0844,-0.1522,-0.5369,1.1819,1.6157,0.0970,0.6029,0.0840
2.1501,0.1921,-0.5561,-1.1900,1.6460,-0.0955,0.6193,-0.0851,-0.1446,-0.5369,1.1766,1.6084,0.0974,0.5952,0.0844
2.1809,0.1894,-0.5553,-1.1869,1.6456,-0.0959,0.6105,-0.0836,-0.1361,-0.5365,1.1700,1.5996,0.0966,0.5894,0.0844
2.2000,0.1875,-0.5561,-1.1846,1.6448,-0.0963,0.6059,-0.0848,-0.1300,-0.5361,1.1666,1.5934,0.0970,0.5860,0.0844
2.2300,0.1822,-0.5561,-1.1819,1.6425,-0.0963,0.6013,-0.0844,-0.1200,-0.5357,1.1601,1.5827,0.0986,0.5825,0.0844
2.2601,0.1776,-0.5561,-1.1766,1.6394,-0.0963,0.5952,-0.0848,-0.1089,-0.5346,1.1528,1.5716,0.0989,0.5810,0.0840
2.2903,0.1703,-0.5553,-1.1708,1.6341,-0.0951,0.5929,-0.0848,-0.0978,-0.5342,1.1467,1.5585,0.1009,0.5783,0.0840
2.3102,0.1653,-0.5553,-1.1677,1.6306,-0.0959,0.5921,-0.0840,-0.0905,-0.5334,1.1428,1.5501,0.1020,0.5772,0.0840
2.3401,0.1580,-0.5545,-1.1631,1.6237,-0.0959,0.5894,-0.0848,-0.0802,-0.5319,1.1351,1.5367,0.1058,0.5775,0.0844
2.3700,0.1488,-0.5542,-1.1562,1.6149,-0.1001,0.5864,-0.0844,-0.0675,-0.5319,1.1290,1.5206,0.1120,0.5768,0.0840
2.3901,0.1415,-0.5549,-1.1520,1.6080,-0.1020,0.5867,-0.0848,-0.0587,-0.5311,1.1240,1.5102,0.1173,0.5764,0.0836
2.4201,0.1315,-0.5538,-1.1459,1.5980,-0.1081,0.5856,-0.0844,-0.0472,-0.5285,1.1167,1.4929,0.1273,0.5764,0.0840
2.4501,0.1197,-0.5534,-1.1390,1.5873,-0.1181,0.5848,-0.0844,-0.0353,-0.5277,1.1102,1.4761,0.1381,0.5752,0.0840
2.4802,0.1085,-0.5522,-1.1332,1.5739,-0.1277,0.5841,-0.0848,-0.0222,-0.5258,1.1045,1.4577,0.1469,0.5752,0.0848
2.6111,0.0525,-0.5434,-1.1068,1.5041,-0.1657,0.5837,-0.0844,0.0311,-0.5108,1.0811,1.3729,0.1741,0.5764,0.0844
2.6410,0.0345,-0.5380,-1.0991,1.4795,-0.1714,0.5825,-0.0848,0.0476,-0.5016,1.0776,1.3461,0.1779,0.5768,0.0840
2.6710,0.0249,-0.5346,-1.0960,1.4669,-0.1733,0.5818,-0.0844,0.0556,-0.4974,1.0757,1.3311,0.1795,0.5768,0.0844
2.7009,0.0050,-0.5281,-1.0895,1.4389,-0.1760,0.5806,-0.0848,0.0709,-0.4878,1.0738,1.3027,0.1795,0.5764,0.0844
2.7211,-0.0046,-0.5246,-1.0864,1.4255,-0.1749,0.5802,-0.0848,0.0778,-0.4821,1.0719,1.2885,0.1799,0.5764,0.0840
2.7510,-0.0173,-0.5170,-1.0830,1.4047,-0.1783,0.5810,-0.0844,0.0897,-0.4740,1.0700,1.2682,0.1791,0.5756,0.0844
2.7812,-0.0311,-0.5093,-1.0792,1.3825,-0.1795,0.5814,-0.0844,0.1001,-0.4648,1.0696,1.2464,0.1791,0.5772,0.0840
2.8009,-0.0399,-0.5043,-1.0761,1.3679,-0.1802,0.5806,-0.0848,0.1070,-0.4587,1.0696,1.2322,0.1799,0.5768,0.0840
2.8309,-0.0537,-0.4966,-1.0723,1.3453,-0.1810,0.5810,-0.0844,0.1173,-0.4491,1.0696,1.2107,0.1795,0.5775,0.0848
2.8611,-0.0690,-0.4874,-1.0700,1.3242,-0.1802,0.5818,-0.0855,0.1266,-0.4403,1.0703,1.1908,0.1791,0.5783,0.0840
2.8909,-0.0825,-0.4782,-1.0684,1.3012,-0.1795,0.5829,-0.0844,0.1358,-0.4333,1.0703,1.1712,0.1791,0.5791,0.0848
2.9110,-0.0901,-0.4721,-1.0669,1.2870,-0.1810,0.5825,-0.0844,0.1419,-0.4272,1.0700,1.1589,0.1787,0.5798,0.0848
2.9411,-0.1047,-0.4629,-1.0646,1.2648,-0.1802,0.5825,-0.0848,0.1503,-0.4199,1.0700,1.1413,0.1795,0.5821,0.0848
2.9710,-0.1185,-0.4552,-1.0619,1.2437,-0.1802,0.5818,-0.0844,0.1580,-0.4138,1.0703,1.1248,0.1787,0.5860,0.0844
3.0009,-0.1312,-0.4464,-1.0611,1.2210,-0.1799,0.5833,-0.0848,0.1657,-0.4084,1.0696,1.1110,0.1791,0.5875,0.0840
3.0209,-0.1381,-0.4414,-1.0600,1.2080,-0.1795,0.5856,-0.0840,0.1703,-0.4054,1.0703,1.1010,0.1787,0.5910,0.0844
3.0510,-0.1465,-0.4345,-1.0607,1.1954,-0.1802,0.5852,-0.0844,0.1745,-0.4031,1.0703,1.0941,0.1791,0.5940,0.0844
3.0811,-0.1576,-0.4264,-1.0600,1.1750,-0.1810,0.5860,-0.0836,0.1795,-0.3988,1.0696,1.0826,0.1791,0.5960,0.0840
3.1010,-0.1680,-0.4192,-1.0600,1.1570,-0.1802,0.5883,-0.0844,0.1848,-0.3969,1.0700,1.0734,0.1799,0.5960,0.0844
3.1310,-0.1783,-0.4126,-1.0592,1.1386,-0.1802,0.5956,-0.0848,0.1887,-0.3942,1.0700,1.0665,0.1795,0.5971,0.0844
3.1609,-0.1860,-0.4065,-1.0588,1.1244,-0.1799,0.5986,-0.0844,0.1914,-0.3942,1.0700,1.0615,0.1787,0.5960,0.0840
3.1909,-0.1937,-0.4019,-1.0588,1.1095,-0.1799,0.6002,-0.0848,0.1940,-0.3942,1.0696,1.0596,0.1799,0.5933,0.0848
3.2109,-0.1987,-0.3977,-1.0581,1.0995,-0.1802,0.5998,-0.0851,0.1948,-0.3946,1.0703,1.0588,0.1802,0.5933,0.0836
3.2409,-0.2059,-0.3938,-1.0577,1.0884,-0.1799,0.5979,-0.0851,0.1960,-0.3962,1.0711,1.0600,0.1818,0.5913,0.0848
3.2709,-0.2109,-0.3904,-1.0573,1.0795,-0.1810,0.6006,-0.0848,0.1944,-0.3965,1.0707,1.0607,0.1848,0.5929,0.0848
3.3009,-0.2151,-0.3862,-1.0573,1.0719,-0.1814,0.6006,-0.0848,0.1944,-0.3977,1.0715,1.0623,0.1917,0.5913,0.0840
3.3210,-0.2174,-0.3862,-1.0569,1.0669,-0.1833,0.6006,-0.0848,0.1940,-0.3992,1.0715,1.0623,0.1975,0.5913,0.0836
3.3511,-0.2209,-0.3843,-1.0554,1.0615,-0.1898,0.6009,-0.0848,0.1937,-0.4004,1.0715,1.0627,0.2082,0.5929,0.0840
3.3812,-0.2243,-0.3835,-1.0542,1.0573,-0.1967,0.6006,-0.0836,0.1929,-0.4034,1.0715,1.0630,0.2205,0.5937,0.0836
3.4009,-0.2255,-0.3831,-1.0535,1.0542,-0.2036,0.5986,-0.0844,0.1921,-0.4061,1.0719,1.0623,0.2286,0.5933,0.0840
3.4311,-0.2266,-0.3820,-1.0542,1.0504,-0.2159,0.5990,-0.0848,0.1898,-0.4088,1.0715,1.0623,0.2408,0.5917,0.0844
3.4610,-0.2278,-0.3820,-1.0535,1.0489,-0.2243,0.5979,-0.0844,0.1887,-0.4123,1.0719,1.0630,0.2489,0.5925,0.0840
3.4911,-0.2282,-0.3831,-1.0538,1.0443,-0.2412,0.5967,-0.0848,0.1875,-0.4184,1.0715,1.0642,0.2650,0.5913,0.0844
3.5114,-0.2282,-0.3846,-1.0535,1.0431,-0.2497,0.5952,-0.0851,0.1848,-0.4222,1.0726,1.0661,0.2757,0.5925,0.0844
3.5410,-0.2282,-0.3850,-1.0535,1.0416,-0.2577,0.5956,-0.0848,0.1837,-0.4280,1.0715,1.0680,0.2861,0.5929,0.0848
3.5709,-0.2278,-0.3881,-1.0527,1.0400,-0.2765,0.5929,-0.0844,0.1779,-0.4406,1.0711,1.0749,0.3072,0.5910,0.0844
3.6009,-0.2270,-0.3915,-1.0519,1.0389,-0.2915,0.5940,-0.0848,0.1733,-0.4510,1.0715,1.0822,0.3252,0.5902,0.0844
3.6209,-0.2251,-0.3942,-1.0515,1.0397,-0.3026,0.5925,-0.0844,0.1699,-0.4587,1.0730,1.0895,0.3382,0.5910,0.0840
3.6510,-0.2236,-0.3992,-1.0512,1.0404,-0.3195,0.5917,-0.0840,0.1634,-0.4709,1.0723,1.0991,0.3570,0.5902,0.0840
3.6813,-0.2217,-0.4057,-1.0492,1.0420,-0.3325,0.5917,-0.0848,0.1588,-0.4798,1.0726,1.1068,0.3708,0.5898,0.0844
3.7009,-0.2186,-0.4119,-1.0500,1.0454,-0.3517,0.5910,-0.0844,0.1511,-0.4939,1.0730,1.1194,0.3912,0.5894,0.0840
3.7309,-0.2148,-0.4211,-1.0500,1.0500,-0.3708,0.5910,-0.0844,0.1427,-0.5093,1.0726,1.1340,0.4126,0.5894,0.0848
3.7609,-0.2090,-0.4318,-1.0496,1.0561,-0.3927,0.5913,-0.0836,0.1323,-0.5258,1.0730,1.1516,0.4341,0.5887,0.0844
3.7912,-0.2040,-0.4426,-1.0496,1.0642,-0.4146,0.5890,-0.0848,0.1220,-0.5426,1.0738,1.1689,0.4544,0.5860,0.0844
3.8110,-0.1994,-0.4521,-1.0500,1.0700,-0.4280,0.5871,-0.0851,0.1154,-0.5545,1.0742,1.1812,0.4690,0.5867,0.0844
3.8410,-0.1925,-0.4663,-1.0496,1.0811,-0.4495,0.5856,-0.0840,0.1028,-0.5722,1.0746,1.2003,0.4901,0.5844,0.0836
3.8709,-0.1845,-0.4817,-1.0512,1.0922,-0.4713,0.5848,-0.0848,0.0917,-0.5913,1.0769,1.2210,0.5108,0.5806,0.0836
3.9009,-0.1760,-0.4985,-1.0496,1.1068,-0.4928,0.5825,-0.0844,0.0786,-0.6098,1.0799,1.2421,0.5327,0.5764,0.0836
3.9210,-0.1699,-0.5100,-1.0508,1.1179,-0.5070,0.5829,-0.0848,0.0698,-0.6224,1.0822,1.2563,0.5469,0.5745,0.0844
3.9511,-0.1626,-0.5216,-1.0508,1.1294,-0.5219,0.5818,-0.0848,0.0614,-0.6355,1.0838,1.2717,0.5618,0.5714,0.0840
3.9814,-0.1519,-0.5403,-1.0515,1.1459,-0.5442,0.5772,-0.0855,0.0472,-0.6546,1.0887,1.2935,0.5841,0.5660,0.0844
4.0009,-0.1396,-0.5607,-1.0527,1.1647,-0.5657,0.5726,-0.0844,0.0330,-0.6727,1.0930,1.3146,0.6052,0.5607,0.0844
4.0309,-0.1277,-0.5818,-1.0538,1.1835,-0.5883,0.5641,-0.0844,0.0180,-0.6918,1.0991,1.3353,0.6247,0.5545,0.0840
4.0610,-0.1147,-0.6025,-1.0581,1.2053,-0.6101,0.5534,-0.0848,0.0027,-0.7087,1.1056,1.3576,0.6439,0.5503,0.0844
4.0912,-0.1039,-0.6151,-1.0604,1.2191,-0.6232,0.5457,-0.0844,-0.0084,-0.7206,1.1091,1.3710,0.6554,0.5484,0.0840
4.1110,-0.0886,-0.6370,-1.0634,1.2395,-0.6435,0.5396,-0.0844,-0.0234,-0.7371,1.1167,1.3906,0.6715,0.5472,0.0840
4.1413,-0.0782,-0.6504,-1.0657,1.2536,-0.6554,0.5377,-0.0855,-0.0353,-0.7490,1.1221,1.4032,0.6815,0.5469,0.0840
4.1710,-0.0568,-0.6784,-1.0746,1.2832,-0.6780,0.5365,-0.0844,-0.0575,-0.7685,1.1328,1.4274,0.7022,0.5488,0.0848
4.2010,-0.0387,-0.6987,-1.0807,1.3054,-0.6926,0.5361,-0.0844,-0.0752,-0.7839,1.1413,1.4442,0.7183,0.5492,0.0848
4.2211,-0.0276,-0.7110,-1.0849,1.3211,-0.7026,0.5377,-0.0848,-0.0867,-0.7927,1.1486,1.4554,0.7279,0.5492,0.0848
4.2510,-0.0165,-0.7252,-1.0899,1.3342,-0.7122,0.5357,-0.0848,-0.0982,-0.8019,1.1562,1.4665,0.7375,0.5484,0.0840
4.2810,0.0023,-0.7440,-1.0976,1.3568,-0.7286,0.5357,-0.0844,-0.1173,-0.8149,1.1666,1.4818,0.7528,0.5511,0.0840
4.3009,0.0150,-0.7574,-1.1041,1.3718,-0.7382,0.5373,-0.0851,-0.1296,-0.8237,1.1743,1.4926,0.7628,0.5503,0.0844
4.3309,0.0403,-0.7796,-1.1164,1.3994,-0.7570,0.5369,-0.0848,-0.1549,-0.8387,1.1923,1.5114,0.7800,0.5503,0.0840
4.3609,0.0587,-0.7969,-1.1259,1.4197,-0.7701,0.5365,-0.0844,-0.1745,-0.8498,1.2053,1.5252,0.7919,0.5518,0.0844
4.3910,0.0782,-0.8130,-1.1374,1.4396,-0.7839,0.5365,-0.0844,-0.1929,-0.8602,1.2191,1.5374,0.8023,0.5507,0.0844
4.4110,0.0917,-0.8222,-1.1443,1.4523,-0.7919,0.5380,-0.0844,-0.2056,-0.8663,1.2276,1.5451,0.8076,0.5511,0.0848
4.4410,0.1101,-0.8364,-1.1555,1.4722,-0.8027,0.5384,-0.0844,-0.2251,-0.8755,1.2433,1.5566,0.8157,0.5526,0.0844
4.4710,0.1250,-0.8456,-1.1639,1.4849,-0.8092,0.5388,-0.0848,-0.2374,-0.8817,1.2529,1.5631,0.8214,0.5534,0.0844
4.5009,0.1507,-0.8629,-1.1827,1.5094,-0.8191,0.5388,-0.0844,-0.2612,-0.8909,1.2709,1.5750,0.8299,0.5522,0.0844
4.5210,0.1576,-0.8678,-1.1873,1.5152,-0.8207,0.5384,-0.0848,-0.2669,-0.8932,1.2755,1.5773,0.8318,0.5526,0.0840
4.5510,0.1845,-0.8820,-1.2046,1.5374,-0.8291,0.5380,-0.0844,-0.2884,-0.9031,1.2931,1.5888,0.8387,0.5522,0.0848
4.5811,0.2033,-0.8928,-1.2176,1.5520,-0.8345,0.5377,-0.0844,-0.3037,-0.9097,1.3062,1.5953,0.8437,0.5522,0.0844
4.6009,0.2155,-0.8997,-1.2276,1.5616,-0.8379,0.5392,-0.0844,-0.3133,-0.9131,1.3142,1.5988,0.8460,0.5507,0.0848
4.6309,0.2351,-0.9093,-1.2410,1.5754,-0.8425,0.5388,-0.0840,-0.3275,-0.9185,1.3250,1.6042,0.8506,0.5530,0.0844
4.6610,0.2531,-0.9185,-1.2552,1.5888,-0.8475,0.5388,-0.0844,-0.3402,-0.9231,1.3346,1.6091,0.8521,0.5526,0.0848
4.6910,0.2719,-0.9269,-1.2690,1.5992,-0.8494,0.5392,-0.0848,-0.3501,-0.9258,1.3442,1.6122,0.8525,0.5534,0.0840
4.7112,0.2830,-0.9323,-1.2782,1.6080,-0.8506,0.5407,-0.0844,-0.3570,-0.9273,1.3491,1.6149,0.8525,0.5534,0.0844
4.7411,0.2995,-0.9399,-1.2920,1.6180,-0.8517,0.5415,-0.0848,-0.3651,-0.9311,1.3568,1.6168,0.8529,0.5534,0.0848
4.7710,0.3160,-0.9468,-1.3039,1.6272,-0.8510,0.5434,-0.0844,-0.3735,-0.9330,1.3633,1.6187,0.8529,0.5542,0.0844
4.8009,0.3298,-0.9526,-1.3154,1.6345,-0.8510,0.5423,-0.0848,-0.3785,-0.9338,1.3687,1.6203,0.8529,0.5538,0.0840
4.8211,0.3386,-0.9561,-1.3234,1.6398,-0.8521,0.5419,-0.0840,-0.3804,-0.9342,1.3718,1.6210,0.8529,0.5545,0.0844
4.8511,0.3513,-0.9607,-1.3342,1.6460,-0.8514,0.5415,-0.0840,-0.3846,-0.9353,1.3741,1.6222,0.8525,0.5576,0.0844
4.8810,0.3616,-0.9649,-1.3430,1.6513,-0.8517,0.5423,-0.0848,-0.3877,-0.9353,1.3764,1.6218,0.8521,0.5603,0.0840
4.9010,0.3697,-0.9672,-1.3484,1.6555,-0.8517,0.5430,-0.0848,-0.3885,-0.9346,1.3779,1.6230,0.8521,0.5637,0.0836
4.9309,0.3774,-0.9702,-1.3568,1.6594,-0.8514,0.5442,-0.0844,-0.3873,-0.9350,1.3767,1.6222,0.8517,0.5680,0.0844
4.9609,0.3846,-0.9722,-1.3626,1.6621,-0.8514,0.5472,-0.0848,-0.3892,-0.9346,1.3775,1.6226,0.8502,0.5733,0.0840
4.9910,0.3904,-0.9745,-1.3683,1.6659,-0.8514,0.5503,-0.0851,-0.3892,-0.9346,1.3767,1.6230,0.8483,0.5779,0.0840
5.0110,0.3942,-0.9748,-1.3706,1.6678,-0.8514,0.5542,-0.0840,-0.3896,-0.9350,1.3775,1.6230,0.8456,0.5821,0.0844
5.0409,0.3996,-0.9764,-1.3764,1.6709,-0.8502,0.5576,-0.0851,-0.3892,-0.9334,1.3760,1.6226,0.8429,0.5860,0.0836
5.0709,0.4023,-0.9752,-1.3787,1.6724,-0.8471,0.5603,-0.0848,-0.3904,-0.9342,1.3756,1.6222,0.8402,0.5887,0.0840
5.1009,0.4069,-0.9756,-1.3837,1.6751,-0.8464,0.5672,-0.0844,-0.3900,-0.9334,1.3748,1.6210,0.8353,0.5921,0.0844
5.1209,0.4084,-0.9760,-1.3848,1.6751,-0.8448,0.5687,-0.0851,-0.3912,-0.9342,1.3752,1.6226,0.8341,0.5948,0.0840
5.1510,0.4119,-0.9756,-1.3863,1.6759,-0.8406,0.5741,-0.0851,-0.3904,-0.9338,1.3741,1.6222,0.8322,0.5983,0.0844
5.1814,0.4126,-0.9756,-1.3871,1.6755,-0.8383,0.5752,-0.0844,-0.3927,-0.9342,1.3748,1.6226,0.8307,0.6002,0.0832
5.2009,0.4142,-0.9760,-1.3875,1.6763,-0.8360,0.5775,-0.0848,-0.3942,-0.9346,1.3733,1.6222,0.8291,0.6029,0.0844
5.2309,0.4146,-0.9752,-1.3886,1.6766,-0.8330,0.5821,-0.0848,-0.3958,-0.9330,1.3741,1.6226,0.8272,0.6086,0.0848
5.2611,0.4165,-0.9756,-1.3890,1.6763,-0.8318,0.5856,-0.0840,-0.3985,-0.9330,1.3737,1.6230,0.8245,0.6132,0.0844
5.2910,0.4184,-0.9748,-1.3883,1.6755,-0.8307,0.5917,-0.0844,-0.4011,-0.9334,1.3744,1.6218,0.8211,0.6197,0.0836
5.3111,0.4188,-0.9748,-1.3883,1.6755,-0.8295,0.5940,-0.0848,-0.4004,-0.9323,1.3741,1.6218,0.8188,0.6216,0.0844
5.3411,0.4199,-0.9745,-1.3886,1.6751,-0.8245,0.6021,-0.0848,-0.4046,-0.9338,1.3737,1.6222,0.8145,0.6324,0.0844
5.3710,0.4215,-0.9741,-1.3890,1.6755,-0.8199,0.6090,-0.0844,-0.4073,-0.9319,1.3729,1.6226,0.8099,0.6404,0.0840
5.4009,0.4234,-0.9737,-1.3898,1.6743,-0.8149,0.6163,-0.0848,-0.4103,-0.9323,1.3733,1.6222,0.8073,0.6516,0.0840
5.4210,0.4241,-0.9729,-1.3898,1.6740,-0.8138,0.6224,-0.0840,-0.4123,-0.9338,1.3725,1.6230,0.8050,0.6588,0.0844
5.4511,0.4257,-0.9718,-1.3890,1.6743,-0.8099,0.6324,-0.0844,-0.4157,-0.9327,1.3721,1.6226,0.8034,0.6715,0.0836
5.4810,0.4268,-0.9714,-1.3890,1.6732,-0.8076,0.6393,-0.0840,-0.4184,-0.9319,1.3718,1.6222,0.8007,0.6784,0.0840
5.5009,0.4276,-0.9699,-1.3890,1.6728,-0.8046,0.6496,-0.0844,-0.4215,-0.9327,1.3718,1.6226,0.7988,0.6907,0.0836
5.5309,0.4299,-0.9691,-1.3894,1.6709,-0.8019,0.6615,-0.0851,-0.4257,-0.9319,1.3718,1.6226,0.7961,0.7037,0.0844
5.5609,0.4326,-0.9679,-1.3890,1.6701,-0.7988,0.6738,-0.0851,-0.4295,-0.9327,1.3698,1.6230,0.7935,0.7160,0.0840
5.5910,0.4349,-0.9668,-1.3902,1.6694,-0.7946,0.6849,-0.0855,-0.4341,-0.9327,1.3698,1.6230,0.7896,0.7302,0.0840
5.6113,0.4364,-0.9672,-1.3894,1.6678,-0.7927,0.6949,-0.0840,-0.4368,-0.9330,1.3695,1.6233,0.7881,0.7344,0.0840
5.6411,0.4395,-0.9660,-1.3886,1.6659,-0.7885,0.7079,-0.0851,-0.4414,-0.9319,1.3687,1.6237,0.7816,0.7536,0.0836
5.6710,0.4429,-0.9645,-1.3894,1.6648,-0.7839,0.7206,-0.0848,-0.4475,-0.9327,1.3691,1.6245,0.7743,0.7666,0.0844
5.6910,0.4445,-0.9649,-1.3894,1.6632,-0.7793,0.7325,-0.0848,-0.4506,-0.9334,1.3687,1.6260,0.7689,0.7766,0.0840
5.7211,0.4479,-0.9645,-1.3894,1.6632,-0.7731,0.7436,-0.0840,-0.4552,-0.9330,1.3691,1.6276,0.7609,0.7908,0.0836
5.7511,0.4525,-0.9637,-1.3890,1.6621,-0.7670,0.7589,-0.0848,-0.4602,-0.9338,1.3691,1.6302,0.7513,0.8034,0.0844
5.7812,0.4548,-0.9641,-1.3890,1.6625,-0.7616,0.7701,-0.0844,-0.4648,-0.9323,1.3687,1.6314,0.7444,0.8134,0.0848
5.8011,0.4598,-0.9637,-1.3898,1.6621,-0.7520,0.7842,-0.0848,-0.4694,-0.9319,1.3675,1.6356,0.7329,0.8283,0.0844
5.8309,0.4636,-0.9637,-1.3894,1.6609,-0.7401,0.7996,-0.0844,-0.4752,-0.9319,1.3664,1.6394,0.7194,0.8422,0.0836
5.8609,0.4679,-0.9633,-1.3909,1.6609,-0.7286,0.8130,-0.0840,-0.4805,-0.9323,1.3660,1.6429,0.7052,0.8563,0.0836
5.8911,0.4717,-0.9630,-1.3906,1.6617,-0.7164,0.8295,-0.0851,-0.4844,-0.9307,1.3656,1.6460,0.6949,0.8671,0.0836
5.9110,0.4759,-0.9614,-1.3898,1.6617,-0.7068,0.8383,-0.0844,-0.4874,-0.9292,1.3649,1.6490,0.6792,0.8820,0.0840
5.9410,0.4798,-0.9614,-1.3906,1.6602,-0.6934,0.8533,-0.0851,-0.4920,-0.9258,1.3641,1.6536,0.6619,0.8974,0.0840
5.9710,0.4840,-0.9603,-1.3902,1.6605,-0.6773,0.8698,-0.0851,-0.4959,-0.9238,1.3626,1.6582,0.6470,0.9116,0.0828
5.9912,0.4847,-0.9587,-1.3902,1.6621,-0.6715,0.8744,-0.0848,-0.4966,-0.9223,1.3622,1.6605,0.6416,0.9166,0.0817
6.0210,0.4905,-0.9580,-1.3906,1.6613,-0.6504,0.8955,-0.0840,-0.5016,-0.9162,1.3610,1.6667,0.6201,0.9376,0.0805
6.0511,0.4943,-0.9564,-1.3909,1.6621,-0.6351,0.9112,-0.0844,-0.5051,-0.9116,1.3599,1.6717,0.6048,0.9511,0.0805
6.0812,0.4978,-0.9526,-1.3917,1.6625,-0.6201,0.9261,-0.0851,-0.5081,-0.9058,1.3606,1.6763,0.5890,0.9641,0.0805
6.1009,0.5001,-0.9499,-1.3913,1.6640,-0.6098,0.9361,-0.0848,-0.5097,-0.9012,1.3603,1.6801,0.5779,0.9702,0.0802
6.1310,0.5043,-0.9453,-1.3917,1.6663,-0.5948,0.9495,-0.0844,-0.5120,-0.8947,1.3595,1.6835,0.5626,0.9825,0.0802
6.1609,0.5074,-0.9396,-1.3932,1.6686,-0.5810,0.9614,-0.0836,-0.5143,-0.8866,1.3606,1.6885,0.5461,0.9929,0.0805
6.1910,0.5085,-0.9353,-1.3921,1.6701,-0.5699,0.9702,-0.0844,-0.5166,-0.8805,1.3599,1.6904,0.5354,0.9990,0.0802
6.2110,0.5112,-0.9284,-1.3921,1.6732,-0.5557,0.9810,-0.0848,-0.5170,-0.8713,1.3603,1.6935,0.5193,1.0086,0.0805
6.2410,0.5139,-0.9215,-1.3925,1.6759,-0.5403,0.9910,-0.0840,-0.5196,-0.8632,1.3606,1.6977,0.5043,1.0155,0.0802
6.2713,0.5162,-0.9143,-1.3917,1.6793,-0.5246,0.9998,-0.0848,-0.5219,-0.8540,1.3603,1.7016,0.4886,1.0216,0.0802
6.2909,0.5177,-0.9089,-1.3929,1.6816,-0.5147,1.0048,-0.0844,-0.5223,-0.8475,1.3595,1.7039,0.4775,1.0243,0.0805
6.3210,0.5200,-0.9008,-1.3925,1.6851,-0.5001,1.0113,-0.0848,-0.5235,-0.8383,1.3599,1.7081,0.4633,1.0282,0.0805
6.3510,0.5204,-0.8916,-1.3925,1.6881,-0.4855,1.0186,-0.0848,-0.5250,-0.8287,1.3603,1.7123,0.4472,1.0308,0.0798
6.3811,0.5223,-0.8824,-1.3921,1.6916,-0.4713,1.0235,-0.0848,-0.5265,-0.8188,1.3599,1.7169,0.4299,1.0331,0.0805
6.4009,0.5231,-0.8763,-1.3932,1.6939,-0.4617,1.0258,-0.0844,-0.5273,-0.8130,1.3595,1.7204,0.4176,1.0324,0.0805
6.4311,0.5242,-0.8671,-1.3932,1.6977,-0.4460,1.0270,-0.0844,-0.5285,-0.8034,1.3591,1.7246,0.3996,1.0324,0.0802
6.4609,0.5262,-0.8567,-1.3929,1.7016,-0.4287,1.0282,-0.0836,-0.5292,-0.7942,1.3595,1.7292,0.3804,1.0305,0.0782
6.4911,0.5265,-0.8475,-1.3932,1.7066,-0.4107,1.0289,-0.0844,-0.5300,-0.7858,1.3591,1.7345,0.3624,1.0301,0.0752
6.5112,0.5281,-0.8399,-1.3925,1.7096,-0.3977,1.0297,-0.0840,-0.5296,-0.7789,1.3591,1.7384,0.3497,1.0285,0.0736
6.5410,0.5285,-0.8291,-1.3932,1.7138,-0.3797,1.0316,-0.0832,-0.5311,-0.7704,1.3595,1.7434,0.3336,1.0274,0.0736
6.5709,0.5292,-0.8191,-1.3921,1.7192,-0.3620,1.0312,-0.0809,-0.5323,-0.7620,1.3591,1.7499,0.3179,1.0266,0.0736
6.5911,0.5296,-0.8122,-1.3925,1.7234,-0.3497,1.0308,-0.0802,-0.5334,-0.7574,1.3599,1.7537,0.3079,1.0247,0.0736
6.6210,0.5304,-0.8019,-1.3925,1.7292,-0.3348,1.0301,-0.0809,-0.5350,-0.7497,1.3595,1.7610,0.2934,1.0220,0.0736
6.6510,0.5300,-0.7908,-1.3929,1.7349,-0.3206,1.0297,-0.0794,-0.5365,-0.7428,1.3591,1.7675,0.2792,1.0205,0.0740
6.6812,0.5304,-0.7816,-1.3921,1.7403,-0.3072,1.0289,-0.0794,-0.5373,-0.7359,1.3591,1.7733,0.2715,1.0201,0.0736
6.7009,0.5323,-0.7743,-1.3929,1.7445,-0.2987,1.0289,-0.0798,-0.5388,-0.7325,1.3599,1.7775,0.2573,1.0178,0.0732
6.7309,0.5327,-0.7651,-1.3932,1.7510,-0.2849,1.0274,-0.0794,-0.5407,-0.7267,1.3591,1.7840,0.2439,1.0186,0.0721
6.7609,0.5334,-0.7593,-1.3921,1.7549,-0.2761,1.0266,-0.0802,-0.5419,-0.7240,1.3595,1.7871,0.2347,1.0163,0.0698
6.7911,0.5350,-0.7505,-1.3925,1.7610,-0.2631,1.0255,-0.0771,-0.5438,-0.7206,1.3595,1.7936,0.2220,1.0159,0.0663
6.8110,0.5357,-0.7428,-1.3921,1.7675,-0.2504,1.0232,-0.0744,-0.5457,-0.7171,1.3595,1.8001,0.2098,1.0151,0.0633
6.8410,0.5369,-0.7348,-1.3921,1.7748,-0.2382,1.0209,-0.0709,-0.5488,-0.7141,1.3595,1.8074,0.1971,1.0136,0.0621
6.8709,0.5377,-0.7283,-1.3913,1.7806,-0.2255,1.0197,-0.0690,-0.5530,-0.7122,1.3591,1.8135,0.1856,1.0113,0.0548
6.8910,0.5400,-0.7237,-1.3925,1.7852,-0.2178,1.0186,-0.0663,-0.5549,-0.7102,1.3591,1.8189,0.1783,1.0094,0.0506
6.9211,0.5415,-0.7187,-1.3925,1.7928,-0.2059,1.0136,-0.0610,-0.5584,-0.7083,1.3595,1.8254,0.1680,1.0055,0.0433
6.9511,0.5426,-0.7133,-1.3917,1.7986,-0.1944,1.0113,-0.0552,-0.5622,-0.7087,1.3591,1.8339,0.1588,1.0013,0.0407
6.9810,0.5453,-0.7102,-1.3925,1.8032,-0.1875,1.0090,-0.0522,-0.5653,-0.7075,1.3595,1.8389,0.1526,1.0005,0.0368
7.0009,0.5476,-0.7068,-1.3921,1.8112,-0.1787,1.0048,-0.0456,-0.5703,-0.7068,1.3591,1.8461,0.1438,0.9963,0.0345
7.0309,0.5499,-0.7041,-1.3913,1.8185,-0.1699,1.0021,-0.0418,-0.5741,-0.7052,1.3599,1.8550,0.1350,0.9921,0.0330
7.0610,0.5526,-0.7018,-1.3921,1.8266,-0.1622,0.9979,-0.0395,-0.5779,-0.7056,1.3595,1.8619,0.1266,0.9883,0.0303
7.0911,0.5545,-0.6995,-1.3929,1.8343,-0.1534,0.9952,-0.0368,-0.5814,-0.7056,1.3595,1.8688,0.1185,0.9837,0.0303
7.1111,0.5580,-0.6983,-1.3929,1.8385,-0.1488,0.9921,-0.0364,-0.5841,-0.7045,1.3595,1.8741,0.1139,0.9814,0.0291
7.1410,0.5603,-0.6976,-1.3921,1.8438,-0.1438,0.9887,-0.0357,-0.5879,-0.7045,1.3587,1.8791,0.1089,0.9768,0.0276
7.1709,0.5649,-0.6968,-1.3913,1.8546,-0.1350,0.9810,-0.0337,-0.5929,-0.7033,1.3595,1.8899,0.0974,0.9725,0.0265
7.1911,0.5649,-0.6960,-1.3921,1.8580,-0.1331,0.9798,-0.0330,-0.5929,-0.7029,1.3587,1.8914,0.0940,0.9710,0.0265
7.2210,0.5691,-0.6941,-1.3925,1.8653,-0.1269,0.9764,-0.0314,-0.5971,-0.7022,1.3595,1.9002,0.0851,0.9672,0.0268
7.2511,0.5741,-0.6934,-1.3925,1.8761,-0.1197,0.9706,-0.0314,-0.6002,-0.7003,1.3591,1.9098,0.0713,0.9626,0.0257
7.2810,0.5768,-0.6926,-1.3913,1.8841,-0.1147,0.9668,-0.0311,-0.6040,-0.6987,1.3595,1.9175,0.0621,0.9584,0.0268
7.3010,0.5802,-0.6914,-1.3921,1.8899,-0.1085,0.9649,-0.0307,-0.6067,-0.6976,1.3587,1.9221,0.0537,0.9561,0.0268
7.3309,0.5829,-0.6907,-1.3936,1.8975,-0.0951,0.9610,-0.0303,-0.6094,-0.6945,1.3587,1.9313,0.0430,0.9507,0.0261
7.3610,0.5860,-0.6895,-1.3929,1.9056,-0.0821,0.9572,-0.0288,-0.6117,-0.6930,1.3595,1.9382,0.0322,0.9453,0.0276
7.3909,0.5890,-0.6884,-1.3929,1.9129,-0.0694,0.9507,-0.0284,-0.6144,-0.6895,1.3587,1.9466,0.0192,0.9392,0.0265
7.4110,0.5898,-0.6880,-1.3929,1.9163,-0.0656,0.9499,-0.0284,-0.6151,-0.6888,1.3595,1.9489,0.0157,0.9369,0.0272
7.4410,0.5944,-0.6845,-1.3925,1.9267,-0.0487,0.9415,-0.0288,-0.6178,-0.6822,1.3591,1.9608,-0.0019,0.9288,0.0265
7.4711,0.5975,-0.6819,-1.3925,1.9351,-0.0380,0.9350,-0.0280,-0.6201,-0.6788,1.3591,1.9689,-0.0157,0.9215,0.0268
7.4910,0.6002,-0.6796,-1.3925,1.9409,-0.0303,0.9304,-0.0280,-0.6213,-0.6738,1.3580,1.9731,-0.0245,0.9162,0.0257
7.5209,0.6025,-0.6769,-1.3929,1.9493,-0.0184,0.9227,-0.0288,-0.6239,-0.6696,1.3580,1.9819,-0.0376,0.9073,0.0276
7.5511,0.6052,-0.6734,-1.3932,1.9577,-0.0046,0.9143,-0.0280,-0.6259,-0.6619,1.3583,1.9903,-0.0487,0.8989,0.0268
7.5812,0.6078,-0.6692,-1.3929,1.9666,0.0069,0.9058,-0.0284,-0.6278,-0.6550,1.3580,1.9988,-0.0598,0.8905,0.0261
7.6011,0.6105,-0.6669,-1.3932,1.9708,0.0153,0.9001,-0.0280,-0.6289,-0.6512,1.3587,2.0038,-0.0683,0.8843,0.0261
7.6309,0.6124,-0.6634,-1.3929,1.9769,0.0230,0.8943,-0.0280,-0.6308,-0.6473,1.3580,2.0099,-0.0759,0.8782,0.0265
7.6609,0.6151,-0.6569,-1.3940,1.9892,0.0383,0.8813,-0.0280,-0.6335,-0.6366,1.3583,2.0203,-0.0940,0.8678,0.0268
7.6909,0.6178,-0.6508,-1.3932,1.9965,0.0506,0.8725,-0.0288,-0.6362,-0.6282,1.3572,2.0279,-0.1081,0.8609,0.0265
7.7110,0.6182,-0.6485,-1.3932,1.9980,0.0552,0.8690,-0.0288,-0.6370,-0.6247,1.3580,2.0302,-0.1135,0.8579,0.0280
7.7411,0.6216,-0.6389,-1.3936,2.0095,0.0748,0.8583,-0.0288,-0.6408,-0.6140,1.3576,2.0402,-0.1354,0.8475,0.0268
7.7710,0.6239,-0.6335,-1.3932,2.0149,0.0840,0.8525,-0.0288,-0.6424,-0.6086,1.3576,2.0456,-0.1461,0.8414,0.0272
7.7909,0.6266,-0.6266,-1.3932,2.0229,0.0997,0.8437,-0.0280,-0.6450,-0.6009,1.3572,2.0536,-0.1630,0.8322,0.0268
7.8210,0.6282,-0.6190,-1.3940,2.0302,0.1158,0.8337,-0.0288,-0.6489,-0.5921,1.3564,2.0617,-0.1787,0.8226,0.0268
7.8510,0.6293,-0.6132,-1.3932,2.0348,0.1262,0.8272,-0.0284,-0.6500,-0.5864,1.3572,2.0667,-0.1898,0.8157,0.0272
7.8811,0.6332,-0.6017,-1.3929,2.0459,0.1492,0.8126,-0.0288,-0.6539,-0.5737,1.3568,2.0766,-0.2094,0.8030,0.0268
7.9009,0.6347,-0.5960,-1.3929,2.0517,0.1607,0.8050,-0.0280,-0.6550,-0.5699,1.3564,2.0805,-0.2190,0.7965,0.0265
7.9309,0.6374,-0.5867,-1.3936,2.0590,0.1764,0.7958,-0.0280,-0.6577,-0.5611,1.3576,2.0866,-0.2312,0.7908,0.0284
7.9610,0.6397,-0.5783,-1.3921,2.0651,0.1906,0.7839,-0.0288,-0.6600,-0.5515,1.3564,2.0923,-0.2447,0.7800,0.0276
7.9912,0.6424,-0.5729,-1.3921,2.0701,0.2002,0.7800,-0.0288,-0.6611,-0.5469,1.3564,2.0962,-0.2535,0.7727,0.0272
8.0110,0.6454,-0.5645,-1.3921,2.0778,0.2140,0.7701,-0.0280,-0.6627,-0.5380,1.3560,2.1012,-0.2661,0.7639,0.0272
8.0410,0.6481,-0.5591,-1.3921,2.0824,0.2224,0.7612,-0.0276,-0.6638,-0.5331,1.3560,2.1050,-0.2753,0.7609,0.0272
8.0711,0.6504,-0.5515,-1.3925,2.0885,0.2355,0.7524,-0.0284,-0.6642,-0.5242,1.3557,2.1081,-0.2880,0.7559,0.0295
8.0910,0.6535,-0.5449,-1.3925,2.0943,0.2481,0.7451,-0.0284,-0.6661,-0.5181,1.3557,2.1111,-0.3010,0.7536,0.0299
8.1211,0.6554,-0.5384,-1.3921,2.0981,0.2581,0.7409,-0.0284,-0.6657,-0.5127,1.3557,2.1134,-0.3076,0.7513,0.0318
8.1510,0.6588,-0.5292,-1.3925,2.1042,0.2711,0.7367,-0.0280,-0.6665,-0.5054,1.3545,2.1165,-0.3179,0.7497,0.0337
8.1812,0.6608,-0.5200,-1.3925,2.1077,0.2830,0.7329,-0.0288,-0.6680,-0.4974,1.3537,2.1184,-0.3267,0.7493,0.0360
8.2009,0.6638,-0.5108,-1.3921,2.1142,0.2953,0.7321,-0.0291,-0.6684,-0.4920,1.3534,2.1203,-0.3363,0.7490,0.0387
8.2309,0.6657,-0.5012,-1.3909,2.1173,0.3060,0.7302,-0.0291,-0.6673,-0.4847,1.3511,2.1226,-0.3463,0.7467,0.0387
8.2610,0.6684,-0.4928,-1.3894,2.1207,0.3168,0.7294,-0.0288,-0.6684,-0.4805,1.3491,2.1242,-0.3567,0.7455,0.0395
8.2910,0.6700,-0.4824,-1.3883,2.1242,0.3279,0.7283,-0.0330,-0.6680,-0.4752,1.3468,2.1269,-0.3666,0.7421,0.0395
8.3110,0.6711,-0.4786,-1.3875,2.1280,0.3348,0.7263,-0.0353,-0.6680,-0.4709,1.3449,2.1288,-0.3720,0.7398,0.0387
8.3410,0.6727,-0.4744,-1.3863,2.1303,0.3405,0.7260,-0.0353,-0.6684,-0.4686,1.3445,2.1299,-0.3812,0.7382,0.0387
8.3709,0.6746,-0.4652,-1.3829,2.1338,0.3567,0.7256,-0.0357,-0.6677,-0.4629,1.3407,2.1330,-0.3942,0.7329,0.0395
8.3911,0.6757,-0.4602,-1.3802,2.1372,0.3647,0.7217,-0.0353,-0.6680,-0.4594,1.3395,2.1353,-0.4019,0.7302,0.0391
8.4211,0.6769,-0.4552,-1.3767,2.1407,0.3785,0.7198,-0.0360,-0.6680,-0.4548,1.3376,2.1384,-0.4115,0.7260,0.0395
8.4511,0.6788,-0.4506,-1.3748,2.1426,0.3881,0.7183,-0.0357,-0.6669,-0.4533,1.3369,2.1395,-0.4192,0.7237,0.0387
8.4811,0.6807,-0.4456,-1.3706,2.1495,0.4054,0.7179,-0.0357,-0.6677,-0.4475,1.3346,2.1430,-0.4318,0.7206,0.0391
8.5010,0.6811,-0.4426,-1.3660,2.1526,0.4142,0.7198,-0.0360,-0.6669,-0.4441,1.3330,2.1449,-0.4383,0.7214,0.0391
8.5309,0.6826,-0.4403,-1.3603,2.1560,0.4295,0.7233,-0.0357,-0.6665,-0.4387,1.3296,2.1472,-0.4487,0.7206,0.0395
8.5610,0.6842,-0.4357,-1.3530,2.1610,0.4452,0.7283,-0.0364,-0.6650,-0.4349,1.3265,2.1499,-0.4610,0.7194,0.0391
8.5910,0.6857,-0.4330,-1.3468,2.1644,0.4652,0.7329,-0.0360,-0.6642,-0.4318,1.3211,2.1514,-0.4740,0.7164,0.0399
8.6111,0.6868,-0.4291,-1.3422,2.1690,0.4805,0.7363,-0.0360,-0.6638,-0.4291,1.3185,2.1533,-0.4828,0.7122,0.0391
8.6410,0.6884,-0.4264,-1.3330,2.1733,0.4924,0.7440,-0.0364,-0.6631,-0.4241,1.3112,2.1560,-0.4978,0.7052,0.0391
8.6709,0.6899,-0.4226,-1.3246,2.1779,0.4989,0.7493,-0.0360,-0.6619,-0.4203,1.3047,2.1587,-0.5112,0.6964,0.0395
8.6910,0.6899,-0.4222,-1.3227,2.1786,0.5020,0.7493,-0.0360,-0.6611,-0.4195,1.3016,2.1602,-0.5166,0.6934,0.0387
8.7210,0.6922,-0.4161,-1.3116,2.1863,0.5131,0.7340,-0.0360,-0.6569,-0.4142,1.2905,2.1652,-0.5354,0.6788,0.0395
8.7510,0.6922,-0.4111,-1.3050,2.1901,0.5204,0.7225,-0.0357,-0.6550,-0.4077,1.2828,2.1698,-0.5495,0.6669,0.0399
8.7812,0.6914,-0.4057,-1.2974,2.1947,0.5304,0.7129,-0.0357,-0.6531,-0.4046,1.2763,2.1721,-0.5599,0.6577,0.0395
8.8009,0.6918,-0.4034,-1.2947,2.1970,0.5499,0.6999,-0.0360,-0.6496,-0.3996,1.2667,2.1763,-0.5741,0.6447,0.0383
8.8309,0.6891,-0.3985,-1.2859,2.2005,0.5676,0.6849,-0.0368,-0.6470,-0.3923,1.2575,2.1809,-0.5890,0.6297,0.0391
8.8609,0.6884,-0.3954,-1.2809,2.2036,0.5787,0.6753,-0.0360,-0.6435,-0.3877,1.2494,2.1832,-0.6002,0.6201,0.0399
8.8910,0.6857,-0.3869,-1.2698,2.2070,0.6009,0.6550,-0.0364,-0.6366,-0.3793,1.2360,2.1886,-0.6232,0.5990,0.0395
8.9110,0.6842,-0.3843,-1.2648,2.2101,0.6105,0.6454,-0.0357,-0.6339,-0.3747,1.2287,2.1909,-0.6370,0.5910,0.0407
8.9411,0.6819,-0.3785,-1.2567,2.2132,0.6266,0.6293,-0.0368,-0.6282,-0.3678,1.2187,2.1940,-0.6550,0.5745,0.0391
8.9711,0.6811,-0.3747,-1.2502,2.2158,0.6374,0.6182,-0.0360,-0.6243,-0.3628,1.2107,2.1963,-0.6680,0.5657,0.0403
8.9911,0.6765,-0.3689,-1.2410,2.2181,0.6554,0.6044,-0.0368,-0.6186,-0.3559,1.1992,2.1978,-0.6872,0.5492,0.0387
9.0210,0.6738,-0.3624,-1.2310,2.2212,0.6757,0.5879,-0.0364,-0.6124,-0.3482,1.1869,2.1993,-0.7068,0.5331,0.0395
9.0513,0.6688,-0.3567,-1.2207,2.2239,0.6953,0.5722,-0.0357,-0.6055,-0.3417,1.1750,2.2016,-0.7237,0.5162,0.0399
9.0812,0.6638,-0.3486,-1.2107,2.2266,0.7160,0.5557,-0.0368,-0.6021,-0.3363,1.1674,2.2024,-0.7348,0.5066,0.0395
9.1009,0.6604,-0.3432,-1.2023,2.2273,0.7286,0.5446,-0.0364,-0.5963,-0.3294,1.1547,2.2024,-0.7513,0.4913,0.0399
9.1310,0.6554,-0.3367,-1.1911,2.2289,0.7467,0.5269,-0.0360,-0.5902,-0.3225,1.1432,2.2020,-0.7666,0.4763,0.0387
9.1609,0.6489,-0.3287,-1.1808,2.2300,0.7632,0.5085,-0.0364,-0.5841,-0.3152,1.1321,2.2005,-0.7816,0.4648,0.0395
9.1910,0.6450,-0.3248,-1.1727,2.2308,0.7743,0.4997,-0.0368,-0.5798,-0.3106,1.1248,2.2001,-0.7931,0.4560,0.0395
9.2111,0.6385,-0.3183,-1.1616,2.2312,0.7896,0.4859,-0.0368,-0.5733,-0.3045,1.1133,2.2020,-0.8092,0.4437,0.0403
9.2411,0.6347,-0.3133,-1.1532,2.2316,0.8000,0.4759,-0.0368,-0.5699,-0.3014,1.1060,2.2013,-0.8203,0.4349,0.0395
9.2710,0.6262,-0.3033,-1.1394,2.2335,0.8222,0.4583,-0.0376,-0.5614,-0.2934,1.0910,2.2016,-0.8445,0.4180,0.0399
9.2910,0.6209,-0.3010,-1.1321,2.2342,0.8330,0.4506,-0.0376,-0.5576,-0.2899,1.0841,2.2009,-0.8548,0.4107,0.0399
9.3211,0.6136,-0.2941,-1.1225,2.2331,0.8487,0.4376,-0.0368,-0.5526,-0.2834,1.0723,2.2020,-0.8721,0.3985,0.0399
9.3511,0.6090,-0.2899,-1.1141,2.2335,0.8590,0.4291,-0.0376,-0.5480,-0.2803,1.0646,2.2005,-0.8832,0.3912,0.0399
9.3814,0.6025,-0.2834,-1.1022,2.2335,0.8774,0.4157,-0.0372,-0.5426,-0.2746,1.0531,2.1990,-0.9043,0.3770,0.0399
9.4009,0.5948,-0.2777,-1.0914,2.2331,0.8970,0.4038,-0.0376,-0.5365,-0.2700,1.0416,2.1993,-0.9143,0.3705,0.0399
9.4309,0.5875,-0.2715,-1.0811,2.2312,0.9116,0.3927,-0.0372,-0.5304,-0.2646,1.0308,2.1970,-0.9281,0.3605,0.0430
9.4609,0.5798,-0.2654,-1.0692,2.2296,0.9281,0.3816,-0.0376,-0.5250,-0.2596,1.0178,2.1955,-0.9426,0.3505,0.0472
9.4910,0.5733,-0.2604,-1.0581,2.2277,0.9430,0.3712,-0.0399,-0.5193,-0.2554,1.0067,2.1940,-0.9564,0.3413,0.0522
9.5109,0.5691,-0.2566,-1.0508,2.2250,0.9507,0.3643,-0.0418,-0.5147,-0.2508,0.9979,2.1924,-0.9645,0.3363,0.0556
9.5410,0.5611,-0.2504,-1.0393,2.2216,0.9641,0.3547,-0.0479,-0.5093,-0.2462,0.9863,2.1909,-0.9771,0.3302,0.0633
9.5709,0.5542,-0.2454,-1.0289,2.2185,0.9768,0.3436,-0.0541,-0.5031,-0.2416,0.9741,2.1886,-0.9883,0.3248,0.0690
9.5910,0.5488,-0.2416,-1.0209,2.2181,0.9875,0.3386,-0.0587,-0.4974,-0.2382,0.9664,2.1867,-0.9975,0.3214,0.0732
9.6210,0.5442,-0.2401,-1.0151,2.2170,1.0013,0.3329,-0.0629,-0.4932,-0.2335,0.9591,2.1844,-1.0048,0.3206,0.0771
9.6510,0.5377,-0.2351,-1.0017,2.2151,1.0170,0.3283,-0.0702,-0.4859,-0.2282,0.9484,2.1809,-1.0159,0.3183,0.0825
9.6809,0.5269,-0.2301,-0.9863,2.2128,1.0251,0.3260,-0.0767,-0.4759,-0.2205,0.9342,2.1744,-1.0289,0.3179,0.0890
9.7009,0.5231,-0.2259,-0.9791,2.2112,1.0297,0.3256,-0.0809,-0.4709,-0.2178,0.9269,2.1710,-1.0354,0.3183,0.0920
9.7309,0.5154,-0.2209,-0.9676,2.2093,1.0358,0.3252,-0.0855,-0.4633,-0.2117,0.9173,2.1652,-1.0431,0.3175,0.0951
9.7609,0.5085,-0.2144,-0.9561,2.2059,1.0427,0.3241,-0.0901,-0.4556,-0.2059,0.9073,2.1598,-1.0512,0.3179,0.0978
9.7910,0.5001,-0.2090,-0.9449,2.2039,1.0554,0.3229,-0.0920,-0.4479,-0.1994,0.8981,2.1529,-1.0554,0.3172,0.0993
9.8114,0.4978,-0.2063,-0.9407,2.2024,1.0607,0.3225,-0.0936,-0.4449,-0.1979,0.8951,2.1506,-1.0569,0.3160,0.1001
9.8410,0.4878,-0.2002,-0.9265,2.1959,1.0769,0.3202,-0.0974,-0.4337,-0.1883,0.8836,2.1403,-1.0607,0.3172,0.1001
9.8712,0.4794,-0.1937,-0.9150,2.1898,1.0799,0.3202,-0.0986,-0.4257,-0.1814,0.8732,2.1303,-1.0623,0.3160,0.0997
9.8910,0.4740,-0.1902,-0.9093,2.1863,1.0803,0.3198,-0.0974,-0.4203,-0.1753,0.8682,2.1249,-1.0623,0.3141,0.0997
9.9213,0.4656,-0.1841,-0.8993,2.1798,1.0799,0.3191,-0.0982,-0.4115,-0.1676,0.8590,2.1154,-1.0627,0.3145,0.1001
9.9512,0.4598,-0.1795,-0.8924,2.1752,1.0811,0.3191,-0.0986,-0.4046,-0.1626,0.8529,2.1092,-1.0630,0.3133,0.1001
9.9811,0.4518,-0.1730,-0.8832,2.1683,1.0799,0.3172,-0.0982,-0.3969,-0.1557,0.8452,2.0977,-1.0630,0.3114,0.1001
10.0009,0.4426,-0.1657,-0.8736,2.1595,1.0807,0.3145,-0.0978,-0.3869,-0.1473,0.8383,2.0866,-1.0623,0.3114,0.0989
10.0309,0.4345,-0.1592,-0.8652,2.1514,1.0807,0.3137,-0.0986,-0.3781,-0.1392,0.8310,2.0747,-1.0619,0.3110,0.0993
10.0609,0.4257,-0.1515,-0.8556,2.1414,1.0807,0.3118,-0.0978,-0.3693,-0.1308,0.8241,2.0636,-1.0627,0.3083,0.0997
10.0910,0.4153,-0.1453,-0.8483,2.1307,1.0815,0.3118,-0.0982,-0.3609,-0.1231,0.8172,2.0525,-1.0630,0.3049,0.0997
10.1110,0.4084,-0.1388,-0.8433,2.1230,1.0811,0.3106,-0.0982,-0.3555,-0.1170,0.8130,2.0440,-1.0627,0.3033,0.0997
10.1410,0.4027,-0.1338,-0.8395,2.1173,1.0799,0.3068,-0.0982,-0.3494,-0.1124,0.8096,2.0375,-1.0623,0.2999,0.0993
10.1709,0.3904,-0.1239,-0.8299,2.1019,1.0811,0.3026,-0.0982,-0.3375,-0.1016,0.8023,2.0206,-1.0630,0.2941,0.0993
10.1910,0.3835,-0.1189,-0.8257,2.0947,1.0803,0.2995,-0.0978,-0.3321,-0.0963,0.7981,2.0126,-1.0627,0.2915,0.0993
10.2209,0.3743,-0.1101,-0.8172,2.0835,1.0803,0.2949,-0.0978,-0.3248,-0.0882,0.7938,2.0011,-1.0630,0.2869,0.1001
10.2510,0.3628,-0.1028,-0.8107,2.0709,1.0807,0.2895,-0.0982,-0.3164,-0.0802,0.7892,1.9900,-1.0627,0.2830,0.0997
10.2813,0.3528,-0.0943,-0.8061,2.0590,1.0807,0.2853,-0.0982,-0.3087,-0.0713,0.7850,1.9781,-1.0627,0.2796,0.1001
10.3009,0.3467,-0.0894,-0.8023,2.0509,1.0803,0.2803,-0.0982,-0.3041,-0.0660,0.7823,1.9712,-1.0630,0.2777,0.0997
10.3309,0.3382,-0.0809,-0.7969,2.0379,1.0807,0.2734,-0.0982,-0.2968,-0.0591,0.7789,1.9608,-1.0623,0.2757,0.0997
10.3609,0.3287,-0.0729,-0.7919,2.0268,1.0807,0.2658,-0.0978,-0.2907,-0.0518,0.7766,1.9520,-1.0627,0.2738,0.0997
10.3910,0.3195,-0.0644,-0.7869,2.0137,1.0807,0.2646,-0.0982,-0.2865,-0.0445,0.7735,1.9432,-1.0623,0.2719,0.0993
10.4121,0.3129,-0.0591,-0.7854,2.0061,1.0799,0.2631,-0.0978,-0.2826,-0.0407,0.7727,1.9374,-1.0623,0.2727,0.0997
10.4411,0.3083,-0.0541,-0.7827,1.9988,1.0799,0.2615,-0.0982,-0.2792,-0.0357,0.7716,1.9328,-1.0623,0.2723,0.0993
10.4710,0.2968,-0.0437,-0.7781,1.9831,1.0799,0.2635,-0.0974,-0.2734,-0.0272,0.7697,1.9251,-1.0623,0.2707,0.0997
10.4910,0.2915,-0.0391,-0.7758,1.9762,1.0799,0.2623,-0.0986,-0.2704,-0.0245,0.7678,1.9205,-1.0627,0.2711,0.0993
10.5211,0.2834,-0.0314,-0.7743,1.9666,1.0795,0.2627,-0.0982,-0.2677,-0.0199,0.7662,1.9163,-1.0623,0.2707,0.1005
10.5512,0.2761,-0.0249,-0.7731,1.9577,1.0799,0.2619,-0.0978,-0.2654,-0.0153,0.7647,1.9136,-1.0615,0.2700,0.0997
10.5815,0.2692,-0.0180,-0.7708,1.9485,1.0795,0.2627,-0.0978,-0.2631,-0.0119,0.7651,1.9117,-1.0623,0.2700,0.0993
10.6009,0.2650,-0.0146,-0.7693,1.9436,1.0784,0.2612,-0.0982,-0.2627,-0.0104,0.7647,1.9110,-1.0623,0.2696,0.0993
10.6309,0.2600,-0.0092,-0.7689,1.9355,1.0761,0.2600,-0.0978,-0.2623,-0.0081,0.7647,1.9113,-1.0619,0.2707,0.0997
10.6612,0.2543,-0.0042,-0.7670,1.9313,1.0761,0.2608,-0.0982,-0.2623,-0.0073,0.7647,1.9121,-1.0619,0.2704,0.0993
10.6910,0.2512,0.0000,-0.7655,1.9248,1.0757,0.2604,-0.0986,-0.2638,-0.0065,0.7647,1.9133,-1.0623,0.2700,0.0997
10.7110,0.2485,0.0031,-0.7647,1.9217,1.0757,0.2596,-0.0982,-0.2631,-0.0061,0.7639,1.9129,-1.0619,0.2704,0.0993
10.7413,0.2458,0.0054,-0.7628,1.9190,1.0753,0.2604,-0.0982,-0.2631,-0.0069,0.7643,1.9140,-1.0619,0.2700,0.0997
10.7710,0.2420,0.0100,-0.7624,1.9121,1.0761,0.2619,-0.0978,-0.2638,-0.0069,0.7647,1.9144,-1.0611,0.2696,0.1001
10.7910,0.2397,0.0115,-0.7616,1.9094,1.0757,0.2589,-0.0978,-0.2638,-0.0065,0.7647,1.9144,-1.0627,0.2700,0.0993
10.8210,0.2374,0.0134,-0.7601,1.9067,1.0761,0.2592,-0.0989,-0.2638,-0.0073,0.7639,1.9156,-1.0627,0.2688,0.1001
10.8510,0.2366,0.0150,-0.7609,1.9052,1.0757,0.2573,-0.0978,-0.2642,-0.0073,0.7658,1.9159,-1.0623,0.2673,0.0997
10.8812,0.2355,0.0165,-0.7605,1.9052,1.0757,0.2550,-0.0978,-0.2642,-0.0077,0.7658,1.9167,-1.0623,0.2638,0.0997
10.9010,0.2358,0.0173,-0.7612,1.9037,1.0757,0.2546,-0.0982,-0.2642,-0.0081,0.7635,1.9179,-1.0630,0.2608,0.0989
10.9309,0.2355,0.0188,-0.7605,1.9033,1.0757,0.2539,-0.0989,-0.2642,-0.0084,0.7635,1.9182,-1.0619,0.2604,0.0993
10.9609,0.2358,0.0196,-0.7597,1.9041,1.0753,0.2543,-0.0982,-0.2654,-0.0088,0.7639,1.9198,-1.0627,0.2589,0.0989
10.9911,0.2366,0.0192,-0.7605,1.9041,1.0753,0.2546,-0.0982,-0.2650,-0.0084,0.7643,1.9221,-1.0630,0.2566,0.0986
