time,left_s0,left_s1,left_e0,left_e1,left_w0,left_w1,left_w2,right_s0,right_s1,right_e0,right_e1,right_w0,right_w1,right_w2
0.0000,0.2851,-0.2067,-1.4283,1.7667,-0.1126,0.0667,0.0245,-0.2885,-0.2508,1.4022,1.7812,0.0992,0.0638,-0.0092
0.0300,0.2850,-0.2059,-1.4281,1.7670,-0.1114,0.0673,0.0258,-0.2878,-0.2581,1.3983,1.7825,0.1014,0.0644,-0.0064
0.0600,0.2850,-0.2130,-1.4269,1.7684,-0.1127,0.0677,0.0239,-0.2867,-0.2637,1.3949,1.7834,0.1021,0.0650,-0.0052
0.0901,0.2848,-0.2200,-1.4233,1.7686,-0.1144,0.0679,0.0216,-0.2877,-0.2594,1.3941,1.7837,0.1000,0.0650,-0.0076
0.1200,0.2840,-0.2275,-1.4206,1.7694,-0.1150,0.0683,0.0204,-0.2886,-0.2515,1.3927,1.7871,0.0961,0.0610,-0.0118
0.1500,0.2854,-0.2239,-1.4200,1.7709,-0.1131,0.0676,0.0225,-0.2850,-0.2799,1.3828,1.7867,0.1025,0.0673,-0.0034
0.1801,0.2842,-0.2423,-1.4146,1.7704,-0.1149,0.0684,0.0193,-0.2873,-0.2743,1.3826,1.7937,0.0997,0.0614,-0.0066
0.2101,0.2851,-0.2400,-1.4146,1.7737,-0.1139,0.0657,0.0206,-0.2845,-0.2864,1.3772,1.7886,0.1012,0.0793,-0.0042
0.2401,0.2823,-0.2549,-1.4082,1.7724,-0.1149,0.0741,0.0183,-0.2866,-0.2823,1.3773,1.7961,0.0992,0.0729,-0.0066
0.2701,0.2840,-0.2517,-1.4081,1.7766,-0.1133,0.0709,0.0202,-0.2853,-0.2912,1.3710,1.7913,0.1012,0.0936,-0.0035
0.3101,0.2823,-0.2658,-1.4021,1.7740,-0.1133,0.0903,0.0189,-0.2863,-0.2941,1.3682,1.7926,0.1001,0.1054,-0.0041
0.3402,0.2832,-0.2714,-1.4003,1.7738,-0.1125,0.0993,0.0192,-0.2876,-0.2950,1.3660,1.7940,0.0992,0.1164,-0.0047
0.3700,0.2819,-0.2746,-1.3978,1.7752,-0.1124,0.1094,0.0187,-0.2890,-0.2969,1.3643,1.7961,0.0986,0.1275,-0.0050
0.4000,0.2821,-0.2785,-1.3948,1.7756,-0.1116,0.1187,0.0187,-0.2895,-0.2979,1.3619,1.7966,0.0975,0.1385,-0.0056
0.4300,0.2826,-0.2813,-1.3925,1.7772,-0.1097,0.1298,0.0201,-0.2925,-0.2968,1.3634,1.8098,0.0970,0.1279,-0.0066
0.4600,0.2842,-0.2842,-1.3890,1.7789,-0.1092,0.1388,0.0198,-0.2930,-0.3006,1.3596,1.7984,0.0961,0.1598,-0.0066
0.4901,0.2833,-0.2853,-1.3878,1.7790,-0.1085,0.1503,0.0202,-0.2944,-0.3011,1.3581,1.7999,0.0956,0.1692,-0.0067
0.5201,0.2831,-0.2882,-1.3852,1.7802,-0.1078,0.1588,0.0201,-0.2974,-0.3040,1.3583,1.8012,0.0953,0.1788,-0.0065
0.5501,0.2838,-0.2903,-1.3828,1.7815,-0.1070,0.1694,0.0201,-0.2994,-0.3037,1.3572,1.8033,0.0951,0.1874,-0.0066
0.5901,0.2849,-0.2939,-1.3800,1.7829,-0.1062,0.1798,0.0199,-0.3037,-0.3058,1.3568,1.8064,0.0938,0.1983,-0.0076
0.6202,0.2859,-0.2958,-1.3785,1.7836,-0.1054,0.1898,0.0202,-0.3049,-0.3080,1.3558,1.8093,0.0938,0.2061,-0.0069
0.6501,0.2871,-0.2977,-1.3773,1.7847,-0.1053,0.1972,0.0196,-0.3085,-0.3103,1.3552,1.8116,0.0923,0.2113,-0.0080
0.6803,0.2882,-0.2992,-1.3748,1.7868,-0.1037,0.2037,0.0206,-0.3127,-0.3111,1.3547,1.8164,0.0929,0.2171,-0.0071
0.7101,0.2890,-0.3031,-1.3737,1.7896,-0.1031,0.2110,0.0201,-0.3169,-0.3129,1.3547,1.8203,0.0923,0.2221,-0.0075
0.7401,0.2923,-0.2999,-1.3740,1.7983,-0.1017,0.2048,0.0226,-0.3220,-0.3108,1.3559,1.8336,0.0912,0.2132,-0.0096
0.7702,0.2959,-0.2996,-1.3751,1.8056,-0.1015,0.2007,0.0233,-0.3255,-0.3170,1.3536,1.8311,0.0919,0.2306,-0.0070
0.8001,0.2953,-0.3087,-1.3699,1.7990,-0.1015,0.2272,0.0202,-0.3295,-0.3201,1.3530,1.8362,0.0916,0.2339,-0.0066
0.8301,0.3010,-0.3046,-1.3702,1.8085,-0.0996,0.2222,0.0236,-0.3364,-0.3174,1.3538,1.8473,0.0901,0.2286,-0.0094
0.8601,0.3050,-0.3046,-1.3718,1.8189,-0.0995,0.2155,0.0241,-0.3435,-0.3152,1.3551,1.8599,0.0888,0.2222,-0.0119
0.9000,0.3063,-0.3161,-1.3655,1.8134,-0.1003,0.2405,0.0193,-0.3454,-0.3266,1.3533,1.8573,0.0900,0.2440,-0.0074
0.9300,0.3124,-0.3137,-1.3665,1.8243,-0.0990,0.2347,0.0218,-0.3530,-0.3230,1.3539,1.8691,0.0880,0.2385,-0.0110
0.9600,0.3137,-0.3212,-1.3642,1.8240,-0.0993,0.2474,0.0191,-0.3592,-0.3230,1.3557,1.8794,0.0877,0.2340,-0.0119
0.9903,0.3193,-0.3240,-1.3620,1.8314,-0.0985,0.2507,0.0190,-0.3656,-0.3214,1.3568,1.8913,0.0867,0.2276,-0.0140
1.0201,0.3243,-0.3257,-1.3616,1.8377,-0.0986,0.2549,0.0184,-0.3659,-0.3375,1.3537,1.8830,0.0895,0.2569,-0.0061
1.0501,0.3286,-0.3283,-1.3608,1.8437,-0.0987,0.2583,0.0175,-0.3700,-0.3397,1.3528,1.8890,0.0887,0.2605,-0.0063
1.0803,0.3328,-0.3306,-1.3603,1.8506,-0.0984,0.2609,0.0171,-0.3744,-0.3413,1.3538,1.8949,0.0889,0.2635,-0.0061
1.1101,0.3385,-0.3323,-1.3584,1.8557,-0.0976,0.2657,0.0175,-0.3784,-0.3441,1.3537,1.8994,0.0888,0.2659,-0.0055
1.1401,0.3424,-0.3358,-1.3580,1.8639,-0.0972,0.2683,0.0168,-0.3829,-0.3466,1.3529,1.9035,0.0886,0.2687,-0.0050
1.1803,0.3521,-0.3319,-1.3586,1.8747,-0.0950,0.2657,0.0210,-0.3875,-0.3501,1.3536,1.9104,0.0878,0.2724,-0.0052
1.2101,0.3548,-0.3415,-1.3561,1.8783,-0.0965,0.2756,0.0160,-0.3929,-0.3480,1.3537,1.9150,0.0865,0.2725,-0.0075
1.2402,0.3610,-0.3438,-1.3553,1.8849,-0.0959,0.2789,0.0161,-0.3956,-0.3489,1.3554,1.9233,0.0869,0.2668,-0.0073
1.2702,0.3672,-0.3425,-1.3563,1.8930,-0.0950,0.2763,0.0181,-0.4006,-0.3468,1.3554,1.9285,0.0856,0.2657,-0.0096
1.3000,0.3742,-0.3395,-1.3568,1.9045,-0.0934,0.2706,0.0213,-0.3988,-0.3567,1.3535,1.9234,0.0871,0.2836,-0.0044
1.3300,0.3749,-0.3499,-1.3541,1.9006,-0.0950,0.2886,0.0156,-0.4019,-0.3574,1.3539,1.9257,0.0868,0.2847,-0.0048
1.3600,0.3821,-0.3470,-1.3547,1.9128,-0.0935,0.2823,0.0188,-0.4039,-0.3577,1.3540,1.9274,0.0867,0.2867,-0.0049
1.3903,0.3834,-0.3552,-1.3518,1.9113,-0.0942,0.2954,0.0147,-0.4062,-0.3574,1.3544,1.9305,0.0864,0.2855,-0.0055
1.4201,0.3874,-0.3558,-1.3507,1.9170,-0.0940,0.2983,0.0147,-0.4064,-0.3589,1.3545,1.9301,0.0858,0.2891,-0.0058
1.4501,0.3909,-0.3548,-1.3514,1.9248,-0.0935,0.2935,0.0159,-0.4079,-0.3579,1.3543,1.9320,0.0852,0.2885,-0.0068
1.4901,0.3928,-0.3568,-1.3499,1.9266,-0.0939,0.2997,0.0144,-0.4079,-0.3584,1.3539,1.9305,0.0866,0.2919,-0.0049
1.5201,0.3951,-0.3582,-1.3491,1.9280,-0.0933,0.3002,0.0147,-0.4078,-0.3595,1.3536,1.9301,0.0863,0.2908,-0.0048
1.5501,0.3969,-0.3585,-1.3493,1.9300,-0.0940,0.2994,0.0139,-0.4080,-0.3589,1.3542,1.9302,0.0863,0.2897,-0.0051
1.5803,0.3991,-0.3593,-1.3492,1.9333,-0.0938,0.3001,0.0139,-0.4072,-0.3593,1.3538,1.9301,0.0865,0.2904,-0.0047
1.6102,0.4017,-0.3593,-1.3497,1.9344,-0.0937,0.3014,0.0143,-0.4069,-0.3589,1.3532,1.9262,0.0862,0.2940,-0.0050
1.6401,0.4029,-0.3600,-1.3491,1.9380,-0.0937,0.3021,0.0140,-0.4074,-0.3597,1.3540,1.9293,0.0863,0.2887,-0.0049
1.6701,0.4041,-0.3580,-1.3480,1.9367,-0.0926,0.3041,0.0156,-0.4071,-0.3591,1.3535,1.9278,0.0861,0.2897,-0.0052
1.7000,0.4065,-0.3604,-1.3474,1.9409,-0.0933,0.3028,0.0140,-0.4066,-0.3601,1.3535,1.9287,0.0860,0.2860,-0.0050
1.7300,0.4071,-0.3602,-1.3476,1.9413,-0.0937,0.3011,0.0138,-0.4065,-0.3605,1.3535,1.9296,0.0867,0.2853,-0.0042
1.7700,0.4090,-0.3593,-1.3474,1.9426,-0.0931,0.3014,0.0147,-0.4052,-0.3609,1.3532,1.9251,0.0869,0.2887,-0.0036
1.8000,0.4102,-0.3587,-1.3471,1.9419,-0.0927,0.3030,0.0154,-0.4038,-0.3607,1.3530,1.9269,0.0864,0.2815,-0.0042
1.8300,0.4111,-0.3567,-1.3459,1.9405,-0.0917,0.3049,0.0170,-0.4039,-0.3602,1.3536,1.9259,0.0869,0.2809,-0.0040
1.8601,0.4115,-0.3603,-1.3458,1.9418,-0.0937,0.3016,0.0136,-0.4011,-0.3606,1.3530,1.9214,0.0872,0.2830,-0.0033
1.8901,0.4111,-0.3596,-1.3455,1.9427,-0.0934,0.3001,0.0140,-0.3987,-0.3596,1.3517,1.9169,0.0869,0.2850,-0.0035
1.9200,0.4107,-0.3602,-1.3454,1.9420,-0.0933,0.3016,0.0139,-0.3969,-0.3605,1.3544,1.9173,0.0869,0.2794,-0.0038
1.9502,0.4107,-0.3601,-1.3448,1.9413,-0.0931,0.3010,0.0141,-0.3939,-0.3600,1.3539,1.9125,0.0866,0.2788,-0.0041
2.0771,0.4044,-0.3629,-1.3444,1.9289,-0.0946,0.3082,0.0110,-0.3765,-0.3594,1.3532,1.8879,0.0866,0.2757,-0.0035
2.1068,0.4032,-0.3599,-1.3458,1.9277,-0.0934,0.3066,0.0137,-0.3696,-0.3601,1.3538,1.8808,0.0864,0.2757,-0.0035
2.1367,0.3993,-0.3606,-1.3450,1.9198,-0.0938,0.3111,0.0125,-0.3622,-0.3593,1.3511,1.8682,0.0864,0.2813,-0.0028
2.1768,0.3940,-0.3619,-1.3441,1.9115,-0.0946,0.3149,0.0107,-0.3551,-0.3585,1.3510,1.8605,0.0862,0.2755,-0.0030
2.2069,0.3876,-0.3655,-1.3446,1.9043,-0.0966,0.3169,0.0070,-0.3472,-0.3592,1.3488,1.8461,0.0869,0.2829,-0.0012
2.2367,0.3867,-0.3604,-1.3471,1.9055,-0.0927,0.3042,0.0140,-0.3404,-0.3584,1.3483,1.8415,0.0849,0.2750,-0.0035
2.2667,0.3809,-0.3604,-1.3467,1.8985,-0.0923,0.3042,0.0142,-0.3311,-0.3587,1.3458,1.8293,0.0855,0.2788,-0.0017
2.2967,0.3741,-0.3592,-1.3468,1.8900,-0.0924,0.3037,0.0141,-0.3236,-0.3577,1.3436,1.8220,0.0855,0.2754,-0.0013
2.3268,0.3658,-0.3628,-1.3464,1.8787,-0.0944,0.3081,0.0102,-0.3143,-0.3585,1.3416,1.8130,0.0864,0.2761,0.0009
2.3568,0.3574,-0.3587,-1.3479,1.8716,-0.0919,0.3026,0.0145,-0.3075,-0.3573,1.3390,1.8034,0.0857,0.2764,0.0006
2.3869,0.3480,-0.3596,-1.3460,1.8606,-0.0928,0.3052,0.0122,-0.2986,-0.3562,1.3372,1.7933,0.0853,0.2765,0.0006
2.4169,0.3365,-0.3627,-1.3444,1.8453,-0.0947,0.3106,0.0080,-0.2910,-0.3566,1.3346,1.7836,0.0845,0.2756,0.0007
2.4568,0.3251,-0.3586,-1.3440,1.8385,-0.0924,0.2952,0.0117,-0.2809,-0.3545,1.3311,1.7721,0.0843,0.2775,0.0011
2.4869,0.3151,-0.3570,-1.3417,1.8272,-0.0920,0.2943,0.0117,-0.2729,-0.3557,1.3289,1.7638,0.0830,0.2755,0.0008
2.5169,0.3044,-0.3593,-1.3411,1.8170,-0.0920,0.2944,0.0103,-0.2654,-0.3552,1.3263,1.7501,0.0832,0.2823,0.0019
2.5471,0.2951,-0.3573,-1.3374,1.8025,-0.0916,0.3001,0.0100,-0.2591,-0.3559,1.3255,1.7465,0.0827,0.2752,0.0020
2.5768,0.2873,-0.3567,-1.3355,1.7957,-0.0909,0.2946,0.0103,-0.2506,-0.3566,1.3231,1.7327,0.0834,0.2815,0.0040
2.6068,0.2784,-0.3569,-1.3342,1.7860,-0.0901,0.2944,0.0105,-0.2455,-0.3555,1.3226,1.7285,0.0825,0.2758,0.0029
2.6369,0.2702,-0.3570,-1.3321,1.7760,-0.0897,0.2958,0.0101,-0.2390,-0.3581,1.3215,1.7196,0.0838,0.2794,0.0058
2.6669,0.2606,-0.3581,-1.3297,1.7621,-0.0906,0.3011,0.0075,-0.2348,-0.3543,1.3214,1.7129,0.0848,0.2758,0.0060
2.6968,0.2529,-0.3572,-1.3271,1.7514,-0.0906,0.3046,0.0066,-0.2275,-0.3576,1.3201,1.7026,0.0864,0.2802,0.0097
2.7268,0.2468,-0.3551,-1.3271,1.7463,-0.0914,0.2971,0.0061,-0.2233,-0.3529,1.3226,1.6971,0.0881,0.2747,0.0098
2.7667,0.2371,-0.3527,-1.3259,1.7351,-0.0936,0.2969,0.0034,-0.2141,-0.3567,1.3206,1.6815,0.0898,0.2829,0.0140
2.7967,0.2300,-0.3516,-1.3251,1.7267,-0.0958,0.2965,0.0005,-0.2108,-0.3513,1.3229,1.6786,0.0922,0.2742,0.0147
2.8268,0.2227,-0.3537,-1.3233,1.7131,-0.0968,0.3040,-0.0024,-0.2043,-0.3544,1.3212,1.6650,0.0935,0.2826,0.0180
2.8568,0.2165,-0.3511,-1.3244,1.7089,-0.0986,0.2965,-0.0036,-0.2010,-0.3501,1.3236,1.6621,0.0949,0.2739,0.0178
2.8868,0.2109,-0.3488,-1.3239,1.6995,-0.0999,0.2969,-0.0049,-0.1962,-0.3496,1.3242,1.6538,0.0963,0.2719,0.0194
2.9168,0.2029,-0.3497,-1.3219,1.6896,-0.1006,0.2996,-0.0070,-0.1903,-0.3489,1.3238,1.6449,0.0969,0.2714,0.0202
2.9470,0.1976,-0.3471,-1.3236,1.6815,-0.1020,0.2959,-0.0076,-0.1853,-0.3497,1.3238,1.6365,0.0976,0.2694,0.0214
2.9768,0.1914,-0.3471,-1.3241,1.6740,-0.1028,0.2963,-0.0087,-0.1789,-0.3491,1.3240,1.6294,0.0980,0.2670,0.0219
3.0070,0.1828,-0.3500,-1.3221,1.6604,-0.1041,0.3027,-0.0124,-0.1718,-0.3512,1.3216,1.6147,0.0989,0.2757,0.0247
3.0472,0.1728,-0.3529,-1.3194,1.6432,-0.1055,0.3114,-0.0165,-0.1678,-0.3488,1.3228,1.6105,0.0982,0.2624,0.0227
3.0769,0.1703,-0.3456,-1.3230,1.6437,-0.1037,0.2934,-0.0104,-0.1589,-0.3533,1.3206,1.5977,0.1002,0.2682,0.0275
3.1068,0.1615,-0.3490,-1.3212,1.6328,-0.1053,0.2970,-0.0145,-0.1558,-0.3487,1.3222,1.5939,0.0998,0.2594,0.0252
3.1367,0.1535,-0.3522,-1.3189,1.6171,-0.1066,0.3060,-0.0183,-0.1492,-0.3524,1.3203,1.5812,0.1013,0.2670,0.0290
3.1667,0.1509,-0.3446,-1.3238,1.6178,-0.1063,0.2906,-0.0137,-0.1469,-0.3475,1.3224,1.5790,0.1026,0.2582,0.0285
3.1968,0.1461,-0.3433,-1.3239,1.6101,-0.1076,0.2897,-0.0151,-0.1425,-0.3476,1.3239,1.5703,0.1036,0.2585,0.0294
3.2268,0.1405,-0.3425,-1.3245,1.6001,-0.1087,0.2908,-0.0163,-0.1360,-0.3517,1.3221,1.5592,0.1051,0.2647,0.0334
3.2568,0.1332,-0.3467,-1.3229,1.5894,-0.1103,0.2956,-0.0206,-0.1329,-0.3465,1.3253,1.5537,0.1059,0.2595,0.0319
3.2868,0.1279,-0.3414,-1.3241,1.5841,-0.1112,0.2909,-0.0197,-0.1287,-0.3459,1.3264,1.5472,0.1065,0.2599,0.0323
3.3168,0.1213,-0.3454,-1.3226,1.5744,-0.1127,0.2954,-0.0238,-0.1250,-0.3451,1.3254,1.5406,0.1074,0.2604,0.0336
3.3568,0.1155,-0.3400,-1.3263,1.5654,-0.1125,0.2915,-0.0207,-0.1191,-0.3474,1.3233,1.5294,0.1083,0.2667,0.0364
3.3870,0.1106,-0.3391,-1.3268,1.5586,-0.1136,0.2920,-0.0220,-0.1172,-0.3437,1.3258,1.5272,0.1082,0.2637,0.0344
3.4168,0.1057,-0.3402,-1.3269,1.5505,-0.1136,0.2923,-0.0225,-0.1139,-0.3430,1.3249,1.5228,0.1092,0.2661,0.0360
3.4471,0.1011,-0.3386,-1.3262,1.5445,-0.1142,0.2922,-0.0232,-0.1124,-0.3415,1.3238,1.5161,0.1088,0.2711,0.0354
3.4768,0.0961,-0.3412,-1.3247,1.5357,-0.1152,0.2969,-0.0260,-0.1104,-0.3388,1.3230,1.5147,0.1080,0.2701,0.0339
3.5069,0.0903,-0.3451,-1.3234,1.5284,-0.1166,0.2998,-0.0299,-0.1084,-0.3429,1.3210,1.5162,0.1083,0.2678,0.0362
3.5367,0.0885,-0.3383,-1.3271,1.5272,-0.1155,0.2929,-0.0249,-0.1076,-0.3428,1.3195,1.5151,0.1078,0.2670,0.0361
3.5667,0.0862,-0.3381,-1.3270,1.5223,-0.1146,0.2931,-0.0238,-0.1069,-0.3430,1.3186,1.5150,0.1079,0.2670,0.0366
3.5967,0.0827,-0.3376,-1.3265,1.5181,-0.1149,0.2926,-0.0243,-0.1072,-0.3442,1.3188,1.5164,0.1078,0.2661,0.0367
3.6367,0.0807,-0.3379,-1.3280,1.5137,-0.1149,0.2934,-0.0240,-0.1072,-0.3433,1.3191,1.5156,0.1083,0.2676,0.0370
3.6667,0.0785,-0.3368,-1.3261,1.5105,-0.1145,0.2949,-0.0239,-0.1077,-0.3442,1.3193,1.5158,0.1085,0.2681,0.0374
3.6967,0.0767,-0.3371,-1.3258,1.5089,-0.1144,0.2945,-0.0241,-0.1076,-0.3436,1.3189,1.5126,0.1083,0.2710,0.0371
3.7268,0.0759,-0.3377,-1.3257,1.5059,-0.1146,0.2959,-0.0246,-0.1071,-0.3449,1.3192,1.5162,0.1089,0.2647,0.0382
3.7568,0.0748,-0.3369,-1.3251,1.5032,-0.1144,0.2975,-0.0243,-0.1071,-0.3459,1.3197,1.5161,0.1096,0.2637,0.0392
3.7868,0.0742,-0.3363,-1.3249,1.5030,-0.1142,0.2970,-0.0240,-0.1068,-0.3465,1.3192,1.5115,0.1098,0.2682,0.0397
3.8169,0.0744,-0.3383,-1.3249,1.5034,-0.1157,0.2951,-0.0265,-0.1069,-0.3469,1.3188,1.5151,0.1111,0.2600,0.0416
3.8468,0.0736,-0.3372,-1.3245,1.5033,-0.1169,0.2935,-0.0280,-0.1062,-0.3485,1.3205,1.5146,0.1131,0.2574,0.0440
3.8768,0.0736,-0.3367,-1.3249,1.5023,-0.1178,0.2932,-0.0288,-0.1056,-0.3511,1.3201,1.5099,0.1139,0.2623,0.0459
3.9068,0.0746,-0.3363,-1.3253,1.5028,-0.1195,0.2906,-0.0306,-0.1064,-0.3531,1.3221,1.5154,0.1165,0.2512,0.0490
3.9471,0.0756,-0.3371,-1.3259,1.5021,-0.1222,0.2882,-0.0340,-0.1055,-0.3585,1.3214,1.5078,0.1182,0.2592,0.0528
3.9768,0.0737,-0.3367,-1.3260,1.5026,-0.1244,0.2851,-0.0367,-0.1073,-0.3591,1.3238,1.5130,0.1231,0.2471,0.0583
4.0069,0.0740,-0.3381,-1.3259,1.5005,-0.1248,0.2877,-0.0377,-0.1051,-0.3659,1.3233,1.5085,0.1254,0.2511,0.0632
4.0367,0.0741,-0.3373,-1.3275,1.5026,-0.1313,0.2793,-0.0452,-0.1075,-0.3652,1.3278,1.5098,0.1311,0.2437,0.0686
4.0669,0.0734,-0.3390,-1.3270,1.4986,-0.1318,0.2830,-0.0466,-0.1077,-0.3687,1.3300,1.5091,0.1361,0.2431,0.0752
4.0969,0.0737,-0.3376,-1.3294,1.5015,-0.1406,0.2753,-0.0566,-0.1065,-0.3766,1.3299,1.5058,0.1386,0.2472,0.0806
4.1269,0.0750,-0.3363,-1.3303,1.5008,-0.1455,0.2737,-0.0622,-0.1085,-0.3752,1.3356,1.5068,0.1462,0.2442,0.0880
4.1568,0.0744,-0.3395,-1.3315,1.5005,-0.1506,0.2705,-0.0691,-0.1092,-0.3789,1.3388,1.5057,0.1514,0.2453,0.0946
4.1868,0.0754,-0.3392,-1.3343,1.4992,-0.1567,0.2678,-0.0759,-0.1087,-0.3891,1.3389,1.5024,0.1547,0.2503,0.1015
4.2267,0.0762,-0.3423,-1.3359,1.4974,-0.1641,0.2642,-0.0857,-0.1106,-0.3890,1.3459,1.5035,0.1636,0.2440,0.1105
4.2568,0.0759,-0.3448,-1.3376,1.4949,-0.1694,0.2621,-0.0925,-0.1113,-0.3938,1.3478,1.5011,0.1685,0.2424,0.1172
4.2868,0.0770,-0.3479,-1.3395,1.4928,-0.1759,0.2580,-0.1009,-0.1117,-0.3993,1.3495,1.5001,0.1730,0.2415,0.1237
4.3168,0.0741,-0.3587,-1.3382,1.4837,-0.1793,0.2667,-0.1090,-0.1106,-0.4093,1.3489,1.4947,0.1761,0.2479,0.1307
4.3471,0.0777,-0.3593,-1.3429,1.4886,-0.1848,0.2480,-0.1139,-0.1129,-0.4094,1.3557,1.4970,0.1811,0.2410,0.1347
4.3768,0.0778,-0.3653,-1.3439,1.4849,-0.1894,0.2413,-0.1208,-0.1113,-0.4179,1.3543,1.4886,0.1837,0.2497,0.1410
4.4069,0.0764,-0.3770,-1.3412,1.4689,-0.1929,0.2586,-0.1295,-0.1135,-0.4184,1.3604,1.4938,0.1896,0.2384,0.1463
4.4367,0.0796,-0.3792,-1.3478,1.4774,-0.1978,0.2322,-0.1332,-0.1143,-0.4228,1.3637,1.4933,0.1951,0.2370,0.1533
4.4667,0.0816,-0.3875,-1.3491,1.4729,-0.2019,0.2280,-0.1399,-0.1150,-0.4268,1.3676,1.4915,0.1990,0.2370,0.1581
4.4968,0.0817,-0.3953,-1.3453,1.4528,-0.2039,0.2500,-0.1459,-0.1167,-0.4316,1.3715,1.4908,0.2042,0.2348,0.1646
4.5369,0.0866,-0.4058,-1.3513,1.4659,-0.2137,0.2114,-0.1578,-0.1187,-0.4368,1.3767,1.4900,0.2092,0.2346,0.1707
4.5667,0.0892,-0.4115,-1.3535,1.4612,-0.2178,0.2107,-0.1634,-0.1205,-0.4420,1.3800,1.4896,0.2123,0.2320,0.1749
4.5967,0.0943,-0.4180,-1.3562,1.4580,-0.2218,0.2096,-0.1688,-0.1223,-0.4466,1.3837,1.4901,0.2161,0.2320,0.1798
4.6268,0.0958,-0.4263,-1.3541,1.4476,-0.2242,0.2232,-0.1745,-0.1248,-0.4512,1.3885,1.4905,0.2199,0.2310,0.1842
4.6568,0.1003,-0.4289,-1.3608,1.4533,-0.2279,0.2094,-0.1773,-0.1271,-0.4557,1.3915,1.4905,0.2227,0.2304,0.1880
4.6868,0.1028,-0.4372,-1.3589,1.4436,-0.2303,0.2231,-0.1829,-0.1294,-0.4599,1.3964,1.4919,0.2265,0.2291,0.1923
4.7168,0.1067,-0.4403,-1.3648,1.4508,-0.2340,0.2079,-0.1860,-0.1310,-0.4720,1.3964,1.4885,0.2303,0.2358,0.2004
4.7470,0.1108,-0.4458,-1.3669,1.4501,-0.2368,0.2055,-0.1899,-0.1370,-0.4659,1.4075,1.4926,0.2334,0.2313,0.1992
4.7768,0.1147,-0.4502,-1.3696,1.4495,-0.2402,0.2066,-0.1943,-0.1405,-0.4683,1.4142,1.4921,0.2380,0.2332,0.2037
4.8171,0.1166,-0.4664,-1.3685,1.4453,-0.2454,0.2155,-0.2050,-0.1463,-0.4699,1.4232,1.4921,0.2438,0.2360,0.2088
4.8472,0.1239,-0.4556,-1.3824,1.4502,-0.2495,0.2129,-0.2033,-0.1527,-0.4718,1.4305,1.4924,0.2484,0.2377,0.2129
4.8769,0.1248,-0.4714,-1.3820,1.4490,-0.2546,0.2174,-0.2138,-0.1578,-0.4717,1.4383,1.4924,0.2524,0.2406,0.2158
4.9068,0.1312,-0.4600,-1.3957,1.4502,-0.2578,0.2194,-0.2111,-0.1639,-0.4722,1.4461,1.4936,0.2561,0.2431,0.2183
4.9368,0.1346,-0.4616,-1.4022,1.4514,-0.2613,0.2218,-0.2141,-0.1700,-0.4749,1.4542,1.4945,0.2581,0.2464,0.2194
4.9667,0.1388,-0.4632,-1.4104,1.4517,-0.2640,0.2245,-0.2156,-0.1777,-0.4778,1.4621,1.4952,0.2602,0.2486,0.2205
4.9970,0.1432,-0.4651,-1.4165,1.4516,-0.2663,0.2281,-0.2174,-0.1829,-0.4795,1.4691,1.4966,0.2623,0.2516,0.2217
5.0270,0.1471,-0.4676,-1.4246,1.4520,-0.2678,0.2317,-0.2177,-0.1893,-0.4929,1.4709,1.4943,0.2664,0.2606,0.2306
5.0570,0.1523,-0.4702,-1.4327,1.4541,-0.2699,0.2348,-0.2187,-0.1977,-0.4811,1.4846,1.5006,0.2668,0.2565,0.2231
5.0868,0.1568,-0.4724,-1.4412,1.4567,-0.2716,0.2379,-0.2192,-0.2044,-0.4962,1.4874,1.5006,0.2716,0.2632,0.2331
5.1270,0.1634,-0.4937,-1.4434,1.4586,-0.2784,0.2439,-0.2332,-0.2160,-0.4807,1.5041,1.5067,0.2732,0.2638,0.2253
5.1570,0.1711,-0.4761,-1.4612,1.4623,-0.2776,0.2450,-0.2218,-0.2246,-0.4944,1.5080,1.5094,0.2776,0.2692,0.2343
5.1868,0.1771,-0.4766,-1.4710,1.4652,-0.2792,0.2514,-0.2214,-0.2343,-0.5042,1.5124,1.5138,0.2810,0.2736,0.2405
5.2168,0.1838,-0.4780,-1.4798,1.4694,-0.2818,0.2554,-0.2226,-0.2431,-0.4784,1.5314,1.5180,0.2806,0.2795,0.2264
5.2471,0.1900,-0.4932,-1.4833,1.4744,-0.2868,0.2567,-0.2325,-0.2525,-0.4783,1.5404,1.5245,0.2820,0.2838,0.2257
5.2768,0.1983,-0.4791,-1.4989,1.4769,-0.2852,0.2660,-0.2221,-0.2615,-0.4773,1.5497,1.5299,0.2841,0.2892,0.2257
5.3068,0.2067,-0.4930,-1.5044,1.4871,-0.2900,0.2635,-0.2307,-0.2730,-0.4843,1.5563,1.5413,0.2870,0.2878,0.2298
5.3367,0.2146,-0.4797,-1.5172,1.4877,-0.2870,0.2767,-0.2196,-0.2816,-0.4759,1.5649,1.5428,0.2855,0.2991,0.2232
5.3667,0.2229,-0.4785,-1.5268,1.4943,-0.2877,0.2838,-0.2176,-0.2914,-0.4755,1.5721,1.5506,0.2858,0.3048,0.2217
5.4069,0.2353,-0.4791,-1.5366,1.5028,-0.2887,0.2907,-0.2164,-0.3036,-0.4746,1.5797,1.5612,0.2868,0.3100,0.2208
5.4367,0.2468,-0.4881,-1.5433,1.5146,-0.2921,0.2890,-0.2217,-0.3143,-0.4734,1.5852,1.5699,0.2876,0.3148,0.2202
5.4667,0.2553,-0.4789,-1.5522,1.5171,-0.2901,0.3018,-0.2141,-0.3231,-0.4734,1.5914,1.5774,0.2884,0.3200,0.2199
5.4967,0.2661,-0.4835,-1.5582,1.5287,-0.2922,0.2996,-0.2165,-0.3339,-0.4728,1.5954,1.5857,0.2886,0.3251,0.2192
5.5268,0.2755,-0.4804,-1.5655,1.5339,-0.2904,0.3109,-0.2115,-0.3434,-0.4701,1.6005,1.5931,0.2887,0.3313,0.2175
5.5568,0.2857,-0.4794,-1.5720,1.5409,-0.2917,0.3167,-0.2114,-0.3539,-0.4699,1.6076,1.6117,0.2901,0.3218,0.2163
5.5869,0.2966,-0.4791,-1.5766,1.5501,-0.2914,0.3231,-0.2099,-0.3614,-0.4681,1.6082,1.6087,0.2884,0.3460,0.2155
5.6168,0.3067,-0.4761,-1.5841,1.5584,-0.2931,0.3304,-0.2094,-0.3691,-0.4660,1.6136,1.6173,0.2887,0.3532,0.2141
5.6468,0.3171,-0.4756,-1.5907,1.5672,-0.2927,0.3385,-0.2073,-0.3776,-0.4629,1.6162,1.6239,0.2888,0.3623,0.2132
5.6770,0.3310,-0.4744,-1.5974,1.5828,-0.2934,0.3353,-0.2055,-0.3861,-0.4611,1.6207,1.6306,0.2887,0.3715,0.2119
5.7168,0.3426,-0.4705,-1.6028,1.5876,-0.2933,0.3589,-0.2043,-0.3955,-0.4581,1.6260,1.6381,0.2888,0.3841,0.2104
5.7468,0.3523,-0.4687,-1.6084,1.5960,-0.2937,0.3681,-0.2032,-0.4064,-0.4552,1.6310,1.6529,0.2891,0.3793,0.2076
5.7769,0.3622,-0.4661,-1.6131,1.6037,-0.2937,0.3785,-0.2017,-0.4106,-0.4555,1.6304,1.6484,0.2874,0.4017,0.2081
5.8069,0.3729,-0.4632,-1.6186,1.6115,-0.2943,0.3874,-0.2005,-0.4201,-0.4529,1.6352,1.6636,0.2879,0.3953,0.2054
5.8367,0.3815,-0.4614,-1.6217,1.6195,-0.2943,0.3970,-0.1999,-0.4241,-0.4549,1.6329,1.6576,0.2845,0.4195,0.2054
5.8667,0.3904,-0.4603,-1.6248,1.6270,-0.2934,0.4060,-0.1981,-0.4317,-0.4518,1.6360,1.6690,0.2845,0.4152,0.2025
5.8967,0.4015,-0.4584,-1.6306,1.6434,-0.2941,0.3997,-0.1958,-0.4363,-0.4534,1.6351,1.6657,0.2822,0.4343,0.2027
5.9268,0.4069,-0.4603,-1.6303,1.6414,-0.2914,0.4217,-0.1956,-0.4412,-0.4539,1.6345,1.6700,0.2802,0.4419,0.2015
5.9568,0.4153,-0.4594,-1.6323,1.6470,-0.2904,0.4292,-0.1942,-0.4442,-0.4560,1.6356,1.6735,0.2779,0.4471,0.1998
5.9967,0.4248,-0.4606,-1.6357,1.6548,-0.2876,0.4387,-0.1911,-0.4512,-0.4557,1.6341,1.6775,0.2740,0.4572,0.1962
6.0270,0.4330,-0.4560,-1.6394,1.6704,-0.2875,0.4309,-0.1867,-0.4549,-0.4564,1.6342,1.6805,0.2718,0.4629,0.1943
6.0570,0.4380,-0.4638,-1.6357,1.6645,-0.2821,0.4526,-0.1873,-0.4609,-0.4516,1.6358,1.6917,0.2712,0.4577,0.1899
6.0868,0.4462,-0.4604,-1.6402,1.6815,-0.2826,0.4433,-0.1836,-0.4610,-0.4557,1.6331,1.6869,0.2676,0.4745,0.1901
6.1169,0.4489,-0.4669,-1.6376,1.6745,-0.2771,0.4668,-0.1832,-0.4632,-0.4544,1.6335,1.6892,0.2662,0.4812,0.1882
6.1471,0.4562,-0.4641,-1.6406,1.6855,-0.2772,0.4627,-0.1805,-0.4666,-0.4533,1.6338,1.6917,0.2646,0.4879,0.1863
6.1768,0.4595,-0.4664,-1.6392,1.6827,-0.2742,0.4794,-0.1802,-0.4693,-0.4515,1.6346,1.6926,0.2646,0.4939,0.1857
6.2069,0.4654,-0.4638,-1.6415,1.6923,-0.2742,0.4753,-0.1776,-0.4719,-0.4502,1.6357,1.6942,0.2638,0.5017,0.1846
6.2367,0.4673,-0.4639,-1.6404,1.6883,-0.2728,0.4917,-0.1782,-0.4745,-0.4485,1.6364,1.6954,0.2628,0.5089,0.1829
6.2667,0.4704,-0.4626,-1.6414,1.6912,-0.2721,0.4976,-0.1770,-0.4784,-0.4462,1.6367,1.6977,0.2631,0.5141,0.1827
6.3068,0.4741,-0.4610,-1.6421,1.6952,-0.2708,0.5063,-0.1754,-0.4809,-0.4452,1.6380,1.7009,0.2620,0.5228,0.1812
6.3369,0.4777,-0.4591,-1.6416,1.6970,-0.2697,0.5139,-0.1740,-0.4843,-0.4437,1.6381,1.7023,0.2607,0.5293,0.1795
6.3667,0.4826,-0.4564,-1.6432,1.7055,-0.2696,0.5100,-0.1714,-0.4882,-0.4445,1.6363,1.7065,0.2585,0.5357,0.1786
6.3969,0.4882,-0.4546,-1.6459,1.7159,-0.2700,0.5049,-0.1694,-0.4906,-0.4441,1.6373,1.7093,0.2560,0.5438,0.1756
6.4268,0.4870,-0.4573,-1.6427,1.7037,-0.2659,0.5334,-0.1700,-0.4959,-0.4453,1.6344,1.7130,0.2522,0.5491,0.1733
6.4568,0.4906,-0.4573,-1.6422,1.7066,-0.2625,0.5416,-0.1668,-0.5006,-0.4460,1.6343,1.7171,0.2486,0.5567,0.1699
6.4868,0.4941,-0.4582,-1.6413,1.7094,-0.2593,0.5480,-0.1643,-0.5060,-0.4474,1.6315,1.7220,0.2443,0.5650,0.1673
6.5169,0.4971,-0.4592,-1.6399,1.7129,-0.2553,0.5557,-0.1610,-0.5094,-0.4468,1.6308,1.7271,0.2399,0.5751,0.1625
6.5471,0.5020,-0.4610,-1.6388,1.7154,-0.2509,0.5645,-0.1579,-0.5165,-0.4486,1.6294,1.7332,0.2364,0.5843,0.1609
6.5868,0.5119,-0.4526,-1.6408,1.7381,-0.2501,0.5519,-0.1494,-0.5234,-0.4490,1.6279,1.7404,0.2317,0.5978,0.1572
6.6171,0.5115,-0.4630,-1.6357,1.7242,-0.2411,0.5859,-0.1499,-0.5340,-0.4437,1.6301,1.7567,0.2312,0.5918,0.1517
6.6470,0.5146,-0.4626,-1.6344,1.7288,-0.2381,0.5961,-0.1474,-0.5361,-0.4468,1.6263,1.7521,0.2261,0.6182,0.1517
6.6768,0.5195,-0.4626,-1.6339,1.7338,-0.2350,0.6060,-0.1449,-0.5433,-0.4456,1.6251,1.7593,0.2246,0.6279,0.1509
6.7071,0.5299,-0.4591,-1.6381,1.7539,-0.2357,0.5956,-0.1405,-0.5502,-0.4451,1.6245,1.7656,0.2222,0.6386,0.1491
6.7369,0.5289,-0.4606,-1.6336,1.7438,-0.2313,0.6268,-0.1414,-0.5636,-0.4393,1.6267,1.7841,0.2215,0.6332,0.1428
6.7668,0.5353,-0.4588,-1.6336,1.7497,-0.2291,0.6382,-0.1389,-0.5656,-0.4444,1.6227,1.7779,0.2167,0.6598,0.1452
6.7969,0.5411,-0.4585,-1.6326,1.7553,-0.2262,0.6477,-0.1367,-0.5721,-0.4454,1.6214,1.7838,0.2125,0.6714,0.1425
6.8270,0.5478,-0.4591,-1.6326,1.7617,-0.2226,0.6591,-0.1339,-0.5796,-0.4458,1.6201,1.7902,0.2080,0.6831,0.1389
6.8570,0.5545,-0.4598,-1.6291,1.7677,-0.2180,0.6703,-0.1315,-0.5866,-0.4477,1.6185,1.7969,0.2022,0.6952,0.1349
6.8969,0.5634,-0.4609,-1.6262,1.7757,-0.2112,0.6870,-0.1269,-0.5963,-0.4505,1.6139,1.8052,0.1934,0.7110,0.1294
6.9270,0.5700,-0.4632,-1.6249,1.7819,-0.2051,0.6988,-0.1225,-0.6094,-0.4414,1.6126,1.8273,0.1911,0.7022,0.1193
6.9570,0.5779,-0.4647,-1.6213,1.7889,-0.1987,0.7104,-0.1183,-0.6096,-0.4557,1.6079,1.8185,0.1802,0.7330,0.1211
6.9868,0.5852,-0.4682,-1.6188,1.7954,-0.1915,0.7208,-0.1138,-0.6165,-0.4584,1.6041,1.8258,0.1729,0.7436,0.1166
7.0169,0.5915,-0.4705,-1.6160,1.8026,-0.1850,0.7327,-0.1096,-0.6234,-0.4620,1.6002,1.8331,0.1656,0.7512,0.1123
7.0469,0.5985,-0.4732,-1.6137,1.8090,-0.1780,0.7431,-0.1047,-0.6349,-0.4511,1.5955,1.8542,0.1617,0.7421,0.1001
7.0768,0.6053,-0.4756,-1.6108,1.8159,-0.1717,0.7520,-0.1007,-0.6352,-0.4660,1.5914,1.8491,0.1532,0.7641,0.1045
7.1069,0.6123,-0.4798,-1.6069,1.8228,-0.1641,0.7581,-0.0965,-0.6414,-0.4680,1.5876,1.8567,0.1463,0.7704,0.0995
7.1369,0.6198,-0.4826,-1.6042,1.8309,-0.1581,0.7657,-0.0930,-0.6495,-0.4593,1.5826,1.8716,0.1427,0.7637,0.0896
7.1768,0.6263,-0.4859,-1.5991,1.8394,-0.1502,0.7725,-0.0883,-0.6533,-0.4716,1.5765,1.8734,0.1333,0.7809,0.0915
7.2068,0.6325,-0.4880,-1.5968,1.8471,-0.1446,0.7777,-0.0843,-0.6615,-0.4648,1.5734,1.8895,0.1306,0.7728,0.0834
7.2369,0.6378,-0.4903,-1.5933,1.8551,-0.1392,0.7811,-0.0811,-0.6614,-0.4750,1.5681,1.8865,0.1210,0.7881,0.0827
7.2669,0.6471,-0.4828,-1.5900,1.8701,-0.1362,0.7754,-0.0722,-0.6681,-0.4671,1.5626,1.8997,0.1173,0.7817,0.0736
7.2969,0.6476,-0.4933,-1.5864,1.8692,-0.1279,0.7892,-0.0726,-0.6683,-0.4770,1.5594,1.8999,0.1085,0.7924,0.0724
7.3267,0.6521,-0.4947,-1.5826,1.8772,-0.1209,0.7925,-0.0668,-0.6742,-0.4699,1.5542,1.9126,0.1050,0.7855,0.0641
7.3568,0.6560,-0.4967,-1.5792,1.8838,-0.1149,0.7947,-0.0623,-0.6736,-0.4783,1.5498,1.9119,0.0963,0.7964,0.0624
7.3868,0.6607,-0.4976,-1.5747,1.8906,-0.1085,0.7992,-0.0571,-0.6769,-0.4775,1.5450,1.9171,0.0902,0.8000,0.0564
7.4168,0.6630,-0.4981,-1.5715,1.8983,-0.1029,0.8029,-0.0520,-0.6787,-0.4783,1.5397,1.9221,0.0838,0.8020,0.0513
7.4471,0.6670,-0.4993,-1.5679,1.9052,-0.0968,0.8056,-0.0471,-0.6839,-0.4724,1.5352,1.9337,0.0807,0.7953,0.0442
7.4868,0.6704,-0.4978,-1.5622,1.9134,-0.0900,0.8081,-0.0399,-0.6898,-0.4621,1.5255,1.9465,0.0748,0.7881,0.0324
7.5168,0.6738,-0.4960,-1.5594,1.9194,-0.0863,0.8100,-0.0351,-0.6841,-0.4742,1.5219,1.9383,0.0674,0.8033,0.0351
7.5469,0.6747,-0.4943,-1.5548,1.9262,-0.0817,0.8114,-0.0300,-0.6869,-0.4665,1.5138,1.9457,0.0627,0.7984,0.0265
7.5768,0.6769,-0.4928,-1.5521,1.9311,-0.0771,0.8133,-0.0243,-0.6853,-0.4706,1.5097,1.9459,0.0564,0.8022,0.0240
7.6069,0.6787,-0.4902,-1.5461,1.9359,-0.0720,0.8144,-0.0185,-0.6878,-0.4646,1.5034,1.9515,0.0527,0.7988,0.0172
7.6369,0.6801,-0.4883,-1.5406,1.9402,-0.0672,0.8162,-0.0135,-0.6852,-0.4687,1.5001,1.9519,0.0454,0.8024,0.0131
7.6667,0.6852,-0.4831,-1.5364,1.9511,-0.0642,0.8100,-0.0071,-0.6850,-0.4682,1.4952,1.9545,0.0401,0.8038,0.0083
7.6969,0.6827,-0.4845,-1.5304,1.9498,-0.0576,0.8192,-0.0031,-0.6858,-0.4673,1.4903,1.9563,0.0351,0.8050,0.0036
7.7268,0.6826,-0.4820,-1.5259,1.9534,-0.0530,0.8175,0.0028,-0.6863,-0.4649,1.4845,1.9585,0.0306,0.8065,-0.0012
7.7667,0.6836,-0.4797,-1.5193,1.9591,-0.0462,0.8161,0.0102,-0.6857,-0.4635,1.4792,1.9615,0.0244,0.8081,-0.0076
7.7969,0.6854,-0.4731,-1.5117,1.9607,-0.0418,0.8160,0.0176,-0.6883,-0.4582,1.4733,1.9659,0.0208,0.8056,-0.0137
7.8268,0.6878,-0.4696,-1.5083,1.9692,-0.0396,0.8096,0.0218,-0.6916,-0.4525,1.4671,1.9713,0.0170,0.8027,-0.0204
7.8568,0.6860,-0.4722,-1.5028,1.9666,-0.0344,0.8172,0.0235,-0.6859,-0.4610,1.4642,1.9672,0.0110,0.8122,-0.0193
7.8868,0.6887,-0.4673,-1.4976,1.9734,-0.0312,0.8126,0.0292,-0.6857,-0.4619,1.4594,1.9690,0.0054,0.8130,-0.0233
7.9168,0.6912,-0.4622,-1.4920,1.9791,-0.0278,0.8089,0.0351,-0.6858,-0.4618,1.4557,1.9705,0.0010,0.8143,-0.0272
7.9471,0.6871,-0.4664,-1.4866,1.9738,-0.0216,0.8196,0.0367,-0.6860,-0.4628,1.4518,1.9730,-0.0046,0.8150,-0.0314
7.9768,0.6871,-0.4649,-1.4802,1.9772,-0.0166,0.8202,0.0410,-0.6885,-0.4572,1.4453,1.9785,-0.0086,0.8109,-0.0378
8.0070,0.6901,-0.4602,-1.4750,1.9854,-0.0133,0.8143,0.0467,-0.6859,-0.4649,1.4428,1.9774,-0.0161,0.8171,-0.0398
8.0367,0.6862,-0.4641,-1.4699,1.9815,-0.0056,0.8233,0.0505,-0.6888,-0.4601,1.4374,1.9836,-0.0196,0.8127,-0.0454
8.0768,0.6904,-0.4558,-1.4603,1.9911,0.0003,0.8166,0.0602,-0.6862,-0.4678,1.4331,1.9854,-0.0289,0.8208,-0.0487
8.1068,0.6861,-0.4645,-1.4570,1.9888,0.0075,0.8249,0.0603,-0.6878,-0.4700,1.4298,1.9878,-0.0345,0.8221,-0.0524
8.1367,0.6895,-0.4601,-1.4520,1.9970,0.0108,0.8192,0.0658,-0.6888,-0.4711,1.4266,1.9911,-0.0390,0.8268,-0.0557
8.1667,0.6849,-0.4648,-1.4486,1.9949,0.0165,0.8272,0.0671,-0.6910,-0.4732,1.4246,1.9938,-0.0435,0.8314,-0.0590
8.1968,0.6891,-0.4600,-1.4432,2.0031,0.0202,0.8221,0.0731,-0.6941,-0.4753,1.4218,1.9963,-0.0474,0.8357,-0.0612
8.2268,0.6857,-0.4655,-1.4397,2.0008,0.0264,0.8329,0.0746,-0.6969,-0.4771,1.4171,1.9993,-0.0526,0.8373,-0.0641
8.2568,0.6854,-0.4656,-1.4351,2.0027,0.0307,0.8377,0.0776,-0.7044,-0.4734,1.4134,2.0063,-0.0558,0.8361,-0.0701
8.2868,0.6865,-0.4677,-1.4318,2.0067,0.0355,0.8415,0.0804,-0.7050,-0.4834,1.4142,2.0069,-0.0623,0.8443,-0.0707
8.3169,0.6878,-0.4695,-1.4289,2.0105,0.0405,0.8465,0.0839,-0.7135,-0.4785,1.4091,2.0137,-0.0665,0.8439,-0.0783
8.3569,0.6969,-0.4643,-1.4233,2.0251,0.0452,0.8390,0.0917,-0.7162,-0.4896,1.4096,2.0136,-0.0735,0.8569,-0.0789
8.3869,0.6919,-0.4726,-1.4201,2.0183,0.0516,0.8564,0.0914,-0.7218,-0.4912,1.4077,2.0175,-0.0777,0.8624,-0.0828
8.4168,0.6943,-0.4747,-1.4172,2.0222,0.0562,0.8605,0.0942,-0.7266,-0.4937,1.4056,2.0210,-0.0820,0.8690,-0.0858
8.4471,0.7020,-0.4723,-1.4150,2.0319,0.0587,0.8571,0.0988,-0.7337,-0.4947,1.4030,2.0233,-0.0845,0.8755,-0.0881
8.4769,0.6990,-0.4781,-1.4120,2.0282,0.0639,0.8735,0.0993,-0.7393,-0.4962,1.4018,2.0264,-0.0868,0.8835,-0.0903
8.5068,0.7033,-0.4789,-1.4101,2.0310,0.0660,0.8787,0.1011,-0.7452,-0.4968,1.4017,2.0284,-0.0881,0.8904,-0.0926
8.5367,0.7085,-0.4800,-1.4072,2.0343,0.0689,0.8864,0.1032,-0.7508,-0.4958,1.4009,2.0319,-0.0884,0.8997,-0.0947
8.5668,0.7122,-0.4808,-1.4067,2.0374,0.0700,0.8945,0.1044,-0.7567,-0.4963,1.4000,2.0341,-0.0898,0.9076,-0.0969
8.5967,0.7168,-0.4815,-1.4048,2.0408,0.0715,0.9025,0.1056,-0.7621,-0.4952,1.3982,2.0382,-0.0907,0.9155,-0.0992
8.6269,0.7229,-0.4803,-1.4030,2.0443,0.0714,0.9105,0.1069,-0.7724,-0.4945,1.3985,2.0456,-0.0923,0.9166,-0.1033
8.6668,0.7294,-0.4806,-1.4023,2.0480,0.0716,0.9225,0.1081,-0.7724,-0.4957,1.3948,2.0414,-0.0953,0.9361,-0.1055
8.6969,0.7354,-0.4813,-1.4006,2.0512,0.0729,0.9316,0.1095,-0.7765,-0.4972,1.3945,2.0439,-0.0983,0.9435,-0.1088
8.7269,0.7411,-0.4813,-1.3993,2.0542,0.0755,0.9400,0.1131,-0.7858,-0.4958,1.3932,2.0522,-0.1008,0.9426,-0.1134
8.7570,0.7506,-0.4795,-1.3973,2.0602,0.0782,0.9416,0.1183,-0.7830,-0.5000,1.3908,2.0478,-0.1060,0.9575,-0.1156
8.7868,0.7516,-0.4837,-1.3953,2.0592,0.0818,0.9525,0.1186,-0.7906,-0.4988,1.3896,2.0545,-0.1081,0.9569,-0.1194
8.8168,0.7568,-0.4853,-1.3934,2.0620,0.0853,0.9587,0.1215,-0.7895,-0.5011,1.3866,2.0537,-0.1122,0.9657,-0.1212
8.8471,0.7629,-0.4842,-1.3922,2.0656,0.0871,0.9600,0.1249,-0.7920,-0.4995,1.3850,2.0566,-0.1136,0.9674,-0.1240
8.8768,0.7664,-0.4845,-1.3894,2.0666,0.0895,0.9647,0.1268,-0.7945,-0.4991,1.3856,2.0606,-0.1139,0.9658,-0.1251
8.9070,0.7720,-0.4833,-1.3878,2.0707,0.0915,0.9650,0.1302,-0.7959,-0.4978,1.3836,2.0643,-0.1145,0.9645,-0.1259
8.9471,0.7759,-0.4842,-1.3857,2.0731,0.0943,0.9667,0.1322,-0.7992,-0.4975,1.3830,2.0709,-0.1157,0.9606,-0.1272
8.9768,0.7797,-0.4836,-1.3849,2.0782,0.0955,0.9647,0.1340,-0.8005,-0.4961,1.3788,2.0739,-0.1212,0.9598,-0.1327
9.0068,0.7844,-0.4815,-1.3816,2.0823,0.0983,0.9640,0.1380,-0.8021,-0.4987,1.3782,2.0779,-0.1266,0.9597,-0.1364
9.0367,0.7841,-0.4835,-1.3801,2.0819,0.1015,0.9665,0.1393,-0.8065,-0.4957,1.3733,2.0852,-0.1305,0.9551,-0.1411
9.0667,0.7845,-0.4844,-1.3785,2.0851,0.1064,0.9657,0.1431,-0.8042,-0.5021,1.3733,2.0887,-0.1390,0.9544,-0.1446
9.0967,0.7872,-0.4851,-1.3755,2.0894,0.1128,0.9660,0.1486,-0.8056,-0.5036,1.3685,2.0927,-0.1461,0.9540,-0.1491
9.1268,0.7878,-0.4888,-1.3724,2.0932,0.1213,0.9650,0.1534,-0.8064,-0.5050,1.3658,2.0975,-0.1529,0.9508,-0.1538
9.1568,0.7877,-0.4906,-1.3698,2.0982,0.1289,0.9645,0.1589,-0.8111,-0.5034,1.3629,2.1061,-0.1558,0.9455,-0.1569
9.1869,0.7900,-0.4926,-1.3667,2.1024,0.1358,0.9638,0.1636,-0.8093,-0.5051,1.3594,2.1079,-0.1608,0.9467,-0.1592
9.2167,0.7913,-0.4947,-1.3641,2.1074,0.1425,0.9621,0.1679,-0.8109,-0.5021,1.3564,2.1128,-0.1630,0.9440,-0.1626
9.2570,0.7936,-0.4950,-1.3613,2.1146,0.1467,0.9611,0.1710,-0.8128,-0.5006,1.3536,2.1189,-0.1653,0.9390,-0.1645
9.2868,0.7953,-0.4934,-1.3584,2.1170,0.1485,0.9579,0.1729,-0.8167,-0.4990,1.3502,2.1276,-0.1684,0.9328,-0.1673
9.3169,0.7958,-0.4916,-1.3550,2.1200,0.1508,0.9546,0.1749,-0.8192,-0.4960,1.3446,2.1323,-0.1724,0.9290,-0.1715
9.3470,0.7985,-0.4911,-1.3542,2.1262,0.1539,0.9481,0.1779,-0.8119,-0.4992,1.3419,2.1291,-0.1811,0.9360,-0.1770
9.3770,0.8034,-0.4881,-1.3487,2.1311,0.1582,0.9461,0.1833,-0.8109,-0.4979,1.3385,2.1317,-0.1867,0.9341,-0.1822
9.4070,0.8032,-0.4914,-1.3480,2.1344,0.1645,0.9447,0.1867,-0.8110,-0.4951,1.3333,2.1326,-0.1899,0.9322,-0.1855
9.4369,0.8060,-0.4876,-1.3410,2.1392,0.1694,0.9407,0.1919,-0.8104,-0.4945,1.3347,2.1376,-0.1940,0.9286,-0.1904
9.4668,0.8040,-0.4927,-1.3402,2.1413,0.1780,0.9414,0.1964,-0.8099,-0.4911,1.3339,2.1404,-0.1933,0.9238,-0.1912
9.4969,0.8055,-0.4893,-1.3337,2.1458,0.1825,0.9367,0.2006,-0.8097,-0.4870,1.3338,2.1416,-0.1923,0.9213,-0.1930
9.5369,0.8048,-0.4862,-1.3279,2.1463,0.1859,0.9345,0.2038,-0.8070,-0.4873,1.3339,2.1436,-0.1919,0.9173,-0.1911
9.5667,0.8038,-0.4849,-1.3255,2.1460,0.1872,0.9333,0.2049,-0.8101,-0.4795,1.3310,2.1463,-0.1934,0.9145,-0.1983
9.5969,0.8093,-0.4814,-1.3261,2.1543,0.1871,0.9231,0.2072,-0.8102,-0.4784,1.3301,2.1473,-0.1960,0.9131,-0.2016
9.6270,0.8109,-0.4783,-1.3238,2.1558,0.1867,0.9203,0.2082,-0.8096,-0.4796,1.3269,2.1488,-0.2008,0.9109,-0.2038
9.6568,0.8127,-0.4749,-1.3218,2.1576,0.1869,0.9199,0.2106,-0.8111,-0.4764,1.3208,2.1514,-0.2049,0.9081,-0.2079
9.6869,0.8146,-0.4718,-1.3195,2.1586,0.1875,0.9182,0.2129,-0.8091,-0.4813,1.3217,2.1551,-0.2142,0.9029,-0.2133
9.7168,0.8138,-0.4712,-1.3168,2.1603,0.1917,0.9165,0.2164,-0.8080,-0.4823,1.3165,2.1578,-0.2205,0.8989,-0.2161
9.7470,0.8139,-0.4719,-1.3150,2.1641,0.1988,0.9123,0.2221,-0.8077,-0.4835,1.3132,2.1624,-0.2269,0.8936,-0.2194
9.7768,0.8118,-0.4726,-1.3107,2.1654,0.2065,0.9087,0.2270,-0.8077,-0.4804,1.3069,2.1660,-0.2309,0.8885,-0.2225
9.8069,0.8107,-0.4748,-1.3074,2.1696,0.2145,0.9029,0.2311,-0.8061,-0.4825,1.3072,2.1716,-0.2356,0.8813,-0.2242
9.8470,0.8085,-0.4768,-1.3017,2.1745,0.2261,0.8964,0.2379,-0.8050,-0.4789,1.3060,2.1768,-0.2374,0.8707,-0.2263
9.8769,0.8060,-0.4748,-1.2978,2.1756,0.2283,0.8924,0.2388,-0.8000,-0.4794,1.3066,2.1777,-0.2364,0.8662,-0.2231
9.9069,0.8082,-0.4734,-1.2968,2.1810,0.2307,0.8826,0.2408,-0.8045,-0.4709,1.3062,2.1836,-0.2367,0.8562,-0.2291
9.9367,0.8096,-0.4696,-1.2949,2.1824,0.2304,0.8752,0.2415,-0.8037,-0.4693,1.3045,2.1862,-0.2381,0.8492,-0.2297
9.9667,0.8104,-0.4661,-1.2949,2.1856,0.2298,0.8664,0.2422,-0.8027,-0.4682,1.3048,2.1890,-0.2411,0.8416,-0.2324
9.9967,0.8112,-0.4642,-1.2945,2.1878,0.2301,0.8588,0.2426,-0.8030,-0.4660,1.3028,2.1914,-0.2436,0.8361,-0.2350
10.0268,0.8123,-0.4627,-1.2937,2.1906,0.2329,0.8499,0.2450,-0.7989,-0.4636,1.2989,2.1871,-0.2452,0.8360,-0.2362
10.0568,0.8097,-0.4597,-1.2886,2.1877,0.2354,0.8493,0.2474,-0.8013,-0.4661,1.2985,2.1940,-0.2537,0.8263,-0.2422
10.0868,0.8126,-0.4612,-1.2892,2.1945,0.2407,0.8373,0.2507,-0.8004,-0.4646,1.2951,2.1962,-0.2579,0.8240,-0.2458
10.1268,0.8116,-0.4616,-1.2860,2.1987,0.2486,0.8329,0.2565,-0.8023,-0.4604,1.2863,2.2013,-0.2637,0.8182,-0.2510
10.1568,0.8090,-0.4584,-1.2801,2.1973,0.2516,0.8305,0.2590,-0.8024,-0.4565,1.2787,2.2033,-0.2683,0.8143,-0.2551
10.1869,0.8096,-0.4630,-1.2807,2.2019,0.2603,0.8264,0.2645,-0.7940,-0.4620,1.2774,2.2043,-0.2768,0.8132,-0.2577
10.2168,0.8108,-0.4608,-1.2755,2.2071,0.2639,0.8210,0.2671,-0.7932,-0.4586,1.2702,2.2081,-0.2813,0.8069,-0.2606
10.2468,0.8053,-0.4605,-1.2735,2.2082,0.2696,0.8216,0.2717,-0.7893,-0.4532,1.2602,2.2070,-0.2867,0.8020,-0.2646
10.2768,0.8050,-0.4590,-1.2700,2.2116,0.2753,0.8152,0.2762,-0.7854,-0.4553,1.2581,2.2133,-0.2983,0.7897,-0.2714
10.3068,0.8010,-0.4541,-1.2617,2.2066,0.2794,0.8146,0.2802,-0.7815,-0.4495,1.2471,2.2129,-0.3044,0.7839,-0.2758
10.3367,0.8007,-0.4571,-1.2603,2.2160,0.2897,0.7974,0.2847,-0.7757,-0.4511,1.2407,2.2171,-0.3167,0.7724,-0.2816
10.3667,0.7986,-0.4545,-1.2550,2.2188,0.2960,0.7878,0.2888,-0.7717,-0.4451,1.2300,2.2159,-0.3226,0.7671,-0.2859
10.3967,0.7947,-0.4493,-1.2454,2.2174,0.3012,0.7833,0.2926,-0.7636,-0.4443,1.2235,2.2175,-0.3331,0.7585,-0.2915
10.4367,0.7899,-0.4478,-1.2384,2.2225,0.3164,0.7656,0.3027,-0.7571,-0.4365,1.2096,2.2158,-0.3407,0.7505,-0.2963
10.4667,0.7862,-0.4412,-1.2266,2.2206,0.3229,0.7608,0.3079,-0.7505,-0.4321,1.2015,2.2166,-0.3484,0.7400,-0.3004
10.4968,0.7806,-0.4433,-1.2221,2.2255,0.3343,0.7492,0.3131,-0.7443,-0.4269,1.1910,2.2156,-0.3557,0.7317,-0.3043
10.5268,0.7743,-0.4405,-1.2131,2.2273,0.3428,0.7422,0.3176,-0.7368,-0.4212,1.1806,2.2145,-0.3634,0.7230,-0.3086
10.5568,0.7684,-0.4370,-1.2030,2.2280,0.3525,0.7326,0.3229,-0.7301,-0.4165,1.1695,2.2141,-0.3727,0.7119,-0.3130
10.5868,0.7623,-0.4317,-1.1943,2.2287,0.3606,0.7241,0.3285,-0.7221,-0.4082,1.1562,2.2107,-0.3797,0.7039,-0.3168
10.6170,0.7558,-0.4268,-1.1835,2.2285,0.3674,0.7146,0.3310,-0.7129,-0.3981,1.1420,2.2018,-0.3866,0.6994,-0.3222
10.6472,0.7493,-0.4211,-1.1745,2.2264,0.3740,0.7056,0.3346,-0.7035,-0.4008,1.1340,2.2062,-0.4030,0.6794,-0.3276
10.6770,0.7425,-0.4153,-1.1633,2.2259,0.3817,0.6949,0.3381,-0.6943,-0.3953,1.1221,2.2041,-0.4131,0.6673,-0.3320
10.7170,0.7315,-0.4075,-1.1485,2.2250,0.3954,0.6773,0.3454,-0.6809,-0.3868,1.1065,2.1988,-0.4275,0.6477,-0.3385
10.7470,0.7225,-0.4027,-1.1368,2.2242,0.4088,0.6633,0.3528,-0.6708,-0.3785,1.0942,2.1959,-0.4374,0.6332,-0.3431
10.7768,0.7129,-0.3917,-1.1217,2.2147,0.4161,0.6583,0.3585,-0.6593,-0.3683,1.0815,2.1871,-0.4434,0.6265,-0.3461
10.8069,0.7030,-0.3923,-1.1122,2.2210,0.4334,0.6331,0.3641,-0.6513,-0.3633,1.0719,2.1888,-0.4562,0.6024,-0.3509
10.8369,0.6908,-0.3816,-1.0991,2.2096,0.4392,0.6284,0.3677,-0.6410,-0.3563,1.0610,2.1857,-0.4656,0.5858,-0.3541
10.8667,0.6831,-0.3777,-1.0891,2.2140,0.4548,0.6021,0.3745,-0.6312,-0.3489,1.0490,2.1817,-0.4752,0.5715,-0.3580
10.8967,0.6734,-0.3675,-1.0776,2.2101,0.4620,0.5869,0.3774,-0.6182,-0.3392,1.0375,2.1739,-0.4805,0.5627,-0.3590
10.9268,0.6602,-0.3578,-1.0674,2.1980,0.4660,0.5827,0.3791,-0.6093,-0.3316,1.0253,2.1732,-0.4930,0.5438,-0.3652
10.9568,0.6554,-0.3490,-1.0560,2.2001,0.4758,0.5583,0.3829,-0.5994,-0.3205,1.0141,2.1626,-0.4981,0.5391,-0.3690
10.9868,0.6454,-0.3416,-1.0446,2.1950,0.4840,0.5459,0.3861,-0.5876,-0.3173,1.0028,2.1632,-0.5104,0.5174,-0.3711
11.0268,0.6308,-0.3303,-1.0288,2.1904,0.4957,0.5270,0.3906,-0.5731,-0.3062,0.9857,2.1559,-0.5201,0.5025,-0.3736
11.0568,0.6207,-0.3224,-1.0174,2.1846,0.5041,0.5131,0.3938,-0.5628,-0.2957,0.9754,2.1466,-0.5247,0.4964,-0.3761
11.0868,0.6091,-0.3133,-1.0047,2.1771,0.5123,0.5018,0.3973,-0.5530,-0.2899,0.9635,2.1445,-0.5332,0.4800,-0.3772
11.1168,0.5978,-0.3043,-0.9934,2.1702,0.5197,0.4893,0.4000,-0.5429,-0.2816,0.9530,2.1382,-0.5387,0.4705,-0.3784
11.1469,0.5864,-0.2916,-0.9821,2.1573,0.5246,0.4847,0.4038,-0.5311,-0.2724,0.9419,2.1317,-0.5440,0.4609,-0.3790
11.1768,0.5748,-0.2798,-0.9737,2.1424,0.5278,0.4827,0.4068,-0.5218,-0.2631,0.9309,2.1231,-0.5479,0.4520,-0.3791
11.2068,0.5656,-0.2744,-0.9609,2.1446,0.5358,0.4545,0.4039,-0.5124,-0.2547,0.9201,2.1159,-0.5535,0.4425,-0.3805
11.2367,0.5565,-0.2656,-0.9511,2.1386,0.5409,0.4430,0.4051,-0.5024,-0.2455,0.9105,2.1074,-0.5567,0.4344,-0.3801
11.2667,0.5433,-0.2570,-0.9402,2.1321,0.5449,0.4380,0.4050,-0.4942,-0.2324,0.9012,2.0949,-0.5610,0.4311,-0.3846
11.3069,0.5325,-0.2420,-0.9263,2.1214,0.5516,0.4291,0.4097,-0.4839,-0.2149,0.8891,2.0788,-0.5668,0.4263,-0.3908
11.3367,0.5249,-0.2315,-0.9155,2.1159,0.5570,0.4206,0.4127,-0.4783,-0.2015,0.8793,2.0682,-0.5718,0.4224,-0.3966
11.3667,0.5164,-0.2194,-0.9058,2.1059,0.5615,0.4150,0.4164,-0.4572,-0.2093,0.8665,2.0678,-0.5763,0.4016,-0.3829
11.3967,0.4969,-0.2186,-0.8949,2.0987,0.5623,0.4072,0.4069,-0.4478,-0.2013,0.8570,2.0586,-0.5804,0.3951,-0.3837
11.4268,0.4857,-0.2088,-0.8857,2.0905,0.5663,0.3993,0.4076,-0.4435,-0.1876,0.8494,2.0457,-0.5844,0.3944,-0.3900
11.4568,0.4788,-0.1959,-0.8778,2.0780,0.5701,0.3971,0.4124,-0.4285,-0.1847,0.8394,2.0397,-0.5887,0.3815,-0.3855
11.4868,0.4704,-0.1837,-0.8686,2.0688,0.5745,0.3904,0.4156,-0.4254,-0.1706,0.8322,2.0263,-0.5927,0.3816,-0.3925
11.5169,0.4522,-0.1858,-0.8557,2.0638,0.5807,0.3795,0.4106,-0.4109,-0.1695,0.8224,2.0217,-0.5953,0.3707,-0.3862
11.5468,0.4409,-0.1764,-0.8465,2.0540,0.5847,0.3736,0.4116,-0.4070,-0.1555,0.8151,2.0094,-0.5993,0.3692,-0.3923
11.5768,0.4351,-0.1623,-0.8393,2.0403,0.5883,0.3725,0.4172,-0.4026,-0.1428,0.8074,1.9997,-0.6034,0.3653,-0.3972
11.6168,0.4152,-0.1574,-0.8263,2.0308,0.5927,0.3608,0.4121,-0.3842,-0.1402,0.7959,1.9901,-0.6044,0.3548,-0.3882
11.6472,0.4059,-0.1473,-0.8171,2.0197,0.5946,0.3565,0.4117,-0.3762,-0.1315,0.7892,1.9804,-0.6067,0.3502,-0.3887
11.6770,0.3998,-0.1355,-0.8108,2.0093,0.5977,0.3531,0.4152,-0.3686,-0.1220,0.7819,1.9715,-0.6091,0.3460,-0.3895
11.7069,0.3872,-0.1306,-0.8015,1.9996,0.5988,0.3486,0.4111,-0.3598,-0.1146,0.7763,1.9619,-0.6110,0.3436,-0.3895
11.7367,0.3827,-0.1184,-0.7948,1.9902,0.6024,0.3449,0.4154,-0.3558,-0.1038,0.7696,1.9551,-0.6145,0.3382,-0.3930
11.7667,0.3701,-0.1136,-0.7875,1.9807,0.6026,0.3419,0.4112,-0.3505,-0.0932,0.7645,1.9463,-0.6171,0.3345,-0.3957
11.7967,0.3643,-0.1020,-0.7805,1.9727,0.6061,0.3360,0.4143,-0.3392,-0.0888,0.7595,1.9350,-0.6155,0.3366,-0.3912
11.8267,0.3576,-0.0912,-0.7739,1.9655,0.6092,0.3294,0.4162,-0.3327,-0.0796,0.7554,1.9268,-0.6163,0.3345,-0.3916
11.8568,0.3550,-0.0777,-0.7683,1.9536,0.6127,0.3286,0.4221,-0.3264,-0.0718,0.7541,1.9181,-0.6165,0.3342,-0.3922
11.8967,0.3320,-0.0772,-0.7614,1.9393,0.6105,0.3307,0.4123,-0.3206,-0.0621,0.7508,1.9061,-0.6161,0.3321,-0.3917
11.9268,0.3241,-0.0677,-0.7572,1.9293,0.6106,0.3313,0.4122,-0.3147,-0.0555,0.7469,1.9018,-0.6176,0.3264,-0.3915
11.9568,0.3194,-0.0590,-0.7522,1.9237,0.6130,0.3261,0.4140,-0.3098,-0.0472,0.7469,1.8897,-0.6149,0.3315,-0.3906
11.9868,0.3090,-0.0511,-0.7496,1.9117,0.6106,0.3304,0.4109,-0.3054,-0.0407,0.7449,1.8830,-0.6146,0.3316,-0.3906
12.0169,0.3022,-0.0430,-0.7486,1.9017,0.6100,0.3300,0.4105,-0.3015,-0.0348,0.7450,1.8746,-0.6146,0.3332,-0.3917
12.0471,0.2959,-0.0341,-0.7465,1.8940,0.6105,0.3284,0.4111,-0.2979,-0.0293,0.7444,1.8696,-0.6139,0.3310,-0.3909
12.0769,0.2905,-0.0255,-0.7455,1.8832,0.6109,0.3290,0.4128,-0.2961,-0.0252,0.7451,1.8634,-0.6131,0.3315,-0.3911
12.1068,0.2834,-0.0193,-0.7447,1.8757,0.6109,0.3270,0.4120,-0.2927,-0.0216,0.7457,1.8577,-0.6128,0.3326,-0.3913
12.1368,0.2804,-0.0118,-0.7418,1.8699,0.6098,0.3219,0.4102,-0.2891,-0.0216,0.7469,1.8556,-0.6117,0.3326,-0.3893
12.1667,0.2766,-0.0038,-0.7414,1.8625,0.6094,0.3192,0.4105,-0.2859,-0.0222,0.7468,1.8562,-0.6112,0.3302,-0.3871
12.2070,0.2738,0.0044,-0.7396,1.8539,0.6107,0.3194,0.4132,-0.2900,-0.0200,0.7489,1.8559,-0.6124,0.3313,-0.3912
12.2367,0.2654,0.0052,-0.7389,1.8487,0.6089,0.3205,0.4092,-0.2901,-0.0226,0.7493,1.8587,-0.6120,0.3305,-0.3899
12.2667,0.2641,0.0093,-0.7376,1.8453,0.6097,0.3197,0.4105,-0.2894,-0.0218,0.7494,1.8582,-0.6127,0.3321,-0.3911
12.2967,0.2598,0.0113,-0.7385,1.8396,0.6078,0.3229,0.4086,-0.2909,-0.0215,0.7506,1.8591,-0.6120,0.3316,-0.3910
12.3268,0.2589,0.0147,-0.7380,1.8360,0.6083,0.3234,0.4099,-0.2903,-0.0232,0.7511,1.8607,-0.6115,0.3309,-0.3897
12.3568,0.2561,0.0151,-0.7383,1.8340,0.6076,0.3234,0.4085,-0.2903,-0.0236,0.7508,1.8616,-0.6116,0.3303,-0.3895
12.3868,0.2554,0.0164,-0.7386,1.8318,0.6075,0.3243,0.4089,-0.2916,-0.0223,0.7524,1.8616,-0.6129,0.3307,-0.3923
12.4169,0.2532,0.0165,-0.7385,1.8318,0.6078,0.3244,0.4086,-0.2917,-0.0236,0.7531,1.8623,-0.6124,0.3312,-0.3917
12.4472,0.2527,0.0157,-0.7390,1.8320,0.6074,0.3246,0.4080,-0.2927,-0.0231,0.7538,1.8627,-0.6120,0.3325,-0.3922
12.4868,0.2540,0.0170,-0.7395,1.8297,0.6075,0.3269,0.4095,-0.2933,-0.0227,0.7550,1.8639,-0.6133,0.3291,-0.3936
