time,left_s0,left_s1,left_e0,left_e1,left_w0,left_w1,left_w2,right_s0,right_s1,right_e0,right_e1,right_w0,right_w1,right_w2
0.0000,0.2845,-0.1952,-1.4309,1.7655,-0.1215,0.0573,0.0150,-0.2924,-0.2560,1.4032,1.7745,0.1063,0.0639,-0.0009
0.0300,0.2855,-0.1972,-1.4312,1.7639,-0.1223,0.0603,0.0141,-0.2929,-0.2579,1.4037,1.7749,0.1029,0.0658,-0.0044
0.0600,0.2860,-0.2027,-1.4310,1.7662,-0.1184,0.0589,0.0179,-0.2941,-0.2551,1.4034,1.7768,0.1015,0.0646,-0.0060
0.0900,0.2851,-0.2098,-1.4282,1.7676,-0.1186,0.0583,0.0172,-0.2934,-0.2700,1.3987,1.7766,0.1023,0.0719,-0.0042
0.1200,0.2851,-0.2186,-1.4266,1.7667,-0.1183,0.0603,0.0171,-0.2920,-0.2753,1.3956,1.7774,0.1032,0.0776,-0.0026
0.1500,0.2845,-0.2260,-1.4247,1.7673,-0.1179,0.0615,0.0170,-0.2938,-0.2742,1.3963,1.7844,0.1027,0.0721,-0.0033
0.1800,0.2856,-0.2264,-1.4256,1.7730,-0.1181,0.0571,0.0169,-0.2929,-0.2854,1.3893,1.7787,0.1027,0.0923,-0.0021
0.2100,0.2844,-0.2399,-1.4209,1.7676,-0.1169,0.0752,0.0173,-0.2941,-0.2808,1.3898,1.7925,0.1007,0.0789,-0.0047
0.2500,0.2869,-0.2390,-1.4221,1.7776,-0.1164,0.0675,0.0179,-0.2916,-0.2930,1.3829,1.7827,0.1008,0.1147,-0.0031
0.2800,0.2842,-0.2541,-1.4167,1.7690,-0.1154,0.0955,0.0177,-0.2926,-0.2949,1.3816,1.7836,0.1004,0.1236,-0.0032
0.3100,0.2849,-0.2595,-1.4145,1.7680,-0.1147,0.1073,0.0178,-0.2928,-0.2966,1.3791,1.7850,0.0994,0.1365,-0.0037
0.3400,0.2858,-0.2640,-1.4113,1.7694,-0.1133,0.1184,0.0184,-0.2922,-0.2986,1.3762,1.7877,0.0985,0.1452,-0.0039
0.3700,0.2846,-0.2691,-1.4087,1.7707,-0.1124,0.1290,0.0185,-0.2920,-0.3002,1.3735,1.7884,0.0977,0.1578,-0.0041
0.4000,0.2851,-0.2712,-1.4067,1.7715,-0.1113,0.1396,0.0191,-0.2928,-0.3025,1.3714,1.7912,0.0965,0.1667,-0.0047
0.4300,0.2880,-0.2682,-1.4077,1.7838,-0.1100,0.1297,0.0211,-0.2923,-0.3033,1.3689,1.7914,0.0945,0.1773,-0.0063
0.4600,0.2849,-0.2814,-1.4005,1.7736,-0.1077,0.1608,0.0209,-0.2929,-0.3060,1.3671,1.7949,0.0934,0.1854,-0.0068
0.5001,0.2848,-0.2854,-1.3967,1.7764,-0.1062,0.1739,0.0212,-0.2925,-0.3079,1.3642,1.7974,0.0923,0.1988,-0.0069
0.5300,0.2840,-0.2887,-1.3926,1.7770,-0.1050,0.1823,0.0212,-0.2950,-0.3042,1.3642,1.8063,0.0907,0.1915,-0.0096
0.5599,0.2842,-0.2927,-1.3898,1.7789,-0.1041,0.1892,0.0209,-0.2930,-0.3108,1.3592,1.8014,0.0909,0.2095,-0.0071
0.5900,0.2848,-0.2943,-1.3871,1.7804,-0.1031,0.1974,0.0212,-0.2957,-0.3092,1.3598,1.8102,0.0902,0.2028,-0.0085
0.6200,0.2847,-0.2955,-1.3847,1.7817,-0.1028,0.2034,0.0208,-0.2952,-0.3145,1.3559,1.8050,0.0899,0.2187,-0.0068
0.6500,0.2852,-0.2978,-1.3815,1.7836,-0.1027,0.2096,0.0198,-0.2992,-0.3107,1.3560,1.8144,0.0882,0.2122,-0.0098
0.6800,0.2848,-0.3015,-1.3792,1.7858,-0.1014,0.2144,0.0199,-0.2992,-0.3194,1.3545,1.8134,0.0887,0.2276,-0.0069
0.7100,0.2862,-0.3040,-1.3756,1.7889,-0.1010,0.2200,0.0191,-0.3047,-0.3142,1.3543,1.8228,0.0863,0.2223,-0.0110
0.7500,0.2868,-0.3062,-1.3725,1.7920,-0.1001,0.2263,0.0189,-0.3079,-0.3240,1.3516,1.8238,0.0879,0.2358,-0.0064
0.7800,0.2901,-0.3022,-1.3721,1.7975,-0.0984,0.2232,0.0219,-0.3134,-0.3263,1.3514,1.8294,0.0876,0.2394,-0.0062
0.8100,0.2931,-0.2991,-1.3725,1.8082,-0.0971,0.2146,0.0244,-0.3176,-0.3288,1.3503,1.8342,0.0872,0.2422,-0.0060
0.8401,0.2908,-0.3147,-1.3668,1.8025,-0.0984,0.2365,0.0180,-0.3230,-0.3311,1.3503,1.8389,0.0874,0.2453,-0.0053
0.8703,0.2948,-0.3117,-1.3674,1.8144,-0.0971,0.2277,0.0206,-0.3306,-0.3302,1.3518,1.8478,0.0865,0.2433,-0.0072
0.9000,0.2946,-0.3198,-1.3641,1.8117,-0.0973,0.2447,0.0176,-0.3355,-0.3365,1.3498,1.8510,0.0872,0.2536,-0.0044
0.9300,0.2975,-0.3230,-1.3630,1.8163,-0.0967,0.2487,0.0173,-0.3433,-0.3357,1.3513,1.8593,0.0864,0.2523,-0.0062
0.9705,0.3019,-0.3258,-1.3609,1.8241,-0.0966,0.2532,0.0162,-0.3489,-0.3424,1.3502,1.8663,0.0869,0.2594,-0.0038
1.0002,0.3072,-0.3231,-1.3617,1.8353,-0.0954,0.2464,0.0188,-0.3569,-0.3408,1.3511,1.8715,0.0856,0.2613,-0.0062
1.0300,0.3098,-0.3313,-1.3588,1.8363,-0.0954,0.2605,0.0160,-0.3642,-0.3395,1.3524,1.8811,0.0846,0.2582,-0.0083
1.0599,0.3164,-0.3273,-1.3590,1.8457,-0.0934,0.2565,0.0197,-0.3713,-0.3382,1.3538,1.8919,0.0837,0.2535,-0.0103
1.0900,0.3195,-0.3365,-1.3559,1.8474,-0.0943,0.2670,0.0155,-0.3709,-0.3537,1.3501,1.8891,0.0852,0.2722,-0.0035
1.1200,0.3253,-0.3409,-1.3550,1.8550,-0.0941,0.2700,0.0145,-0.3774,-0.3506,1.3503,1.8972,0.0835,0.2694,-0.0067
1.1500,0.3300,-0.3433,-1.3543,1.8616,-0.0936,0.2732,0.0144,-0.3846,-0.3506,1.3519,1.9040,0.0830,0.2693,-0.0079
1.1800,0.3369,-0.3453,-1.3533,1.8666,-0.0928,0.2783,0.0147,-0.3873,-0.3608,1.3505,1.9038,0.0850,0.2803,-0.0025
1.2199,0.3468,-0.3416,-1.3544,1.8809,-0.0908,0.2723,0.0189,-0.3935,-0.3640,1.3501,1.9103,0.0842,0.2826,-0.0025
1.2500,0.3510,-0.3507,-1.3513,1.8831,-0.0924,0.2851,0.0138,-0.3989,-0.3639,1.3516,1.9180,0.0839,0.2798,-0.0035
1.2800,0.3569,-0.3540,-1.3513,1.8893,-0.0920,0.2901,0.0134,-0.4026,-0.3678,1.3503,1.9192,0.0838,0.2861,-0.0024
1.3100,0.3651,-0.3497,-1.3509,1.8959,-0.0896,0.2902,0.0178,-0.4063,-0.3655,1.3501,1.9251,0.0826,0.2831,-0.0046
1.3401,0.3720,-0.3473,-1.3515,1.9058,-0.0882,0.2861,0.0206,-0.4097,-0.3670,1.3520,1.9311,0.0831,0.2805,-0.0041
1.3700,0.3747,-0.3599,-1.3487,1.9066,-0.0909,0.2965,0.0132,-0.4109,-0.3705,1.3494,1.9278,0.0836,0.2904,-0.0019
1.4001,0.3820,-0.3557,-1.3481,1.9130,-0.0885,0.2960,0.0174,-0.4139,-0.3707,1.3505,1.9334,0.0835,0.2875,-0.0023
1.4301,0.3876,-0.3521,-1.3478,1.9230,-0.0868,0.2903,0.0208,-0.4163,-0.3716,1.3494,1.9324,0.0830,0.2914,-0.0026
1.4702,0.3893,-0.3663,-1.3444,1.9239,-0.0892,0.2985,0.0129,-0.4191,-0.3721,1.3492,1.9354,0.0838,0.2912,-0.0016
1.5000,0.3946,-0.3679,-1.3423,1.9277,-0.0891,0.2981,0.0123,-0.4213,-0.3718,1.3501,1.9434,0.0837,0.2850,-0.0021
1.5300,0.3984,-0.3655,-1.3420,1.9331,-0.0879,0.2957,0.0147,-0.4217,-0.3722,1.3494,1.9402,0.0829,0.2927,-0.0026
1.5602,0.4007,-0.3702,-1.3405,1.9358,-0.0892,0.2990,0.0114,-0.4216,-0.3718,1.3494,1.9435,0.0828,0.2893,-0.0029
1.5901,0.4032,-0.3698,-1.3393,1.9385,-0.0886,0.3001,0.0121,-0.4228,-0.3717,1.3496,1.9440,0.0827,0.2898,-0.0031
1.6201,0.4063,-0.3694,-1.3394,1.9417,-0.0887,0.3029,0.0122,-0.4227,-0.3722,1.3494,1.9441,0.0837,0.2922,-0.0018
1.6501,0.4080,-0.3705,-1.3395,1.9437,-0.0889,0.3035,0.0117,-0.4233,-0.3707,1.3485,1.9428,0.0829,0.2938,-0.0030
1.6901,0.4118,-0.3692,-1.3399,1.9503,-0.0881,0.3001,0.0133,-0.4218,-0.3719,1.3477,1.9431,0.0832,0.2917,-0.0020
1.7201,0.4124,-0.3711,-1.3395,1.9495,-0.0887,0.3046,0.0119,-0.4219,-0.3744,1.3491,1.9425,0.0843,0.2929,-0.0003
1.7501,0.4150,-0.3710,-1.3378,1.9501,-0.0887,0.3038,0.0118,-0.4215,-0.3734,1.3488,1.9458,0.0840,0.2890,-0.0009
1.7800,0.4157,-0.3703,-1.3393,1.9526,-0.0892,0.3022,0.0118,-0.4220,-0.3733,1.3487,1.9431,0.0832,0.2918,-0.0018
1.8100,0.4169,-0.3711,-1.3376,1.9536,-0.0890,0.3034,0.0114,-0.4220,-0.3730,1.3487,1.9443,0.0831,0.2905,-0.0020
1.8402,0.4177,-0.3714,-1.3380,1.9552,-0.0891,0.3026,0.0113,-0.4208,-0.3749,1.3492,1.9399,0.0840,0.2943,-0.0005
1.8703,0.4177,-0.3708,-1.3374,1.9557,-0.0888,0.3048,0.0117,-0.4186,-0.3742,1.3480,1.9346,0.0837,0.2974,-0.0006
1.9001,0.4182,-0.3711,-1.3373,1.9556,-0.0888,0.3028,0.0116,-0.4179,-0.3717,1.3492,1.9345,0.0838,0.2931,-0.0016
1.9400,0.4192,-0.3714,-1.3377,1.9571,-0.0889,0.3022,0.0116,-0.4139,-0.3725,1.3492,1.9287,0.0836,0.2894,-0.0015
1.9703,0.4188,-0.3707,-1.3374,1.9543,-0.0892,0.3035,0.0114,-0.4109,-0.3733,1.3484,1.9208,0.0840,0.2947,-0.0004
2.0000,0.4182,-0.3700,-1.3378,1.9533,-0.0889,0.3044,0.0119,-0.4066,-0.3723,1.3491,1.9205,0.0825,0.2862,-0.0026
2.0300,0.4179,-0.3696,-1.3373,1.9514,-0.0887,0.3059,0.0122,-0.4025,-0.3736,1.3485,1.9135,0.0832,0.2898,-0.0010
2.0600,0.4179,-0.3706,-1.3380,1.9516,-0.0889,0.3046,0.0118,-0.3983,-0.3720,1.3494,1.9093,0.0833,0.2850,-0.0016
2.0900,0.4169,-0.3704,-1.3381,1.9493,-0.0890,0.3051,0.0117,-0.3927,-0.3726,1.3492,1.9011,0.0833,0.2845,-0.0011
2.1199,0.4150,-0.3711,-1.3378,1.9448,-0.0894,0.3081,0.0109,-0.3876,-0.3743,1.3485,1.8930,0.0843,0.2883,0.0009
2.1500,0.4147,-0.3692,-1.3371,1.9427,-0.0897,0.3077,0.0110,-0.3804,-0.3751,1.3467,1.8806,0.0850,0.2943,0.0028
2.1900,0.4110,-0.3721,-1.3376,1.9354,-0.0912,0.3122,0.0082,-0.3734,-0.3719,1.3477,1.8743,0.0819,0.2850,-0.0019
2.2200,0.4088,-0.3694,-1.3380,1.9313,-0.0899,0.3094,0.0107,-0.3641,-0.3743,1.3464,1.8642,0.0834,0.2870,0.0013
2.2500,0.4070,-0.3690,-1.3383,1.9259,-0.0896,0.3098,0.0112,-0.3568,-0.3719,1.3450,1.8559,0.0814,0.2843,-0.0012
2.2800,0.4012,-0.3717,-1.3379,1.9135,-0.0909,0.3176,0.0083,-0.3491,-0.3710,1.3449,1.8445,0.0810,0.2850,-0.0016
2.3100,0.3964,-0.3697,-1.3388,1.9106,-0.0891,0.3095,0.0113,-0.3404,-0.3702,1.3422,1.8345,0.0812,0.2870,-0.0006
2.3401,0.3907,-0.3686,-1.3394,1.9009,-0.0892,0.3096,0.0114,-0.3306,-0.3698,1.3407,1.8258,0.0802,0.2848,-0.0012
2.3700,0.3839,-0.3704,-1.3394,1.8917,-0.0882,0.3108,0.0117,-0.3213,-0.3703,1.3382,1.8151,0.0796,0.2853,-0.0008
2.4100,0.3694,-0.3746,-1.3378,1.8745,-0.0908,0.3157,0.0061,-0.3093,-0.3688,1.3344,1.8017,0.0791,0.2845,-0.0002
2.4400,0.3576,-0.3776,-1.3364,1.8621,-0.0927,0.3181,0.0018,-0.3000,-0.3685,1.3325,1.7913,0.0786,0.2855,-0.0002
2.4703,0.3498,-0.3686,-1.3365,1.8569,-0.0880,0.3105,0.0101,-0.2898,-0.3690,1.3298,1.7788,0.0793,0.2889,0.0021
2.5000,0.3399,-0.3680,-1.3362,1.8467,-0.0874,0.3100,0.0105,-0.2830,-0.3675,1.3289,1.7716,0.0775,0.2852,-0.0001
2.5300,0.3280,-0.3673,-1.3351,1.8357,-0.0871,0.3102,0.0103,-0.2743,-0.3661,1.3273,1.7628,0.0787,0.2859,0.0018
2.5601,0.3158,-0.3668,-1.3339,1.8238,-0.0867,0.3101,0.0100,-0.2647,-0.3673,1.3249,1.7488,0.0797,0.2915,0.0044
2.5901,0.3035,-0.3694,-1.3320,1.8118,-0.0884,0.3114,0.0058,-0.2555,-0.3693,1.3229,1.7376,0.0809,0.2948,0.0076
2.6201,0.2934,-0.3661,-1.3313,1.8015,-0.0878,0.3094,0.0070,-0.2506,-0.3635,1.3247,1.7331,0.0822,0.2873,0.0070
2.6601,0.2757,-0.3706,-1.3288,1.7851,-0.0906,0.3106,0.0006,-0.2395,-0.3671,1.3225,1.7166,0.0841,0.2946,0.0116
2.6901,0.2670,-0.3625,-1.3293,1.7748,-0.0915,0.3070,0.0018,-0.2334,-0.3626,1.3228,1.7132,0.0864,0.2805,0.0131
2.7201,0.2556,-0.3615,-1.3287,1.7643,-0.0930,0.3045,-0.0004,-0.2262,-0.3626,1.3210,1.7042,0.0875,0.2768,0.0151
2.7500,0.2441,-0.3654,-1.3270,1.7507,-0.0950,0.3084,-0.0053,-0.2189,-0.3620,1.3218,1.6941,0.0887,0.2739,0.0164
2.7800,0.2339,-0.3653,-1.3240,1.7384,-0.0955,0.3114,-0.0072,-0.2123,-0.3616,1.3206,1.6848,0.0903,0.2691,0.0188
2.8100,0.2272,-0.3591,-1.3260,1.7327,-0.0967,0.3013,-0.0063,-0.2062,-0.3602,1.3197,1.6760,0.0911,0.2684,0.0199
2.8400,0.2194,-0.3580,-1.3246,1.7228,-0.0978,0.3024,-0.0081,-0.1996,-0.3595,1.3198,1.6657,0.0922,0.2705,0.0213
2.8702,0.2107,-0.3612,-1.3229,1.7105,-0.0993,0.3076,-0.0119,-0.1918,-0.3631,1.3180,1.6537,0.0938,0.2763,0.0251
2.9100,0.2019,-0.3574,-1.3242,1.6990,-0.0981,0.3054,-0.0091,-0.1853,-0.3574,1.3209,1.6443,0.0922,0.2747,0.0210
2.9400,0.1949,-0.3556,-1.3232,1.6890,-0.0982,0.3051,-0.0093,-0.1781,-0.3595,1.3184,1.6276,0.0932,0.2853,0.0239
2.9703,0.1870,-0.3580,-1.3214,1.6777,-0.0993,0.3096,-0.0125,-0.1746,-0.3571,1.3203,1.6267,0.0941,0.2728,0.0237
3.0002,0.1811,-0.3548,-1.3224,1.6707,-0.1001,0.3060,-0.0124,-0.1664,-0.3591,1.3176,1.6111,0.0951,0.2814,0.0267
3.0300,0.1726,-0.3586,-1.3204,1.6547,-0.1017,0.3150,-0.0167,-0.1629,-0.3557,1.3202,1.6086,0.0959,0.2696,0.0259
3.0599,0.1678,-0.3520,-1.3222,1.6502,-0.1017,0.3078,-0.0140,-0.1570,-0.3553,1.3196,1.6002,0.0971,0.2680,0.0277
3.0900,0.1610,-0.3517,-1.3230,1.6407,-0.1029,0.3051,-0.0154,-0.1494,-0.3583,1.3173,1.5866,0.0984,0.2753,0.0312
3.1300,0.1526,-0.3507,-1.3230,1.6286,-0.1037,0.3054,-0.0165,-0.1445,-0.3536,1.3193,1.5790,0.0990,0.2671,0.0300
3.1599,0.1453,-0.3532,-1.3211,1.6166,-0.1048,0.3114,-0.0198,-0.1371,-0.3578,1.3175,1.5692,0.1007,0.2712,0.0342
3.1899,0.1392,-0.3475,-1.3226,1.6103,-0.1060,0.3055,-0.0191,-0.1304,-0.3600,1.3153,1.5572,0.1016,0.2776,0.0370
3.2200,0.1302,-0.3538,-1.3211,1.5972,-0.1084,0.3118,-0.0253,-0.1280,-0.3518,1.3205,1.5548,0.1015,0.2684,0.0328
3.2500,0.1226,-0.3557,-1.3189,1.5863,-0.1092,0.3163,-0.0281,-0.1224,-0.3527,1.3183,1.5428,0.1020,0.2756,0.0346
3.2800,0.1187,-0.3450,-1.3240,1.5846,-0.1081,0.3057,-0.0214,-0.1184,-0.3496,1.3204,1.5396,0.1035,0.2680,0.0350
3.3100,0.1111,-0.3467,-1.3218,1.5726,-0.1089,0.3111,-0.0241,-0.1133,-0.3503,1.3197,1.5319,0.1035,0.2677,0.0356
3.3401,0.1059,-0.3442,-1.3249,1.5679,-0.1088,0.3067,-0.0222,-0.1096,-0.3504,1.3182,1.5256,0.1037,0.2707,0.0365
3.3800,0.0973,-0.3432,-1.3245,1.5579,-0.1091,0.3066,-0.0229,-0.1039,-0.3497,1.3181,1.5183,0.1032,0.2688,0.0360
3.4100,0.0925,-0.3408,-1.3246,1.5511,-0.1097,0.3080,-0.0232,-0.0998,-0.3489,1.3179,1.5146,0.1027,0.2677,0.0354
3.4400,0.0867,-0.3405,-1.3242,1.5442,-0.1100,0.3070,-0.0238,-0.0957,-0.3492,1.3178,1.5097,0.1026,0.2678,0.0355
3.4703,0.0803,-0.3426,-1.3222,1.5341,-0.1108,0.3117,-0.0266,-0.0928,-0.3489,1.3167,1.5047,0.1026,0.2701,0.0359
3.5000,0.0776,-0.3395,-1.3249,1.5314,-0.1110,0.3068,-0.0248,-0.0893,-0.3502,1.3156,1.4999,0.1032,0.2720,0.0375
3.5300,0.0729,-0.3407,-1.3234,1.5230,-0.1115,0.3112,-0.0267,-0.0854,-0.3509,1.3144,1.4953,0.1035,0.2733,0.0388
3.5600,0.0701,-0.3398,-1.3245,1.5205,-0.1105,0.3074,-0.0249,-0.0849,-0.3485,1.3166,1.4947,0.1035,0.2656,0.0372
3.5900,0.0668,-0.3389,-1.3247,1.5146,-0.1098,0.3084,-0.0236,-0.0830,-0.3485,1.3161,1.4940,0.1036,0.2646,0.0376
3.6300,0.0618,-0.3392,-1.3252,1.5084,-0.1093,0.3082,-0.0232,-0.0809,-0.3469,1.3167,1.4902,0.1037,0.2688,0.0372
3.6599,0.0593,-0.3386,-1.3257,1.5044,-0.1098,0.3079,-0.0235,-0.0808,-0.3482,1.3165,1.4895,0.1034,0.2684,0.0373
3.6900,0.0570,-0.3379,-1.3260,1.5013,-0.1100,0.3087,-0.0236,-0.0811,-0.3479,1.3161,1.4894,0.1041,0.2660,0.0381
3.7201,0.0538,-0.3397,-1.3252,1.4975,-0.1106,0.3099,-0.0256,-0.0813,-0.3464,1.3170,1.4890,0.1062,0.2677,0.0401
3.7501,0.0525,-0.3418,-1.3249,1.4946,-0.1113,0.3122,-0.0273,-0.0809,-0.3476,1.3168,1.4876,0.1065,0.2690,0.0410
3.7800,0.0505,-0.3421,-1.3243,1.4919,-0.1114,0.3131,-0.0279,-0.0809,-0.3483,1.3166,1.4852,0.1067,0.2715,0.0415
3.8100,0.0519,-0.3359,-1.3275,1.4932,-0.1147,0.3073,-0.0287,-0.0824,-0.3457,1.3179,1.4884,0.1121,0.2620,0.0470
3.8500,0.0502,-0.3349,-1.3284,1.4907,-0.1174,0.3071,-0.0317,-0.0834,-0.3462,1.3189,1.4892,0.1158,0.2577,0.0514
3.8800,0.0502,-0.3343,-1.3282,1.4890,-0.1172,0.3087,-0.0314,-0.0824,-0.3467,1.3183,1.4849,0.1160,0.2613,0.0520
3.9100,0.0496,-0.3321,-1.3299,1.4889,-0.1232,0.3049,-0.0380,-0.0835,-0.3468,1.3200,1.4891,0.1231,0.2536,0.0604
3.9401,0.0496,-0.3318,-1.3316,1.4887,-0.1272,0.3018,-0.0423,-0.0846,-0.3475,1.3220,1.4886,0.1284,0.2515,0.0667
3.9713,0.0474,-0.3333,-1.3311,1.4864,-0.1277,0.3024,-0.0438,-0.0841,-0.3511,1.3219,1.4876,0.1296,0.2530,0.0692
4.0000,0.0505,-0.3292,-1.3335,1.4883,-0.1365,0.2975,-0.0528,-0.0859,-0.3487,1.3259,1.4888,0.1393,0.2474,0.0796
4.0301,0.0498,-0.3268,-1.3359,1.4882,-0.1422,0.2958,-0.0588,-0.0851,-0.3534,1.3253,1.4838,0.1408,0.2528,0.0829
4.0601,0.0497,-0.3262,-1.3378,1.4871,-0.1478,0.2914,-0.0652,-0.0876,-0.3528,1.3284,1.4889,0.1512,0.2384,0.0946
4.1000,0.0524,-0.3253,-1.3405,1.4869,-0.1560,0.2875,-0.0744,-0.0882,-0.3562,1.3305,1.4877,0.1590,0.2351,0.1046
4.1300,0.0524,-0.3247,-1.3418,1.4872,-0.1628,0.2839,-0.0824,-0.0867,-0.3672,1.3298,1.4822,0.1625,0.2417,0.1122
4.1601,0.0507,-0.3234,-1.3439,1.4862,-0.1679,0.2826,-0.0882,-0.0907,-0.3634,1.3354,1.4853,0.1688,0.2346,0.1171
4.1900,0.0509,-0.3249,-1.3448,1.4845,-0.1741,0.2784,-0.0962,-0.0933,-0.3677,1.3383,1.4852,0.1727,0.2358,0.1221
4.2199,0.0508,-0.3251,-1.3454,1.4840,-0.1788,0.2733,-0.1019,-0.0916,-0.3799,1.3380,1.4826,0.1766,0.2393,0.1306
4.2500,0.0504,-0.3272,-1.3462,1.4832,-0.1842,0.2675,-0.1091,-0.0917,-0.3906,1.3378,1.4793,0.1800,0.2450,0.1378
4.2800,0.0489,-0.3307,-1.3446,1.4742,-0.1852,0.2759,-0.1121,-0.0971,-0.3823,1.3462,1.4831,0.1854,0.2365,0.1395
4.3100,0.0494,-0.3331,-1.3476,1.4811,-0.1936,0.2571,-0.1221,-0.0954,-0.3952,1.3449,1.4752,0.1895,0.2455,0.1486
4.3501,0.0495,-0.3386,-1.3487,1.4789,-0.1994,0.2505,-0.1304,-0.0990,-0.3974,1.3540,1.4803,0.1964,0.2320,0.1546
4.3800,0.0469,-0.3444,-1.3458,1.4644,-0.2009,0.2640,-0.1354,-0.1008,-0.4032,1.3557,1.4797,0.2010,0.2301,0.1613
4.4100,0.0479,-0.3490,-1.3491,1.4750,-0.2098,0.2357,-0.1460,-0.0988,-0.4162,1.3539,1.4713,0.2052,0.2393,0.1705
4.4402,0.0476,-0.3564,-1.3504,1.4710,-0.2147,0.2280,-0.1534,-0.1022,-0.4151,1.3612,1.4766,0.2087,0.2270,0.1721
4.4705,0.0483,-0.3664,-1.3519,1.4672,-0.2201,0.2193,-0.1617,-0.1045,-0.4214,1.3633,1.4762,0.2119,0.2258,0.1769
4.5000,0.0490,-0.3742,-1.3532,1.4628,-0.2252,0.2128,-0.1694,-0.1034,-0.4316,1.3622,1.4712,0.2151,0.2318,0.1840
4.5300,0.0516,-0.3838,-1.3538,1.4578,-0.2290,0.2053,-0.1756,-0.1072,-0.4344,1.3675,1.4753,0.2183,0.2228,0.1867
4.5700,0.0538,-0.4001,-1.3506,1.4533,-0.2328,0.1913,-0.1841,-0.1092,-0.4411,1.3714,1.4756,0.2222,0.2218,0.1921
4.6000,0.0566,-0.4099,-1.3508,1.4467,-0.2359,0.1870,-0.1895,-0.1102,-0.4469,1.3764,1.4741,0.2261,0.2208,0.1969
4.6302,0.0615,-0.4178,-1.3531,1.4416,-0.2386,0.1865,-0.1936,-0.1117,-0.4577,1.3762,1.4716,0.2295,0.2264,0.2040
4.6601,0.0652,-0.4248,-1.3563,1.4383,-0.2414,0.1859,-0.1974,-0.1158,-0.4547,1.3857,1.4749,0.2334,0.2224,0.2052
4.6901,0.0715,-0.4313,-1.3587,1.4345,-0.2448,0.1874,-0.2021,-0.1184,-0.4586,1.3918,1.4751,0.2375,0.2240,0.2096
4.7200,0.0744,-0.4446,-1.3552,1.4213,-0.2489,0.2061,-0.2110,-0.1223,-0.4593,1.3983,1.4750,0.2426,0.2272,0.2144
4.7500,0.0848,-0.4417,-1.3661,1.4282,-0.2533,0.1902,-0.2119,-0.1263,-0.4617,1.4053,1.4757,0.2462,0.2294,0.2176
4.7800,0.0908,-0.4457,-1.3722,1.4244,-0.2569,0.1948,-0.2156,-0.1284,-0.4768,1.4068,1.4787,0.2511,0.2302,0.2273
4.8200,0.1015,-0.4509,-1.3784,1.4213,-0.2603,0.1999,-0.2191,-0.1351,-0.4674,1.4234,1.4768,0.2533,0.2374,0.2231
4.8500,0.1071,-0.4545,-1.3832,1.4204,-0.2631,0.2039,-0.2221,-0.1387,-0.4700,1.4307,1.4762,0.2556,0.2399,0.2246
4.8800,0.1127,-0.4575,-1.3872,1.4199,-0.2650,0.2070,-0.2240,-0.1412,-0.4858,1.4323,1.4781,0.2607,0.2418,0.2350
4.9100,0.1204,-0.4606,-1.3923,1.4204,-0.2662,0.2115,-0.2247,-0.1485,-0.4766,1.4455,1.4782,0.2585,0.2457,0.2258
4.9404,0.1257,-0.4684,-1.3925,1.4183,-0.2685,0.2197,-0.2297,-0.1547,-0.4793,1.4529,1.4790,0.2599,0.2482,0.2262
4.9700,0.1323,-0.4654,-1.4016,1.4216,-0.2686,0.2185,-0.2262,-0.1590,-0.4947,1.4547,1.4794,0.2648,0.2528,0.2364
5.0000,0.1378,-0.4776,-1.4026,1.4230,-0.2724,0.2236,-0.2338,-0.1661,-0.4823,1.4690,1.4809,0.2652,0.2547,0.2289
5.0300,0.1448,-0.4688,-1.4150,1.4233,-0.2715,0.2274,-0.2268,-0.1718,-0.5005,1.4713,1.4803,0.2709,0.2616,0.2412
5.0702,0.1499,-0.4900,-1.4163,1.4263,-0.2782,0.2314,-0.2406,-0.1834,-0.4840,1.4926,1.4854,0.2707,0.2633,0.2292
5.1000,0.1581,-0.4698,-1.4352,1.4268,-0.2770,0.2373,-0.2281,-0.1914,-0.4850,1.5011,1.4886,0.2738,0.2677,0.2311
5.1300,0.1635,-0.4716,-1.4435,1.4297,-0.2786,0.2422,-0.2283,-0.1994,-0.4975,1.5053,1.4939,0.2779,0.2699,0.2392
5.1600,0.1685,-0.4729,-1.4536,1.4323,-0.2798,0.2492,-0.2274,-0.2093,-0.5082,1.5108,1.5023,0.2817,0.2704,0.2457
5.1900,0.1749,-0.4739,-1.4634,1.4364,-0.2804,0.2543,-0.2257,-0.2179,-0.4842,1.5284,1.5008,0.2766,0.2836,0.2270
5.2200,0.1801,-0.4928,-1.4673,1.4458,-0.2865,0.2505,-0.2378,-0.2275,-0.4856,1.5362,1.5058,0.2771,0.2901,0.2260
5.2500,0.1858,-0.4786,-1.4827,1.4447,-0.2816,0.2664,-0.2235,-0.2379,-0.4853,1.5451,1.5118,0.2778,0.2954,0.2243
5.2900,0.1950,-0.4790,-1.4960,1.4532,-0.2828,0.2754,-0.2214,-0.2514,-0.4860,1.5552,1.5193,0.2783,0.3028,0.2225
5.3199,0.2014,-0.4812,-1.5058,1.4586,-0.2832,0.2814,-0.2197,-0.2621,-0.4937,1.5610,1.5277,0.2812,0.3036,0.2273
5.3501,0.2084,-0.4837,-1.5155,1.4657,-0.2836,0.2872,-0.2182,-0.2732,-0.4854,1.5698,1.5341,0.2800,0.3113,0.2205
5.3800,0.2160,-0.4846,-1.5247,1.4736,-0.2848,0.2928,-0.2174,-0.2831,-0.4862,1.5759,1.5410,0.2809,0.3158,0.2204
5.4100,0.2244,-0.4854,-1.5335,1.4811,-0.2847,0.2988,-0.2151,-0.2944,-0.4843,1.5821,1.5497,0.2812,0.3220,0.2188
5.4400,0.2345,-0.4941,-1.5410,1.4976,-0.2883,0.2909,-0.2198,-0.3072,-0.4863,1.5881,1.5605,0.2826,0.3225,0.2195
5.4703,0.2423,-0.4880,-1.5492,1.4989,-0.2859,0.3096,-0.2133,-0.3196,-0.4872,1.5948,1.5748,0.2839,0.3190,0.2193
5.5000,0.2509,-0.4885,-1.5573,1.5075,-0.2866,0.3167,-0.2122,-0.3282,-0.4803,1.6000,1.5732,0.2828,0.3423,0.2158
5.5402,0.2666,-0.4946,-1.5675,1.5295,-0.2899,0.3081,-0.2148,-0.3436,-0.4765,1.6070,1.5837,0.2835,0.3535,0.2140
5.5700,0.2741,-0.4871,-1.5751,1.5282,-0.2874,0.3345,-0.2086,-0.3534,-0.4754,1.6127,1.5922,0.2833,0.3625,0.2125
5.6000,0.2854,-0.4857,-1.5822,1.5384,-0.2880,0.3434,-0.2072,-0.3639,-0.4720,1.6164,1.5997,0.2834,0.3724,0.2110
5.6301,0.2998,-0.4875,-1.5905,1.5568,-0.2899,0.3374,-0.2072,-0.3740,-0.4690,1.6217,1.6087,0.2838,0.3829,0.2097
5.6599,0.3076,-0.4834,-1.5949,1.5577,-0.2882,0.3618,-0.2041,-0.3857,-0.4685,1.6291,1.6284,0.2852,0.3735,0.2081
5.6900,0.3217,-0.4847,-1.6035,1.5777,-0.2902,0.3540,-0.2037,-0.3915,-0.4646,1.6286,1.6247,0.2844,0.4010,0.2084
5.7199,0.3322,-0.4784,-1.6077,1.5761,-0.2891,0.3815,-0.2010,-0.4003,-0.4633,1.6326,1.6311,0.2843,0.4087,0.2073
5.7500,0.3426,-0.4765,-1.6124,1.5853,-0.2895,0.3914,-0.2002,-0.4089,-0.4623,1.6348,1.6380,0.2839,0.4158,0.2065
5.7900,0.3627,-0.4746,-1.6225,1.6104,-0.2909,0.3841,-0.1973,-0.4199,-0.4619,1.6398,1.6462,0.2827,0.4269,0.2044
5.8199,0.3704,-0.4729,-1.6235,1.6077,-0.2891,0.4115,-0.1967,-0.4271,-0.4616,1.6412,1.6527,0.2820,0.4343,0.2039
5.8501,0.3840,-0.4700,-1.6298,1.6248,-0.2897,0.4068,-0.1936,-0.4362,-0.4612,1.6469,1.6684,0.2833,0.4267,0.2027
5.8802,0.3966,-0.4641,-1.6346,1.6416,-0.2892,0.4019,-0.1884,-0.4388,-0.4639,1.6462,1.6638,0.2771,0.4504,0.1987
5.9101,0.4027,-0.4735,-1.6307,1.6333,-0.2843,0.4347,-0.1912,-0.4457,-0.4652,1.6473,1.6693,0.2743,0.4573,0.1962
5.9403,0.4144,-0.4681,-1.6338,1.6445,-0.2835,0.4347,-0.1866,-0.4523,-0.4665,1.6482,1.6744,0.2722,0.4647,0.1949
5.9702,0.4229,-0.4765,-1.6341,1.6488,-0.2795,0.4487,-0.1870,-0.4563,-0.4687,1.6496,1.6800,0.2690,0.4694,0.1918
6.0101,0.4348,-0.4774,-1.6358,1.6574,-0.2759,0.4588,-0.1835,-0.4628,-0.4691,1.6497,1.6855,0.2675,0.4761,0.1909
6.0404,0.4437,-0.4726,-1.6389,1.6710,-0.2756,0.4537,-0.1790,-0.4657,-0.4689,1.6507,1.6896,0.2663,0.4823,0.1897
6.0700,0.4493,-0.4781,-1.6396,1.6698,-0.2740,0.4711,-0.1817,-0.4721,-0.4660,1.6542,1.7044,0.2668,0.4735,0.1866
6.1001,0.4588,-0.4738,-1.6426,1.6816,-0.2737,0.4684,-0.1777,-0.4781,-0.4640,1.6572,1.7155,0.2672,0.4679,0.1845
6.1301,0.4634,-0.4773,-1.6428,1.6809,-0.2724,0.4835,-0.1797,-0.4743,-0.4635,1.6527,1.6992,0.2645,0.5043,0.1864
6.1601,0.4682,-0.4770,-1.6458,1.6854,-0.2716,0.4899,-0.1783,-0.4780,-0.4620,1.6527,1.7023,0.2638,0.5106,0.1856
6.1901,0.4746,-0.4768,-1.6455,1.6899,-0.2704,0.4959,-0.1776,-0.4836,-0.4618,1.6560,1.7113,0.2646,0.5065,0.1849
6.2201,0.4827,-0.4759,-1.6503,1.7033,-0.2714,0.4897,-0.1762,-0.4834,-0.4597,1.6537,1.7063,0.2627,0.5224,0.1840
6.2601,0.4852,-0.4752,-1.6491,1.6984,-0.2686,0.5113,-0.1752,-0.4903,-0.4583,1.6577,1.7200,0.2636,0.5149,0.1821
6.2901,0.4914,-0.4736,-1.6528,1.7115,-0.2694,0.5039,-0.1732,-0.4896,-0.4602,1.6539,1.7116,0.2563,0.5389,0.1778
6.3200,0.4927,-0.4747,-1.6507,1.7061,-0.2652,0.5241,-0.1714,-0.4957,-0.4567,1.6553,1.7209,0.2560,0.5358,0.1745
6.3500,0.4962,-0.4755,-1.6515,1.7082,-0.2626,0.5316,-0.1692,-0.4961,-0.4614,1.6522,1.7173,0.2504,0.5519,0.1730
6.3800,0.4998,-0.4756,-1.6493,1.7115,-0.2591,0.5401,-0.1665,-0.5026,-0.4540,1.6518,1.7293,0.2489,0.5470,0.1662
6.4100,0.5028,-0.4764,-1.6479,1.7149,-0.2560,0.5469,-0.1644,-0.5049,-0.4635,1.6494,1.7236,0.2421,0.5692,0.1665
6.4400,0.5065,-0.4764,-1.6479,1.7177,-0.2517,0.5569,-0.1598,-0.5081,-0.4651,1.6479,1.7268,0.2373,0.5790,0.1628
6.4701,0.5136,-0.4708,-1.6494,1.7327,-0.2511,0.5491,-0.1542,-0.5144,-0.4640,1.6456,1.7311,0.2328,0.5887,0.1585
6.5102,0.5153,-0.4798,-1.6464,1.7253,-0.2413,0.5770,-0.1511,-0.5192,-0.4640,1.6457,1.7364,0.2296,0.6023,0.1560
6.5401,0.5224,-0.4752,-1.6483,1.7404,-0.2411,0.5690,-0.1463,-0.5247,-0.4635,1.6451,1.7407,0.2268,0.6122,0.1534
6.5702,0.5217,-0.4797,-1.6454,1.7315,-0.2359,0.5959,-0.1466,-0.5355,-0.4590,1.6484,1.7596,0.2269,0.6037,0.1484
6.6000,0.5314,-0.4757,-1.6489,1.7500,-0.2362,0.5867,-0.1420,-0.5356,-0.4622,1.6437,1.7515,0.2220,0.6321,0.1495
6.6301,0.5303,-0.4790,-1.6439,1.7385,-0.2307,0.6169,-0.1426,-0.5414,-0.4619,1.6437,1.7569,0.2196,0.6418,0.1475
6.6601,0.5352,-0.4777,-1.6438,1.7432,-0.2286,0.6263,-0.1403,-0.5477,-0.4613,1.6432,1.7629,0.2174,0.6534,0.1459
6.6901,0.5454,-0.4734,-1.6469,1.7611,-0.2287,0.6182,-0.1354,-0.5597,-0.4545,1.6446,1.7811,0.2164,0.6472,0.1389
6.7300,0.5462,-0.4778,-1.6425,1.7531,-0.2208,0.6522,-0.1339,-0.5652,-0.4630,1.6394,1.7758,0.2068,0.6802,0.1385
6.7601,0.5506,-0.4783,-1.6404,1.7585,-0.2165,0.6632,-0.1310,-0.5721,-0.4641,1.6381,1.7813,0.2023,0.6915,0.1355
6.7900,0.5553,-0.4791,-1.6402,1.7620,-0.2115,0.6769,-0.1267,-0.5786,-0.4664,1.6357,1.7870,0.1964,0.7020,0.1318
6.8199,0.5681,-0.4719,-1.6424,1.7876,-0.2110,0.6640,-0.1184,-0.5870,-0.4688,1.6329,1.7937,0.1893,0.7142,0.1270
6.8500,0.5673,-0.4838,-1.6359,1.7746,-0.1993,0.7002,-0.1185,-0.5942,-0.4714,1.6289,1.7995,0.1818,0.7253,0.1223
6.8800,0.5732,-0.4857,-1.6352,1.7812,-0.1936,0.7125,-0.1141,-0.6015,-0.4745,1.6268,1.8071,0.1748,0.7362,0.1176
6.9100,0.5801,-0.4888,-1.6314,1.7872,-0.1862,0.7220,-0.1096,-0.6087,-0.4776,1.6228,1.8137,0.1672,0.7464,0.1130
6.9400,0.5869,-0.4914,-1.6291,1.7940,-0.1800,0.7330,-0.1057,-0.6158,-0.4807,1.6198,1.8213,0.1611,0.7544,0.1097
6.9800,0.5942,-0.4952,-1.6258,1.8022,-0.1706,0.7469,-0.0993,-0.6253,-0.4847,1.6167,1.8309,0.1533,0.7618,0.1048
7.0100,0.6021,-0.4984,-1.6227,1.8096,-0.1639,0.7548,-0.0954,-0.6322,-0.4872,1.6126,1.8389,0.1471,0.7670,0.1013
7.0401,0.6076,-0.5017,-1.6195,1.8177,-0.1574,0.7611,-0.0916,-0.6380,-0.4889,1.6089,1.8448,0.1409,0.7723,0.0967
7.0702,0.6147,-0.5052,-1.6188,1.8237,-0.1523,0.7670,-0.0885,-0.6445,-0.4909,1.6054,1.8526,0.1353,0.7763,0.0932
7.1000,0.6241,-0.4947,-1.6132,1.8363,-0.1481,0.7642,-0.0773,-0.6492,-0.4924,1.6033,1.8603,0.1307,0.7804,0.0897
7.1300,0.6264,-0.5100,-1.6129,1.8381,-0.1411,0.7753,-0.0812,-0.6542,-0.4949,1.6002,1.8677,0.1244,0.7849,0.0854
7.1599,0.6323,-0.5107,-1.6106,1.8456,-0.1362,0.7805,-0.0771,-0.6593,-0.4973,1.5956,1.8743,0.1176,0.7860,0.0807
7.1900,0.6390,-0.5141,-1.6077,1.8531,-0.1304,0.7826,-0.0739,-0.6679,-0.4902,1.5923,1.8900,0.1147,0.7786,0.0723
7.2300,0.6453,-0.5171,-1.6054,1.8623,-0.1223,0.7890,-0.0673,-0.6691,-0.4996,1.5876,1.8911,0.1037,0.7932,0.0686
7.2599,0.6496,-0.5190,-1.6010,1.8694,-0.1162,0.7952,-0.0635,-0.6729,-0.4995,1.5830,1.8983,0.0981,0.7955,0.0637
7.2900,0.6544,-0.5208,-1.5971,1.8770,-0.1098,0.7973,-0.0586,-0.6807,-0.4934,1.5800,1.9160,0.0955,0.7852,0.0561
7.3201,0.6639,-0.5131,-1.5935,1.8942,-0.1066,0.7892,-0.0494,-0.6779,-0.5004,1.5747,1.9118,0.0868,0.8038,0.0541
7.3501,0.6629,-0.5235,-1.5897,1.8925,-0.0972,0.8037,-0.0483,-0.6814,-0.4999,1.5696,1.9176,0.0817,0.8041,0.0495
7.3800,0.6666,-0.5260,-1.5882,1.9003,-0.0918,0.8061,-0.0442,-0.6831,-0.5010,1.5650,1.9237,0.0756,0.8053,0.0448
7.4100,0.6735,-0.5205,-1.5854,1.9121,-0.0893,0.8008,-0.0376,-0.6855,-0.5007,1.5592,1.9295,0.0702,0.8065,0.0403
7.4501,0.6738,-0.5232,-1.5804,1.9156,-0.0815,0.8100,-0.0325,-0.6876,-0.4986,1.5535,1.9369,0.0639,0.8067,0.0332
7.4800,0.6800,-0.5197,-1.5793,1.9269,-0.0799,0.8044,-0.0279,-0.6909,-0.4938,1.5492,1.9447,0.0611,0.8019,0.0276
7.5102,0.6788,-0.5170,-1.5738,1.9280,-0.0746,0.8144,-0.0220,-0.6900,-0.4929,1.5452,1.9459,0.0565,0.8032,0.0228
7.5401,0.6819,-0.5143,-1.5711,1.9346,-0.0707,0.8151,-0.0161,-0.6933,-0.4860,1.5383,1.9542,0.0524,0.7979,0.0150
7.5700,0.6845,-0.5120,-1.5657,1.9386,-0.0658,0.8172,-0.0105,-0.6980,-0.4808,1.5338,1.9653,0.0493,0.7909,0.0087
7.6003,0.6857,-0.5090,-1.5630,1.9448,-0.0609,0.8193,-0.0031,-0.6923,-0.4859,1.5275,1.9575,0.0416,0.8054,0.0064
7.6299,0.6909,-0.5044,-1.5596,1.9554,-0.0583,0.8134,0.0027,-0.6956,-0.4811,1.5231,1.9668,0.0387,0.7990,0.0008
7.6599,0.6956,-0.4988,-1.5548,1.9665,-0.0550,0.8068,0.0094,-0.6924,-0.4795,1.5157,1.9642,0.0329,0.8071,-0.0042
7.7000,0.6912,-0.5014,-1.5501,1.9621,-0.0468,0.8222,0.0149,-0.6942,-0.4758,1.5089,1.9685,0.0279,0.8101,-0.0103
7.7302,0.6924,-0.4982,-1.5462,1.9665,-0.0434,0.8238,0.0200,-0.6964,-0.4710,1.5037,1.9761,0.0248,0.8044,-0.0159
7.7600,0.6931,-0.4950,-1.5427,1.9706,-0.0403,0.8229,0.0250,-0.6941,-0.4711,1.4983,1.9749,0.0200,0.8120,-0.0191
7.7899,0.6954,-0.4909,-1.5383,1.9779,-0.0377,0.8176,0.0299,-0.6962,-0.4656,1.4920,1.9778,0.0163,0.8106,-0.0253
7.8200,0.6976,-0.4867,-1.5339,1.9831,-0.0350,0.8145,0.0347,-0.6949,-0.4677,1.4871,1.9786,0.0107,0.8130,-0.0283
7.8500,0.7022,-0.4814,-1.5286,1.9928,-0.0314,0.8087,0.0413,-0.6948,-0.4668,1.4819,1.9822,0.0068,0.8143,-0.0314
7.8800,0.7059,-0.4762,-1.5232,1.9987,-0.0280,0.8061,0.0474,-0.6971,-0.4611,1.4751,1.9878,0.0028,0.8102,-0.0380
7.9102,0.6958,-0.4814,-1.5155,1.9880,-0.0203,0.8254,0.0488,-0.6935,-0.4659,1.4714,1.9860,-0.0048,0.8163,-0.0415
7.9500,0.6971,-0.4792,-1.5077,1.9917,-0.0130,0.8258,0.0561,-0.6979,-0.4587,1.4631,1.9966,-0.0100,0.8089,-0.0501
7.9800,0.7012,-0.4734,-1.5013,2.0024,-0.0089,0.8185,0.0633,-0.6950,-0.4666,1.4585,1.9940,-0.0175,0.8183,-0.0508
8.0100,0.7037,-0.4669,-1.4934,2.0080,-0.0042,0.8147,0.0708,-0.6941,-0.4672,1.4540,1.9964,-0.0231,0.8188,-0.0550
8.0402,0.6974,-0.4738,-1.4883,2.0010,0.0014,0.8280,0.0696,-0.6936,-0.4668,1.4489,1.9994,-0.0272,0.8209,-0.0580
8.0707,0.7013,-0.4691,-1.4831,2.0112,0.0048,0.8208,0.0753,-0.6984,-0.4621,1.4437,2.0084,-0.0309,0.8156,-0.0641
8.1000,0.6977,-0.4701,-1.4754,2.0080,0.0101,0.8307,0.0774,-0.6942,-0.4686,1.4406,2.0059,-0.0367,0.8291,-0.0645
8.1300,0.6978,-0.4686,-1.4696,2.0103,0.0139,0.8302,0.0805,-0.6996,-0.4650,1.4367,2.0149,-0.0397,0.8242,-0.0696
8.1707,0.7044,-0.4629,-1.4634,2.0234,0.0184,0.8223,0.0881,-0.6962,-0.4697,1.4319,2.0132,-0.0463,0.8366,-0.0716
8.2000,0.6971,-0.4668,-1.4565,2.0175,0.0241,0.8380,0.0886,-0.7030,-0.4675,1.4300,2.0231,-0.0485,0.8323,-0.0757
8.2300,0.6975,-0.4674,-1.4512,2.0200,0.0300,0.8423,0.0929,-0.6999,-0.4730,1.4267,2.0194,-0.0541,0.8462,-0.0767
8.2601,0.6978,-0.4679,-1.4457,2.0240,0.0345,0.8460,0.0954,-0.7069,-0.4694,1.4228,2.0281,-0.0574,0.8428,-0.0823
8.2899,0.6973,-0.4690,-1.4422,2.0275,0.0389,0.8505,0.0983,-0.7043,-0.4777,1.4210,2.0251,-0.0645,0.8565,-0.0838
8.3200,0.6970,-0.4686,-1.4387,2.0299,0.0422,0.8544,0.1010,-0.7138,-0.4748,1.4183,2.0372,-0.0677,0.8520,-0.0894
8.3500,0.7047,-0.4637,-1.4331,2.0406,0.0466,0.8496,0.1081,-0.7116,-0.4809,1.4160,2.0322,-0.0729,0.8690,-0.0902
8.3800,0.6978,-0.4704,-1.4324,2.0361,0.0495,0.8667,0.1058,-0.7230,-0.4796,1.4157,2.0464,-0.0750,0.8642,-0.0946
8.4199,0.7001,-0.4709,-1.4272,2.0414,0.0534,0.8764,0.1082,-0.7224,-0.4848,1.4113,2.0410,-0.0795,0.8882,-0.0951
8.4500,0.7078,-0.4698,-1.4266,2.0530,0.0552,0.8713,0.1114,-0.7338,-0.4843,1.4121,2.0519,-0.0810,0.8870,-0.0989
8.4800,0.7032,-0.4719,-1.4219,2.0474,0.0581,0.8910,0.1114,-0.7337,-0.4849,1.4082,2.0471,-0.0810,0.9050,-0.0977
8.5100,0.7066,-0.4728,-1.4202,2.0517,0.0591,0.8986,0.1116,-0.7468,-0.4858,1.4113,2.0601,-0.0815,0.9033,-0.1004
8.5401,0.7171,-0.4734,-1.4225,2.0646,0.0596,0.8948,0.1136,-0.7463,-0.4845,1.4074,2.0531,-0.0813,0.9236,-0.1009
8.5700,0.7130,-0.4716,-1.4171,2.0576,0.0595,0.9158,0.1132,-0.7568,-0.4838,1.4075,2.0611,-0.0831,0.9244,-0.1050
8.5999,0.7236,-0.4714,-1.4181,2.0689,0.0609,0.9137,0.1164,-0.7685,-0.4826,1.4069,2.0718,-0.0856,0.9234,-0.1099
8.6300,0.7215,-0.4727,-1.4144,2.0642,0.0617,0.9311,0.1153,-0.7640,-0.4873,1.4024,2.0631,-0.0883,0.9468,-0.1081
8.6703,0.7285,-0.4737,-1.4114,2.0680,0.0660,0.9405,0.1193,-0.7710,-0.4884,1.3998,2.0661,-0.0923,0.9568,-0.1121
8.7001,0.7328,-0.4748,-1.4091,2.0706,0.0694,0.9460,0.1220,-0.7785,-0.4843,1.3938,2.0698,-0.0971,0.9584,-0.1195
8.7300,0.7373,-0.4759,-1.4076,2.0736,0.0727,0.9513,0.1250,-0.7795,-0.4903,1.3944,2.0707,-0.1018,0.9644,-0.1205
8.7600,0.7428,-0.4770,-1.4048,2.0775,0.0755,0.9565,0.1268,-0.7847,-0.4909,1.3924,2.0745,-0.1047,0.9656,-0.1230
8.7900,0.7485,-0.4780,-1.4019,2.0814,0.0782,0.9602,0.1286,-0.7885,-0.4902,1.3915,2.0776,-0.1059,0.9655,-0.1251
8.8199,0.7546,-0.4772,-1.4011,2.0853,0.0798,0.9613,0.1315,-0.7922,-0.4881,1.3896,2.0808,-0.1054,0.9676,-0.1262
8.8500,0.7607,-0.4749,-1.3977,2.0879,0.0828,0.9634,0.1364,-0.7964,-0.4880,1.3896,2.0862,-0.1063,0.9657,-0.1276
8.8899,0.7669,-0.4759,-1.3957,2.0916,0.0824,0.9644,0.1349,-0.8026,-0.4870,1.3881,2.0947,-0.1085,0.9623,-0.1307
8.9200,0.7722,-0.4741,-1.3931,2.0958,0.0849,0.9643,0.1387,-0.8019,-0.4880,1.3841,2.0933,-0.1150,0.9679,-0.1357
8.9500,0.7755,-0.4772,-1.3921,2.0976,0.0894,0.9676,0.1414,-0.8065,-0.4839,1.3772,2.0994,-0.1201,0.9645,-0.1419
8.9800,0.7817,-0.4733,-1.3857,2.1022,0.0944,0.9672,0.1481,-0.8038,-0.4927,1.3774,2.1020,-0.1300,0.9668,-0.1451
9.0100,0.7813,-0.4794,-1.3837,2.1047,0.1014,0.9707,0.1497,-0.8047,-0.4955,1.3753,2.1087,-0.1380,0.9656,-0.1504
9.0401,0.7839,-0.4820,-1.3786,2.1093,0.1107,0.9730,0.1558,-0.8058,-0.4970,1.3718,2.1130,-0.1456,0.9652,-0.1559
9.0704,0.7869,-0.4852,-1.3735,2.1139,0.1200,0.9743,0.1615,-0.8080,-0.4993,1.3684,2.1195,-0.1517,0.9650,-0.1593
9.1000,0.7896,-0.4891,-1.3690,2.1172,0.1296,0.9735,0.1668,-0.8097,-0.5007,1.3644,2.1236,-0.1575,0.9648,-0.1626
9.1401,0.7962,-0.4837,-1.3593,2.1245,0.1369,0.9698,0.1755,-0.8182,-0.4995,1.3616,2.1374,-0.1612,0.9575,-0.1667
9.1710,0.8012,-0.4822,-1.3565,2.1300,0.1396,0.9679,0.1790,-0.8131,-0.4996,1.3570,2.1361,-0.1652,0.9644,-0.1688
9.2000,0.7979,-0.4893,-1.3572,2.1329,0.1440,0.9721,0.1777,-0.8159,-0.4990,1.3548,2.1405,-0.1661,0.9643,-0.1696
9.2300,0.8018,-0.4876,-1.3552,2.1369,0.1447,0.9713,0.1796,-0.8166,-0.4966,1.3501,2.1455,-0.1690,0.9631,-0.1725
9.2600,0.8039,-0.4878,-1.3535,2.1417,0.1473,0.9705,0.1815,-0.8180,-0.4949,1.3459,2.1490,-0.1733,0.9606,-0.1765
9.2900,0.8064,-0.4856,-1.3493,2.1446,0.1505,0.9689,0.1850,-0.8193,-0.4922,1.3406,2.1519,-0.1769,0.9576,-0.1800
9.3200,0.8086,-0.4885,-1.3494,2.1509,0.1565,0.9640,0.1888,-0.8198,-0.4968,1.3401,2.1565,-0.1890,0.9520,-0.1882
9.3500,0.8100,-0.4901,-1.3458,2.1549,0.1639,0.9612,0.1936,-0.8196,-0.4953,1.3365,2.1600,-0.1945,0.9454,-0.1927
9.3900,0.8117,-0.4906,-1.3419,2.1603,0.1728,0.9544,0.2003,-0.8191,-0.4940,1.3335,2.1642,-0.1965,0.9403,-0.1935
9.4200,0.8140,-0.4870,-1.3348,2.1650,0.1779,0.9501,0.2052,-0.8219,-0.4888,1.3312,2.1690,-0.1971,0.9336,-0.1968
9.4501,0.8142,-0.4894,-1.3338,2.1670,0.1836,0.9465,0.2084,-0.8217,-0.4838,1.3289,2.1704,-0.1952,0.9306,-0.1974
9.4802,0.8149,-0.4865,-1.3295,2.1696,0.1850,0.9424,0.2099,-0.8216,-0.4845,1.3298,2.1735,-0.1949,0.9277,-0.1962
9.5100,0.8171,-0.4844,-1.3273,2.1723,0.1851,0.9397,0.2106,-0.8233,-0.4775,1.3253,2.1742,-0.1961,0.9276,-0.2018
9.5401,0.8185,-0.4798,-1.3254,2.1745,0.1836,0.9351,0.2116,-0.8219,-0.4749,1.3203,2.1735,-0.1989,0.9260,-0.2043
9.5706,0.8209,-0.4762,-1.3238,2.1757,0.1830,0.9321,0.2133,-0.8211,-0.4776,1.3202,2.1771,-0.2066,0.9241,-0.2097
9.6100,0.8234,-0.4724,-1.3219,2.1777,0.1841,0.9287,0.2168,-0.8217,-0.4733,1.3116,2.1795,-0.2120,0.9202,-0.2148
9.6401,0.8247,-0.4707,-1.3179,2.1808,0.1880,0.9276,0.2207,-0.8212,-0.4788,1.3138,2.1830,-0.2210,0.9131,-0.2196
9.6702,0.8249,-0.4704,-1.3142,2.1829,0.1930,0.9243,0.2242,-0.8210,-0.4777,1.3111,2.1856,-0.2247,0.9067,-0.2221
9.7000,0.8269,-0.4666,-1.3065,2.1857,0.1983,0.9214,0.2294,-0.8205,-0.4749,1.3071,2.1879,-0.2262,0.9009,-0.2229
9.7300,0.8249,-0.4721,-1.3069,2.1896,0.2101,0.9161,0.2366,-0.8190,-0.4747,1.3062,2.1921,-0.2316,0.8927,-0.2267
9.7600,0.8242,-0.4735,-1.3037,2.1926,0.2182,0.9094,0.2413,-0.8196,-0.4720,1.3044,2.1952,-0.2334,0.8859,-0.2289
9.7900,0.8232,-0.4731,-1.2992,2.1952,0.2259,0.9014,0.2463,-0.8162,-0.4710,1.3021,2.1967,-0.2344,0.8812,-0.2281
9.8199,0.8225,-0.4707,-1.2954,2.1987,0.2290,0.8947,0.2485,-0.8126,-0.4702,1.3006,2.1963,-0.2349,0.8784,-0.2272
9.8600,0.8231,-0.4672,-1.2914,2.2010,0.2295,0.8847,0.2483,-0.8191,-0.4652,1.3002,2.2058,-0.2390,0.8633,-0.2340
9.8900,0.8174,-0.4674,-1.2922,2.1987,0.2281,0.8826,0.2452,-0.8160,-0.4627,1.2954,2.2051,-0.2414,0.8602,-0.2354
9.9200,0.8247,-0.4601,-1.2904,2.2050,0.2281,0.8705,0.2496,-0.8115,-0.4598,1.2907,2.2004,-0.2434,0.8600,-0.2369
9.9500,0.8255,-0.4586,-1.2887,2.2073,0.2293,0.8631,0.2502,-0.8165,-0.4628,1.2949,2.2122,-0.2518,0.8425,-0.2433
9.9800,0.8218,-0.4568,-1.2859,2.2040,0.2303,0.8626,0.2507,-0.8154,-0.4623,1.2914,2.2133,-0.2568,0.8366,-0.2462
10.0100,0.8262,-0.4576,-1.2857,2.2118,0.2379,0.8495,0.2568,-0.8149,-0.4624,1.2901,2.2150,-0.2609,0.8315,-0.2490
10.0400,0.8245,-0.4549,-1.2805,2.2119,0.2409,0.8467,0.2590,-0.8149,-0.4603,1.2877,2.2164,-0.2640,0.8279,-0.2523
10.0703,0.8241,-0.4586,-1.2809,2.2157,0.2499,0.8370,0.2642,-0.8150,-0.4600,1.2859,2.2219,-0.2655,0.8224,-0.2521
10.1100,0.8235,-0.4591,-1.2776,2.2187,0.2579,0.8326,0.2702,-0.8147,-0.4549,1.2761,2.2218,-0.2713,0.8195,-0.2577
10.1400,0.8223,-0.4594,-1.2751,2.2209,0.2625,0.8294,0.2731,-0.8107,-0.4599,1.2771,2.2251,-0.2844,0.8136,-0.2667
10.1700,0.8218,-0.4558,-1.2730,2.2239,0.2634,0.8277,0.2754,-0.8086,-0.4587,1.2706,2.2282,-0.2920,0.8052,-0.2709
10.2000,0.8216,-0.4532,-1.2676,2.2254,0.2668,0.8247,0.2781,-0.8061,-0.4573,1.2648,2.2313,-0.3007,0.7951,-0.2764
10.2300,0.8198,-0.4548,-1.2670,2.2293,0.2764,0.8154,0.2849,-0.8046,-0.4553,1.2583,2.2329,-0.3085,0.7857,-0.2815
10.2599,0.8178,-0.4544,-1.2632,2.2320,0.2844,0.8051,0.2898,-0.8018,-0.4528,1.2529,2.2361,-0.3171,0.7756,-0.2875
10.2900,0.8158,-0.4547,-1.2584,2.2345,0.2938,0.7948,0.2953,-0.7974,-0.4470,1.2429,2.2318,-0.3222,0.7733,-0.2920
10.3300,0.8091,-0.4476,-1.2458,2.2298,0.3003,0.7904,0.3001,-0.7948,-0.4452,1.2355,2.2394,-0.3346,0.7555,-0.2991
10.3599,0.8109,-0.4503,-1.2450,2.2404,0.3148,0.7687,0.3094,-0.7904,-0.4401,1.2257,2.2386,-0.3399,0.7498,-0.3023
10.3899,0.8071,-0.4483,-1.2388,2.2427,0.3238,0.7586,0.3150,-0.7846,-0.4377,1.2185,2.2422,-0.3491,0.7403,-0.3075
10.4200,0.8042,-0.4458,-1.2318,2.2438,0.3325,0.7498,0.3209,-0.7790,-0.4331,1.2104,2.2430,-0.3563,0.7319,-0.3120
10.4500,0.8005,-0.4433,-1.2241,2.2456,0.3412,0.7401,0.3260,-0.7729,-0.4287,1.2007,2.2439,-0.3640,0.7249,-0.3165
10.4800,0.7959,-0.4409,-1.2163,2.2465,0.3497,0.7331,0.3313,-0.7650,-0.4219,1.1890,2.2401,-0.3699,0.7184,-0.3196
10.5100,0.7910,-0.4378,-1.2081,2.2467,0.3569,0.7249,0.3350,-0.7584,-0.4185,1.1795,2.2430,-0.3829,0.7032,-0.3270
10.5400,0.7866,-0.4320,-1.1966,2.2476,0.3635,0.7168,0.3385,-0.7506,-0.4139,1.1686,2.2422,-0.3944,0.6897,-0.3331
10.5800,0.7798,-0.4251,-1.1859,2.2483,0.3746,0.7014,0.3458,-0.7389,-0.4072,1.1518,2.2401,-0.4093,0.6713,-0.3397
10.6100,0.7725,-0.4190,-1.1752,2.2457,0.3800,0.6944,0.3482,-0.7303,-0.4017,1.1412,2.2382,-0.4194,0.6578,-0.3446
10.6400,0.7663,-0.4174,-1.1650,2.2495,0.3958,0.6785,0.3571,-0.7195,-0.3918,1.1273,2.2291,-0.4260,0.6522,-0.3487
10.6703,0.7582,-0.4141,-1.1534,2.2495,0.4089,0.6632,0.3633,-0.7117,-0.3876,1.1176,2.2327,-0.4393,0.6298,-0.3542
10.7000,0.7501,-0.4097,-1.1420,2.2480,0.4219,0.6477,0.3701,-0.7020,-0.3802,1.1056,2.2300,-0.4496,0.6154,-0.3592
10.7300,0.7413,-0.4037,-1.1306,2.2473,0.4337,0.6325,0.3764,-0.6921,-0.3740,1.0939,2.2270,-0.4582,0.6033,-0.3622
10.7599,0.7318,-0.3989,-1.1177,2.2464,0.4469,0.6162,0.3823,-0.6825,-0.3649,1.0816,2.2237,-0.4687,0.5852,-0.3672
10.7899,0.7238,-0.3899,-1.1073,2.2446,0.4565,0.5969,0.3872,-0.6668,-0.3536,1.0697,2.2092,-0.4733,0.5805,-0.3692
10.8300,0.7046,-0.3785,-1.0931,2.2310,0.4622,0.5886,0.3878,-0.6570,-0.3447,1.0538,2.2124,-0.4908,0.5463,-0.3759
10.8599,0.7045,-0.3673,-1.0811,2.2361,0.4731,0.5600,0.3943,-0.6439,-0.3333,1.0432,2.1975,-0.4949,0.5438,-0.3790
10.8900,0.6912,-0.3599,-1.0722,2.2276,0.4765,0.5534,0.3938,-0.6361,-0.3286,1.0298,2.2003,-0.5092,0.5181,-0.3837
10.9200,0.6849,-0.3497,-1.0603,2.2270,0.4880,0.5323,0.4009,-0.6233,-0.3188,1.0190,2.1908,-0.5138,0.5108,-0.3849
10.9500,0.6728,-0.3390,-1.0490,2.2148,0.4927,0.5282,0.4040,-0.6153,-0.3112,1.0064,2.1867,-0.5230,0.4913,-0.3874
10.9800,0.6640,-0.3326,-1.0367,2.2174,0.5050,0.5049,0.4083,-0.6047,-0.3024,0.9957,2.1798,-0.5297,0.4801,-0.3899
11.0100,0.6537,-0.3250,-1.0237,2.2130,0.5137,0.4915,0.4115,-0.5946,-0.2944,0.9840,2.1719,-0.5353,0.4707,-0.3911
11.0500,0.6398,-0.3128,-1.0070,2.2024,0.5245,0.4750,0.4163,-0.5804,-0.2815,0.9681,2.1601,-0.5418,0.4592,-0.3925
11.0800,0.6284,-0.3039,-0.9959,2.1940,0.5311,0.4636,0.4186,-0.5702,-0.2721,0.9581,2.1507,-0.5468,0.4463,-0.3932
11.1100,0.6178,-0.2935,-0.9837,2.1848,0.5371,0.4513,0.4205,-0.5600,-0.2633,0.9471,2.1435,-0.5529,0.4338,-0.3946
11.1400,0.6050,-0.2831,-0.9748,2.1731,0.5405,0.4460,0.4217,-0.5488,-0.2542,0.9360,2.1364,-0.5592,0.4230,-0.3966
11.1704,0.5967,-0.2710,-0.9633,2.1627,0.5406,0.4357,0.4187,-0.5412,-0.2419,0.9253,2.1268,-0.5644,0.4176,-0.4012
11.2000,0.5848,-0.2599,-0.9531,2.1516,0.5437,0.4262,0.4184,-0.5272,-0.2353,0.9150,2.1191,-0.5648,0.4116,-0.3958
11.2302,0.5750,-0.2509,-0.9433,2.1446,0.5489,0.4152,0.4200,-0.5186,-0.2250,0.9049,2.1130,-0.5696,0.4030,-0.3980
11.2599,0.5675,-0.2395,-0.9322,2.1372,0.5543,0.4082,0.4240,-0.5058,-0.2179,0.8937,2.1036,-0.5730,0.3951,-0.3960
11.3000,0.5466,-0.2331,-0.9182,2.1260,0.5599,0.4028,0.4222,-0.4898,-0.2088,0.8792,2.0911,-0.5812,0.3881,-0.3988
11.3300,0.5339,-0.2242,-0.9082,2.1186,0.5648,0.3947,0.4232,-0.4814,-0.1953,0.8690,2.0805,-0.5861,0.3818,-0.4029
11.3600,0.5270,-0.2122,-0.8962,2.1127,0.5709,0.3857,0.4274,-0.4656,-0.1918,0.8576,2.0719,-0.5907,0.3746,-0.4002
11.3899,0.5175,-0.2005,-0.8869,2.1033,0.5751,0.3789,0.4300,-0.4538,-0.1851,0.8453,2.0618,-0.5977,0.3685,-0.4029
11.4199,0.4983,-0.1984,-0.8781,2.0922,0.5780,0.3747,0.4258,-0.4430,-0.1783,0.8353,2.0528,-0.6029,0.3622,-0.4040
11.4500,0.4850,-0.1904,-0.8672,2.0829,0.5833,0.3687,0.4269,-0.4377,-0.1639,0.8261,2.0415,-0.6077,0.3581,-0.4098
11.4800,0.4733,-0.1817,-0.8570,2.0742,0.5878,0.3624,0.4279,-0.4312,-0.1514,0.8185,2.0311,-0.6115,0.3537,-0.4136
11.5101,0.4608,-0.1738,-0.8479,2.0656,0.5908,0.3570,0.4271,-0.4149,-0.1495,0.8079,2.0212,-0.6066,0.3499,-0.4000
11.5500,0.4452,-0.1613,-0.8356,2.0515,0.5945,0.3515,0.4271,-0.4095,-0.1311,0.7973,2.0067,-0.6124,0.3455,-0.4076
11.5800,0.4337,-0.1522,-0.8259,2.0405,0.5962,0.3475,0.4256,-0.4041,-0.1179,0.7904,1.9956,-0.6160,0.3422,-0.4120
11.6101,0.4216,-0.1432,-0.8166,2.0295,0.5978,0.3442,0.4240,-0.3843,-0.1212,0.7800,1.9888,-0.6152,0.3355,-0.4002
11.6402,0.4116,-0.1349,-0.8091,2.0186,0.5993,0.3414,0.4234,-0.3759,-0.1122,0.7719,1.9780,-0.6179,0.3333,-0.4014
11.6704,0.4037,-0.1229,-0.8006,2.0110,0.6033,0.3332,0.4257,-0.3722,-0.0996,0.7648,1.9690,-0.6218,0.3291,-0.4060
11.7000,0.3892,-0.1165,-0.7942,1.9985,0.6033,0.3344,0.4226,-0.3590,-0.0956,0.7578,1.9588,-0.6213,0.3270,-0.4007
11.7300,0.3794,-0.1075,-0.7858,1.9891,0.6061,0.3295,0.4228,-0.3504,-0.0846,0.7538,1.9489,-0.6226,0.3234,-0.4014
11.7706,0.3713,-0.0924,-0.7771,1.9780,0.6103,0.3223,0.4265,-0.3454,-0.0696,0.7496,1.9331,-0.6252,0.3240,-0.4067
11.8000,0.3542,-0.0876,-0.7709,1.9660,0.6115,0.3248,0.4240,-0.3350,-0.0647,0.7428,1.9271,-0.6229,0.3193,-0.3996
11.8300,0.3500,-0.0747,-0.7653,1.9549,0.6147,0.3224,0.4286,-0.3280,-0.0571,0.7390,1.9212,-0.6242,0.3139,-0.3994
11.8601,0.3443,-0.0645,-0.7597,1.9477,0.6174,0.3170,0.4307,-0.3208,-0.0498,0.7353,1.9083,-0.6229,0.3203,-0.3985
11.8899,0.3260,-0.0623,-0.7548,1.9348,0.6127,0.3217,0.4208,-0.3136,-0.0430,0.7303,1.9055,-0.6247,0.3118,-0.3974
11.9200,0.3189,-0.0524,-0.7488,1.9288,0.6153,0.3141,0.4217,-0.3070,-0.0351,0.7293,1.8928,-0.6229,0.3200,-0.3973
11.9501,0.3073,-0.0446,-0.7467,1.9143,0.6139,0.3205,0.4202,-0.3012,-0.0284,0.7275,1.8844,-0.6226,0.3216,-0.3972
11.9803,0.2964,-0.0393,-0.7459,1.9074,0.6132,0.3159,0.4169,-0.2961,-0.0220,0.7261,1.8780,-0.6228,0.3212,-0.3974
12.0200,0.2905,-0.0235,-0.7427,1.8928,0.6139,0.3155,0.4198,-0.2900,-0.0133,0.7251,1.8686,-0.6221,0.3222,-0.3974
12.0500,0.2834,-0.0140,-0.7398,1.8849,0.6144,0.3113,0.4197,-0.2850,-0.0086,0.7234,1.8645,-0.6225,0.3190,-0.3968
12.0800,0.2767,-0.0066,-0.7390,1.8756,0.6146,0.3080,0.4195,-0.2813,-0.0050,0.7235,1.8573,-0.6214,0.3223,-0.3964
12.1100,0.2705,0.0018,-0.7376,1.8663,0.6143,0.3051,0.4189,-0.2745,-0.0040,0.7221,1.8578,-0.6211,0.3160,-0.3926
12.1400,0.2611,0.0072,-0.7375,1.8588,0.6135,0.3023,0.4164,-0.2753,0.0021,0.7228,1.8505,-0.6207,0.3219,-0.3955
12.1702,0.2591,0.0149,-0.7369,1.8520,0.6141,0.3019,0.4186,-0.2727,0.0043,0.7247,1.8449,-0.6198,0.3248,-0.3955
12.2000,0.2568,0.0217,-0.7370,1.8429,0.6145,0.3044,0.4210,-0.2700,0.0072,0.7245,1.8413,-0.6198,0.3242,-0.3954
12.2301,0.2534,0.0266,-0.7344,1.8401,0.6156,0.3004,0.4214,-0.2677,0.0082,0.7254,1.8415,-0.6206,0.3203,-0.3955
12.2704,0.2423,0.0294,-0.7329,1.8325,0.6138,0.3033,0.4174,-0.2670,0.0092,0.7240,1.8421,-0.6211,0.3181,-0.3955
12.3000,0.2382,0.0314,-0.7315,1.8269,0.6137,0.3050,0.4168,-0.2648,0.0086,0.7240,1.8401,-0.6210,0.3212,-0.3951
12.3300,0.2347,0.0329,-0.7306,1.8243,0.6135,0.3064,0.4161,-0.2644,0.0082,0.7242,1.8397,-0.6211,0.3216,-0.3952
12.3599,0.2315,0.0350,-0.7309,1.8217,0.6134,0.3070,0.4159,-0.2641,0.0086,0.7240,1.8397,-0.6211,0.3204,-0.3950
12.3900,0.2318,0.0377,-0.7307,1.8186,0.6138,0.3082,0.4175,-0.2645,0.0083,0.7240,1.8395,-0.6210,0.3211,-0.3951
12.4199,0.2296,0.0385,-0.7307,1.8175,0.6136,0.3072,0.4167,-0.2645,0.0080,0.7247,1.8396,-0.6212,0.3214,-0.3955
12.4500,0.2278,0.0393,-0.7300,1.8148,0.6122,0.3081,0.4147,-0.2653,0.0087,0.7244,1.8391,-0.6216,0.3217,-0.3963
12.4900,0.2264,0.0403,-0.7304,1.8125,0.6122,0.3091,0.4150,-0.2652,0.0089,0.7242,1.8392,-0.6217,0.3213,-0.3963
