time,left_s0,left_s1,left_e0,left_e1,left_w0,left_w1,left_w2,right_s0,right_s1,right_e0,right_e1,right_w0,right_w1,right_w2
0.0000,0.1563,-0.0781,-1.4247,1.5666,-0.0633,0.1948,0.1594,-0.1656,-0.0854,1.4207,1.5712,0.0603,0.1968,-0.1592
0.0201,0.1568,-0.0741,-1.4263,1.5656,-0.0616,0.1962,0.1626,-0.1660,-0.0834,1.4204,1.5704,0.0596,0.1976,-0.1604
0.0501,0.1569,-0.0736,-1.4261,1.5628,-0.0614,0.1990,0.1628,-0.1652,-0.0905,1.4166,1.5711,0.0591,0.1975,-0.1588
0.0806,0.1573,-0.0736,-1.4262,1.5640,-0.0614,0.1982,0.1629,-0.1661,-0.0943,1.4144,1.5714,0.0586,0.1971,-0.1581
0.1101,0.1573,-0.0746,-1.4265,1.5677,-0.0618,0.1946,0.1623,-0.1683,-0.0882,1.4140,1.5752,0.0562,0.1946,-0.1621
0.1402,0.1579,-0.0746,-1.4264,1.5661,-0.0617,0.1967,0.1623,-0.1667,-0.1098,1.4064,1.5725,0.0560,0.2011,-0.1564
0.1701,0.1575,-0.0789,-1.4260,1.5657,-0.0609,0.1991,0.1623,-0.1673,-0.1085,1.4066,1.5788,0.0556,0.1951,-0.1573
0.2000,0.1585,-0.0787,-1.4260,1.5657,-0.0607,0.2001,0.1626,-0.1657,-0.1255,1.3988,1.5725,0.0539,0.2102,-0.1541
0.2300,0.1587,-0.0806,-1.4263,1.5671,-0.0614,0.1990,0.1614,-0.1654,-0.1322,1.3964,1.5733,0.0532,0.2166,-0.1529
0.2600,0.1580,-0.0897,-1.4228,1.5648,-0.0601,0.2038,0.1603,-0.1665,-0.1401,1.3936,1.5734,0.0519,0.2252,-0.1519
0.2901,0.1590,-0.0910,-1.4232,1.5681,-0.0605,0.2017,0.1597,-0.1682,-0.1399,1.3943,1.5856,0.0518,0.2147,-0.1524
0.3201,0.1592,-0.1010,-1.4196,1.5644,-0.0576,0.2138,0.1602,-0.1654,-0.1548,1.3884,1.5735,0.0494,0.2455,-0.1504
0.3401,0.1596,-0.1047,-1.4185,1.5635,-0.0575,0.2181,0.1591,-0.1659,-0.1607,1.3865,1.5729,0.0487,0.2549,-0.1491
0.3700,0.1600,-0.1121,-1.4158,1.5628,-0.0563,0.2268,0.1582,-0.1664,-0.1687,1.3838,1.5733,0.0470,0.2678,-0.1482
0.4000,0.1601,-0.1179,-1.4117,1.5612,-0.0548,0.2363,0.1576,-0.1718,-0.1649,1.3844,1.5899,0.0455,0.2558,-0.1516
0.4300,0.1643,-0.1163,-1.4123,1.5719,-0.0541,0.2295,0.1592,-0.1680,-0.1850,1.3750,1.5743,0.0435,0.2952,-0.1458
0.4600,0.1625,-0.1318,-1.4049,1.5588,-0.0522,0.2604,0.1557,-0.1690,-0.1934,1.3701,1.5748,0.0414,0.3087,-0.1443
0.4901,0.1629,-0.1393,-1.4004,1.5572,-0.0509,0.2724,0.1540,-0.1694,-0.2012,1.3650,1.5753,0.0392,0.3237,-0.1427
0.5201,0.1638,-0.1478,-1.3956,1.5562,-0.0478,0.2832,0.1539,-0.1720,-0.2101,1.3596,1.5761,0.0369,0.3382,-0.1408
0.5501,0.1644,-0.1560,-1.3895,1.5555,-0.0467,0.2926,0.1510,-0.1732,-0.2190,1.3551,1.5770,0.0344,0.3511,-0.1392
0.5804,0.1660,-0.1646,-1.3844,1.5540,-0.0442,0.3114,0.1497,-0.1747,-0.2268,1.3497,1.5798,0.0317,0.3646,-0.1378
0.6102,0.1677,-0.1731,-1.3780,1.5537,-0.0414,0.3263,0.1483,-0.1772,-0.2334,1.3444,1.5820,0.0302,0.3776,-0.1353
0.6401,0.1685,-0.1825,-1.3707,1.5531,-0.0378,0.3430,0.1472,-0.1789,-0.2424,1.3388,1.5867,0.0271,0.3871,-0.1336
0.6600,0.1699,-0.1880,-1.3660,1.5550,-0.0361,0.3524,0.1457,-0.1809,-0.2469,1.3362,1.5892,0.0256,0.3936,-0.1328
0.6901,0.1717,-0.1968,-1.3598,1.5552,-0.0324,0.3654,0.1449,-0.1848,-0.2547,1.3331,1.5965,0.0233,0.4016,-0.1315
0.7201,0.1742,-0.2057,-1.3536,1.5571,-0.0303,0.3777,0.1419,-0.1926,-0.2525,1.3339,1.6134,0.0222,0.3916,-0.1346
0.7501,0.1756,-0.2130,-1.3475,1.5578,-0.0276,0.3865,0.1402,-0.1939,-0.2659,1.3288,1.6110,0.0215,0.4108,-0.1279
0.7803,0.1776,-0.2179,-1.3435,1.5605,-0.0262,0.3911,0.1384,-0.1988,-0.2660,1.3298,1.6217,0.0214,0.4048,-0.1288
0.8101,0.1859,-0.2113,-1.3430,1.5729,-0.0239,0.3852,0.1448,-0.2043,-0.2751,1.3282,1.6292,0.0206,0.4121,-0.1255
0.8401,0.1847,-0.2357,-1.3342,1.5716,-0.0206,0.3979,0.1354,-0.2103,-0.2805,1.3284,1.6388,0.0198,0.4119,-0.1246
0.8700,0.1877,-0.2422,-1.3315,1.5777,-0.0194,0.3992,0.1333,-0.2169,-0.2844,1.3284,1.6497,0.0191,0.4122,-0.1243
0.9000,0.1932,-0.2395,-1.3317,1.5857,-0.0183,0.3958,0.1363,-0.2240,-0.2881,1.3279,1.6606,0.0182,0.4134,-0.1242
0.9300,0.1958,-0.2555,-1.3274,1.5924,-0.0161,0.3978,0.1309,-0.2340,-0.2860,1.3290,1.6749,0.0170,0.4079,-0.1277
0.9600,0.2032,-0.2525,-1.3278,1.6039,-0.0148,0.3924,0.1345,-0.2434,-0.2854,1.3306,1.6915,0.0163,0.3999,-0.1301
0.9901,0.2049,-0.2692,-1.3231,1.6115,-0.0136,0.3972,0.1271,-0.2464,-0.2969,1.3259,1.6951,0.0174,0.4119,-0.1222
1.0101,0.2088,-0.2724,-1.3224,1.6172,-0.0123,0.3984,0.1275,-0.2524,-0.2976,1.3273,1.7056,0.0173,0.4070,-0.1230
1.0401,0.2147,-0.2782,-1.3212,1.6282,-0.0112,0.3984,0.1264,-0.2619,-0.2975,1.3291,1.7193,0.0167,0.4022,-0.1250
1.0701,0.2205,-0.2824,-1.3200,1.6383,-0.0099,0.3993,0.1262,-0.2669,-0.3036,1.3264,1.7222,0.0164,0.4135,-0.1222
1.1000,0.2269,-0.2874,-1.3186,1.6486,-0.0097,0.3995,0.1242,-0.2755,-0.3043,1.3283,1.7345,0.0161,0.4094,-0.1236
1.1300,0.2371,-0.2852,-1.3198,1.6663,-0.0084,0.3909,0.1279,-0.2801,-0.3092,1.3265,1.7394,0.0161,0.4180,-0.1211
1.1602,0.2481,-0.2821,-1.3207,1.6815,-0.0067,0.3851,0.1324,-0.2870,-0.3121,1.3274,1.7471,0.0156,0.4198,-0.1213
1.1901,0.2484,-0.2983,-1.3160,1.6810,-0.0078,0.4052,0.1227,-0.2934,-0.3121,1.3286,1.7587,0.0153,0.4140,-0.1226
1.2201,0.2569,-0.3018,-1.3153,1.6918,-0.0069,0.4082,0.1228,-0.2977,-0.3159,1.3267,1.7596,0.0154,0.4263,-0.1204
1.2501,0.2665,-0.3002,-1.3164,1.7053,-0.0057,0.4031,0.1261,-0.3016,-0.3175,1.3266,1.7649,0.0155,0.4303,-0.1199
1.2801,0.2722,-0.3067,-1.3134,1.7104,-0.0066,0.4154,0.1216,-0.3054,-0.3185,1.3272,1.7691,0.0148,0.4352,-0.1207
1.3100,0.2819,-0.3054,-1.3147,1.7268,-0.0055,0.4076,0.1247,-0.3120,-0.3188,1.3286,1.7813,0.0146,0.4292,-0.1219
1.3301,0.2845,-0.3099,-1.3133,1.7250,-0.0066,0.4229,0.1211,-0.3169,-0.3173,1.3287,1.7890,0.0137,0.4256,-0.1240
1.3600,0.2913,-0.3121,-1.3130,1.7330,-0.0061,0.4274,0.1212,-0.3153,-0.3225,1.3276,1.7803,0.0147,0.4487,-0.1200
1.3901,0.2971,-0.3129,-1.3122,1.7403,-0.0060,0.4332,0.1212,-0.3201,-0.3234,1.3290,1.7892,0.0148,0.4444,-0.1203
1.4201,0.3029,-0.3154,-1.3114,1.7472,-0.0054,0.4384,0.1210,-0.3256,-0.3222,1.3293,1.7971,0.0140,0.4412,-0.1224
1.4501,0.3089,-0.3182,-1.3104,1.7532,-0.0050,0.4441,0.1203,-0.3301,-0.3219,1.3300,1.8022,0.0137,0.4402,-0.1236
1.4802,0.3176,-0.3170,-1.3113,1.7671,-0.0041,0.4379,0.1231,-0.3267,-0.3266,1.3278,1.7914,0.0144,0.4612,-0.1195
1.5101,0.3235,-0.3170,-1.3123,1.7744,-0.0037,0.4361,0.1244,-0.3286,-0.3262,1.3279,1.7937,0.0141,0.4607,-0.1203
1.5401,0.3250,-0.3217,-1.3102,1.7706,-0.0047,0.4523,0.1205,-0.3299,-0.3281,1.3280,1.7942,0.0145,0.4611,-0.1190
1.5700,0.3307,-0.3209,-1.3107,1.7766,-0.0041,0.4513,0.1224,-0.3317,-0.3274,1.3279,1.7974,0.0141,0.4595,-0.1199
1.6000,0.3327,-0.3251,-1.3100,1.7799,-0.0054,0.4540,0.1185,-0.3316,-0.3280,1.3282,1.7971,0.0144,0.4599,-0.1195
1.6301,0.3361,-0.3267,-1.3094,1.7832,-0.0039,0.4527,0.1197,-0.3312,-0.3272,1.3277,1.7955,0.0141,0.4609,-0.1200
1.6600,0.3390,-0.3269,-1.3100,1.7914,-0.0038,0.4470,0.1202,-0.3307,-0.3277,1.3279,1.7929,0.0143,0.4631,-0.1195
1.6804,0.3399,-0.3272,-1.3099,1.7887,-0.0040,0.4547,0.1199,-0.3306,-0.3273,1.3277,1.7950,0.0142,0.4608,-0.1197
1.7101,0.3417,-0.3256,-1.3093,1.7882,-0.0033,0.4564,0.1216,-0.3307,-0.3293,1.3279,1.7942,0.0141,0.4586,-0.1191
1.7403,0.3451,-0.3245,-1.3092,1.7921,-0.0026,0.4554,0.1232,-0.3304,-0.3288,1.3276,1.7937,0.0143,0.4574,-0.1188
1.7702,0.3476,-0.3257,-1.3104,1.8020,-0.0029,0.4481,0.1228,-0.3296,-0.3296,1.3279,1.7935,0.0139,0.4559,-0.1191
1.8001,0.3482,-0.3265,-1.3109,1.8026,-0.0031,0.4483,0.1223,-0.3283,-0.3313,1.3287,1.7948,0.0146,0.4537,-0.1174
1.8300,0.3502,-0.3253,-1.3106,1.8068,-0.0025,0.4456,0.1237,-0.3277,-0.3290,1.3280,1.7899,0.0142,0.4578,-0.1188
1.8600,0.3461,-0.3297,-1.3095,1.7991,-0.0047,0.4564,0.1182,-0.3247,-0.3299,1.3281,1.7879,0.0148,0.4574,-0.1174
1.8901,0.3466,-0.3286,-1.3089,1.7978,-0.0042,0.4579,0.1192,-0.3233,-0.3314,1.3286,1.7854,0.0154,0.4589,-0.1160
1.9201,0.3454,-0.3292,-1.3090,1.7969,-0.0045,0.4579,0.1185,-0.3201,-0.3301,1.3273,1.7789,0.0151,0.4621,-0.1163
1.9501,0.3454,-0.3295,-1.3093,1.7991,-0.0047,0.4559,0.1182,-0.3168,-0.3283,1.3276,1.7753,0.0132,0.4618,-0.1195
1.9805,0.3445,-0.3301,-1.3094,1.7978,-0.0038,0.4570,0.1189,-0.3132,-0.3278,1.3284,1.7709,0.0138,0.4616,-0.1190
2.0000,0.3435,-0.3288,-1.3093,1.7964,-0.0045,0.4571,0.1185,-0.3088,-0.3272,1.3277,1.7653,0.0136,0.4614,-0.1189
2.0300,0.3413,-0.3303,-1.3098,1.7928,-0.0053,0.4592,0.1169,-0.3028,-0.3276,1.3267,1.7566,0.0140,0.4647,-0.1174
2.0602,0.3403,-0.3287,-1.3102,1.7905,-0.0044,0.4594,0.1189,-0.2953,-0.3289,1.3260,1.7462,0.0149,0.4685,-0.1147
2.0901,0.3389,-0.3290,-1.3098,1.7884,-0.0047,0.4610,0.1181,-0.2918,-0.3264,1.3271,1.7445,0.0126,0.4620,-0.1191
2.1201,0.3364,-0.3285,-1.3099,1.7842,-0.0039,0.4603,0.1192,-0.2842,-0.3265,1.3278,1.7370,0.0127,0.4605,-0.1186
2.1502,0.3331,-0.3294,-1.3098,1.7764,-0.0045,0.4652,0.1178,-0.2757,-0.3266,1.3263,1.7216,0.0132,0.4681,-0.1167
2.1801,0.3279,-0.3309,-1.3098,1.7697,-0.0054,0.4676,0.1154,-0.2664,-0.3287,1.3255,1.7101,0.0144,0.4715,-0.1130
2.2100,0.3221,-0.3323,-1.3096,1.7603,-0.0063,0.4721,0.1130,-0.2615,-0.3253,1.3275,1.7069,0.0115,0.4611,-0.1190
2.2401,0.3152,-0.3336,-1.3090,1.7510,-0.0072,0.4753,0.1104,-0.2536,-0.3259,1.3259,1.6964,0.0104,0.4605,-0.1189
2.2700,0.3121,-0.3296,-1.3118,1.7499,-0.0038,0.4618,0.1177,-0.2442,-0.3241,1.3232,1.6814,0.0102,0.4664,-0.1182
2.3000,0.3040,-0.3283,-1.3123,1.7408,-0.0024,0.4623,0.1196,-0.2359,-0.3248,1.3217,1.6741,0.0095,0.4598,-0.1175
2.3201,0.2976,-0.3310,-1.3125,1.7312,-0.0038,0.4666,0.1161,-0.2295,-0.3233,1.3197,1.6645,0.0092,0.4631,-0.1172
2.3501,0.2912,-0.3272,-1.3129,1.7238,-0.0028,0.4630,0.1190,-0.2194,-0.3227,1.3165,1.6524,0.0083,0.4611,-0.1166
2.3803,0.2848,-0.3286,-1.3130,1.7175,-0.0020,0.4624,0.1188,-0.2118,-0.3206,1.3141,1.6396,0.0079,0.4665,-0.1165
2.4101,0.2718,-0.3277,-1.3133,1.7024,-0.0014,0.4625,0.1190,-0.1970,-0.3146,1.3087,1.6124,0.0067,0.4786,-0.1176
2.4401,0.2614,-0.3270,-1.3145,1.6901,-0.0018,0.4646,0.1185,-0.1902,-0.3198,1.3049,1.6128,0.0064,0.4613,-0.1128
2.4700,0.2489,-0.3296,-1.3133,1.6753,-0.0033,0.4685,0.1136,-0.1785,-0.3188,1.3021,1.5912,0.0066,0.4719,-0.1109
2.5000,0.2399,-0.3255,-1.3144,1.6641,-0.0031,0.4647,0.1155,-0.1677,-0.3172,1.2993,1.5716,0.0066,0.4813,-0.1096
2.5300,0.2283,-0.3244,-1.3137,1.6508,-0.0040,0.4664,0.1136,-0.1629,-0.3144,1.3006,1.5705,0.0118,0.4631,-0.1036
2.5600,0.2166,-0.3212,-1.3135,1.6361,-0.0071,0.4662,0.1098,-0.1535,-0.3130,1.2991,1.5565,0.0141,0.4636,-0.0996
2.5901,0.2033,-0.3228,-1.3115,1.6195,-0.0082,0.4709,0.1055,-0.1414,-0.3164,1.2976,1.5367,0.0155,0.4732,-0.0942
2.6201,0.1938,-0.3164,-1.3123,1.6073,-0.0122,0.4673,0.1028,-0.1289,-0.3177,1.2952,1.5124,0.0163,0.4864,-0.0902
2.6501,0.1823,-0.3144,-1.3106,1.5918,-0.0131,0.4670,0.1008,-0.1264,-0.3098,1.2987,1.5148,0.0180,0.4631,-0.0935
2.6700,0.1736,-0.3146,-1.3089,1.5791,-0.0135,0.4717,0.0987,-0.1190,-0.3092,1.2968,1.4997,0.0181,0.4713,-0.0922
2.7000,0.1602,-0.3159,-1.3066,1.5612,-0.0143,0.4776,0.0945,-0.1070,-0.3096,1.2942,1.4808,0.0186,0.4793,-0.0889
2.7300,0.1511,-0.3108,-1.3080,1.5534,-0.0142,0.4679,0.0972,-0.1021,-0.3077,1.2946,1.4778,0.0165,0.4616,-0.0927
2.7600,0.1411,-0.3099,-1.3061,1.5380,-0.0141,0.4673,0.0961,-0.0920,-0.3052,1.2917,1.4595,0.0162,0.4700,-0.0921
2.7901,0.1287,-0.3095,-1.3048,1.5231,-0.0130,0.4699,0.0960,-0.0831,-0.3067,1.2891,1.4518,0.0140,0.4619,-0.0922
2.8201,0.1174,-0.3098,-1.3025,1.5080,-0.0114,0.4713,0.0961,-0.0713,-0.3075,1.2865,1.4324,0.0145,0.4706,-0.0886
2.8501,0.1056,-0.3098,-1.2999,1.4900,-0.0118,0.4784,0.0932,-0.0614,-0.3059,1.2839,1.4154,0.0144,0.4782,-0.0873
2.8806,0.0955,-0.3081,-1.2995,1.4792,-0.0105,0.4754,0.0947,-0.0570,-0.3031,1.2856,1.4127,0.0137,0.4631,-0.0904
2.9101,0.0853,-0.3059,-1.2976,1.4641,-0.0109,0.4747,0.0934,-0.0490,-0.3017,1.2850,1.4002,0.0152,0.4639,-0.0878
3.3132,-0.0234,-0.2871,-1.2943,1.3011,-0.0222,0.4842,0.0753,0.0187,-0.2914,1.2992,1.2724,0.0298,0.4628,-0.0742
3.3431,-0.0309,-0.2882,-1.2926,1.2884,-0.0225,0.4903,0.0724,0.0209,-0.2943,1.2996,1.2692,0.0307,0.4606,-0.0713
3.3629,-0.0315,-0.2852,-1.2961,1.2866,-0.0234,0.4846,0.0752,0.0216,-0.2952,1.3016,1.2663,0.0316,0.4600,-0.0708
3.3930,-0.0386,-0.2872,-1.2945,1.2734,-0.0238,0.4918,0.0717,0.0231,-0.2968,1.3018,1.2621,0.0318,0.4600,-0.0698
3.4231,-0.0468,-0.2905,-1.2928,1.2620,-0.0244,0.4964,0.0669,0.0232,-0.2982,1.3039,1.2599,0.0335,0.4583,-0.0677
3.4530,-0.0463,-0.2839,-1.2988,1.2647,-0.0259,0.4833,0.0726,0.0256,-0.3039,1.3035,1.2521,0.0346,0.4653,-0.0625
3.4830,-0.0494,-0.2820,-1.3012,1.2581,-0.0287,0.4821,0.0706,0.0271,-0.3092,1.3031,1.2437,0.0355,0.4737,-0.0578
3.5133,-0.0554,-0.2863,-1.3000,1.2472,-0.0295,0.4886,0.0655,0.0203,-0.3055,1.3116,1.2553,0.0403,0.4567,-0.0587
3.5432,-0.0602,-0.2895,-1.2990,1.2402,-0.0300,0.4919,0.0616,0.0211,-0.3130,1.3115,1.2497,0.0417,0.4635,-0.0524
3.5730,-0.0570,-0.2793,-1.3081,1.2426,-0.0382,0.4785,0.0610,0.0161,-0.3097,1.3193,1.2550,0.0491,0.4551,-0.0482
3.6031,-0.0584,-0.2782,-1.3110,1.2395,-0.0427,0.4771,0.0563,0.0132,-0.3117,1.3244,1.2553,0.0547,0.4547,-0.0419
3.6329,-0.0592,-0.2764,-1.3153,1.2362,-0.0478,0.4742,0.0520,0.0114,-0.3163,1.3291,1.2571,0.0595,0.4532,-0.0350
3.6629,-0.0604,-0.2761,-1.3203,1.2337,-0.0539,0.4706,0.0457,0.0121,-0.3280,1.3291,1.2506,0.0616,0.4616,-0.0253
3.6929,-0.0596,-0.2759,-1.3239,1.2301,-0.0595,0.4686,0.0393,0.0066,-0.3220,1.3394,1.2573,0.0707,0.4517,-0.0215
3.7136,-0.0583,-0.2757,-1.3259,1.2286,-0.0635,0.4669,0.0344,0.0075,-0.3298,1.3392,1.2534,0.0721,0.4564,-0.0150
3.7430,-0.0558,-0.2757,-1.3317,1.2276,-0.0702,0.4641,0.0280,0.0017,-0.3313,1.3486,1.2576,0.0795,0.4484,-0.0093
3.7731,-0.0594,-0.2880,-1.3309,1.2200,-0.0723,0.4709,0.0169,-0.0011,-0.3353,1.3544,1.2587,0.0851,0.4464,-0.0024
3.8029,-0.0530,-0.2813,-1.3413,1.2246,-0.0813,0.4583,0.0141,-0.0038,-0.3402,1.3599,1.2598,0.0902,0.4459,0.0044
3.8329,-0.0489,-0.2851,-1.3453,1.2239,-0.0864,0.4557,0.0070,-0.0079,-0.3450,1.3650,1.2603,0.0956,0.4439,0.0118
3.8629,-0.0474,-0.2885,-1.3506,1.2223,-0.0923,0.4537,-0.0006,-0.0098,-0.3498,1.3705,1.2600,0.1015,0.4428,0.0199
3.8929,-0.0445,-0.2929,-1.3561,1.2224,-0.0975,0.4512,-0.0073,-0.0134,-0.3538,1.3767,1.2616,0.1072,0.4397,0.0268
3.9231,-0.0408,-0.2982,-1.3617,1.2225,-0.1028,0.4475,-0.0144,-0.0160,-0.3681,1.3780,1.2649,0.1100,0.4410,0.0378
3.9532,-0.0356,-0.3031,-1.3687,1.2219,-0.1096,0.4462,-0.0228,-0.0224,-0.3639,1.3888,1.2664,0.1194,0.4363,0.0428
3.9831,-0.0312,-0.3094,-1.3755,1.2217,-0.1149,0.4417,-0.0296,-0.0262,-0.3679,1.3952,1.2688,0.1257,0.4333,0.0504
4.0130,-0.0327,-0.3216,-1.3738,1.2080,-0.1168,0.4559,-0.0406,-0.0306,-0.3732,1.4011,1.2719,0.1315,0.4308,0.0582
4.0329,-0.0244,-0.3210,-1.3845,1.2231,-0.1248,0.4316,-0.0445,-0.0336,-0.3757,1.4052,1.2746,0.1359,0.4300,0.0637
4.0629,-0.0198,-0.3269,-1.3897,1.2233,-0.1307,0.4250,-0.0530,-0.0388,-0.3811,1.4109,1.2781,0.1418,0.4261,0.0717
4.0929,-0.0150,-0.3347,-1.3960,1.2229,-0.1354,0.4231,-0.0600,-0.0445,-0.3850,1.4167,1.2823,0.1479,0.4246,0.0792
4.1230,-0.0096,-0.3402,-1.4025,1.2262,-0.1420,0.4200,-0.0687,-0.0490,-0.3895,1.4214,1.2870,0.1533,0.4218,0.0868
4.1530,-0.0080,-0.3576,-1.4016,1.2187,-0.1450,0.4312,-0.0833,-0.0539,-0.3959,1.4255,1.2929,0.1573,0.4182,0.0933
4.1831,0.0025,-0.3541,-1.4147,1.2303,-0.1523,0.4159,-0.0832,-0.0605,-0.4015,1.4285,1.2993,0.1602,0.4159,0.0984
4.2135,0.0059,-0.3675,-1.4151,1.2306,-0.1549,0.4203,-0.0939,-0.0660,-0.4069,1.4324,1.3066,0.1636,0.4149,0.1040
4.2430,0.0158,-0.3692,-1.4238,1.2378,-0.1590,0.4136,-0.0948,-0.0718,-0.4135,1.4354,1.3141,0.1658,0.4132,0.1085
4.2730,0.0200,-0.3792,-1.4248,1.2394,-0.1611,0.4169,-0.1024,-0.0786,-0.4184,1.4393,1.3224,0.1676,0.4117,0.1112
4.3029,0.0274,-0.3859,-1.4298,1.2490,-0.1623,0.4099,-0.1040,-0.0847,-0.4247,1.4423,1.3329,0.1692,0.4101,0.1147
4.3329,0.0345,-0.3934,-1.4328,1.2549,-0.1630,0.4087,-0.1066,-0.0914,-0.4300,1.4462,1.3430,0.1717,0.4095,0.1188
4.3530,0.0381,-0.3990,-1.4342,1.2605,-0.1640,0.4076,-0.1099,-0.0974,-0.4336,1.4498,1.3554,0.1731,0.4029,0.1201
4.3830,0.0469,-0.4061,-1.4372,1.2674,-0.1658,0.4093,-0.1142,-0.1057,-0.4372,1.4535,1.3634,0.1759,0.4078,0.1241
4.4132,0.0539,-0.4145,-1.4404,1.2785,-0.1680,0.4054,-0.1194,-0.1149,-0.4425,1.4591,1.3756,0.1794,0.4058,0.1285
4.4431,0.0634,-0.4200,-1.4449,1.2887,-0.1691,0.4039,-0.1208,-0.1241,-0.4446,1.4641,1.3901,0.1826,0.4045,0.1315
4.4732,0.0696,-0.4256,-1.4484,1.3015,-0.1715,0.4020,-0.1250,-0.1349,-0.4496,1.4697,1.4052,0.1846,0.3994,0.1334
4.5029,0.0780,-0.4323,-1.4525,1.3138,-0.1736,0.3977,-0.1286,-0.1442,-0.4501,1.4765,1.4173,0.1901,0.4025,0.1382
4.5329,0.0866,-0.4358,-1.4571,1.3240,-0.1771,0.3989,-0.1328,-0.1557,-0.4567,1.4827,1.4323,0.1925,0.3982,0.1414
4.5629,0.0942,-0.4403,-1.4614,1.3388,-0.1801,0.3975,-0.1369,-0.1684,-0.4599,1.4891,1.4491,0.1942,0.3929,0.1417
4.5929,0.1037,-0.4441,-1.4659,1.3514,-0.1817,0.3972,-0.1386,-0.1773,-0.4585,1.4961,1.4575,0.1981,0.3996,0.1437
4.6232,0.1128,-0.4489,-1.4710,1.3663,-0.1835,0.3970,-0.1407,-0.1884,-0.4613,1.5039,1.4710,0.2013,0.3980,0.1457
4.6531,0.1237,-0.4539,-1.4781,1.3909,-0.1859,0.3823,-0.1419,-0.2005,-0.4644,1.5113,1.4857,0.2032,0.3979,0.1464
4.6831,0.1368,-0.4566,-1.4846,1.4091,-0.1875,0.3761,-0.1417,-0.2120,-0.4675,1.5178,1.5001,0.2065,0.3965,0.1494
4.7030,0.1445,-0.4598,-1.4897,1.4258,-0.1891,0.3662,-0.1424,-0.2210,-0.4725,1.5231,1.5108,0.2086,0.3939,0.1520
4.7329,0.1511,-0.4610,-1.4916,1.4229,-0.1929,0.3931,-0.1489,-0.2331,-0.4704,1.5333,1.5254,0.2123,0.3940,0.1519
4.7629,0.1633,-0.4640,-1.4989,1.4386,-0.1956,0.3925,-0.1506,-0.2467,-0.4720,1.5421,1.5393,0.2154,0.3951,0.1534
4.7929,0.1749,-0.4673,-1.5052,1.4543,-0.1988,0.3905,-0.1535,-0.2606,-0.4786,1.5508,1.5577,0.2185,0.3889,0.1566
4.8230,0.1878,-0.4683,-1.5132,1.4712,-0.2025,0.3901,-0.1554,-0.2729,-0.4741,1.5606,1.5696,0.2233,0.3929,0.1578
4.8530,0.2003,-0.4699,-1.5204,1.4882,-0.2056,0.3891,-0.1573,-0.2864,-0.4752,1.5706,1.5834,0.2262,0.3923,0.1584
4.8830,0.2145,-0.4748,-1.5284,1.5073,-0.2081,0.3826,-0.1591,-0.3005,-0.4823,1.5798,1.6008,0.2296,0.3870,0.1624
4.9133,0.2286,-0.4811,-1.5369,1.5262,-0.2111,0.3762,-0.1620,-0.3142,-0.4795,1.5885,1.6144,0.2329,0.3901,0.1628
4.9430,0.2416,-0.4780,-1.5442,1.5372,-0.2158,0.3844,-0.1647,-0.3277,-0.4803,1.5981,1.6288,0.2357,0.3877,0.1635
4.9731,0.2553,-0.4796,-1.5528,1.5538,-0.2192,0.3834,-0.1668,-0.3425,-0.4822,1.6058,1.6442,0.2375,0.3853,0.1640
5.0029,0.2702,-0.4842,-1.5616,1.5728,-0.2219,0.3775,-0.1686,-0.3566,-0.4885,1.6155,1.6615,0.2409,0.3797,0.1679
5.0230,0.2814,-0.4872,-1.5680,1.5862,-0.2237,0.3738,-0.1697,-0.3647,-0.4865,1.6196,1.6667,0.2410,0.3865,0.1665
5.0530,0.2971,-0.4891,-1.5771,1.6079,-0.2257,0.3658,-0.1695,-0.3782,-0.4898,1.6285,1.6852,0.2436,0.3795,0.1681
5.0830,0.3097,-0.4891,-1.5825,1.6138,-0.2264,0.3815,-0.1698,-0.3896,-0.4913,1.6344,1.6946,0.2437,0.3857,0.1678
5.1133,0.3262,-0.4932,-1.5925,1.6347,-0.2292,0.3748,-0.1715,-0.4020,-0.4918,1.6425,1.7080,0.2450,0.3867,0.1676
5.1432,0.3421,-0.4994,-1.6030,1.6539,-0.2327,0.3690,-0.1750,-0.4149,-0.4944,1.6488,1.7229,0.2468,0.3860,0.1696
5.1730,0.3571,-0.5018,-1.6124,1.6741,-0.2350,0.3616,-0.1757,-0.4273,-0.4955,1.6549,1.7359,0.2472,0.3865,0.1691
5.2029,0.3712,-0.5003,-1.6178,1.6785,-0.2326,0.3790,-0.1719,-0.4394,-0.4946,1.6618,1.7528,0.2484,0.3802,0.1681
5.2330,0.3867,-0.5013,-1.6270,1.6991,-0.2346,0.3717,-0.1718,-0.4501,-0.4986,1.6653,1.7633,0.2497,0.3865,0.1714
5.2629,0.4005,-0.5025,-1.6356,1.7181,-0.2365,0.3646,-0.1720,-0.4613,-0.4990,1.6709,1.7762,0.2503,0.3866,0.1713
5.2930,0.4131,-0.5093,-1.6399,1.7254,-0.2368,0.3766,-0.1751,-0.4744,-0.4964,1.6778,1.7946,0.2511,0.3798,0.1691
5.3230,0.4277,-0.5105,-1.6489,1.7439,-0.2388,0.3705,-0.1755,-0.4834,-0.4979,1.6811,1.7999,0.2523,0.3947,0.1720
5.3530,0.4403,-0.5129,-1.6532,1.7545,-0.2390,0.3791,-0.1767,-0.4911,-0.4959,1.6852,1.8119,0.2531,0.3991,0.1719
5.3730,0.4494,-0.5156,-1.6605,1.7689,-0.2413,0.3720,-0.1783,-0.4982,-0.4950,1.6891,1.8194,0.2535,0.4023,0.1715
5.4029,0.4595,-0.5130,-1.6651,1.7776,-0.2414,0.3833,-0.1775,-0.5080,-0.4923,1.6935,1.8297,0.2543,0.4083,0.1711
5.4329,0.4705,-0.5124,-1.6719,1.7920,-0.2425,0.3882,-0.1775,-0.5201,-0.4890,1.6998,1.8491,0.2549,0.3998,0.1685
5.4629,0.4856,-0.5128,-1.6826,1.8171,-0.2450,0.3759,-0.1774,-0.5292,-0.4909,1.7011,1.8508,0.2555,0.4181,0.1720
5.4930,0.4939,-0.5091,-1.6845,1.8193,-0.2448,0.3994,-0.1776,-0.5390,-0.4900,1.7037,1.8616,0.2554,0.4218,0.1716
5.5230,0.5072,-0.5081,-1.6933,1.8410,-0.2466,0.3891,-0.1767,-0.5485,-0.4876,1.7077,1.8719,0.2556,0.4282,0.1708
5.5530,0.5140,-0.5070,-1.6949,1.8455,-0.2460,0.4073,-0.1770,-0.5609,-0.4811,1.7107,1.8870,0.2545,0.4251,0.1660
5.5830,0.5243,-0.5055,-1.6995,1.8567,-0.2470,0.4120,-0.1773,-0.5717,-0.4785,1.7161,1.9028,0.2551,0.4192,0.1641
5.6131,0.5350,-0.5044,-1.7020,1.8690,-0.2475,0.4166,-0.1778,-0.5825,-0.4759,1.7214,1.9179,0.2556,0.4140,0.1624
5.6430,0.5451,-0.5032,-1.7076,1.8803,-0.2476,0.4223,-0.1770,-0.5882,-0.4827,1.7179,1.9078,0.2568,0.4498,0.1718
5.6730,0.5550,-0.5011,-1.7113,1.8920,-0.2481,0.4277,-0.1768,-0.5989,-0.4801,1.7238,1.9257,0.2577,0.4416,0.1699
5.6929,0.5630,-0.4965,-1.7135,1.9038,-0.2474,0.4237,-0.1733,-0.6028,-0.4826,1.7222,1.9213,0.2559,0.4614,0.1717
5.7230,0.5750,-0.4964,-1.7224,1.9240,-0.2496,0.4136,-0.1734,-0.6136,-0.4797,1.7265,1.9340,0.2561,0.4587,0.1697
5.7531,0.5811,-0.4982,-1.7209,1.9187,-0.2496,0.4420,-0.1778,-0.6198,-0.4795,1.7286,1.9355,0.2548,0.4732,0.1695
5.7831,0.5906,-0.4965,-1.7240,1.9280,-0.2498,0.4483,-0.1778,-0.6272,-0.4786,1.7318,1.9435,0.2537,0.4803,0.1683
5.8131,0.6014,-0.4953,-1.7264,1.9367,-0.2486,0.4553,-0.1765,-0.6375,-0.4773,1.7372,1.9561,0.2547,0.4770,0.1677
5.8430,0.6101,-0.4955,-1.7308,1.9454,-0.2479,0.4618,-0.1759,-0.6433,-0.4739,1.7369,1.9559,0.2536,0.4935,0.1670
5.8731,0.6186,-0.4960,-1.7327,1.9533,-0.2468,0.4673,-0.1755,-0.6514,-0.4736,1.7393,1.9621,0.2528,0.4987,0.1665
5.9029,0.6273,-0.4948,-1.7364,1.9620,-0.2465,0.4735,-0.1748,-0.6579,-0.4728,1.7410,1.9674,0.2523,0.5036,0.1661
5.9329,0.6390,-0.4918,-1.7416,1.9766,-0.2469,0.4697,-0.1729,-0.6661,-0.4703,1.7440,1.9774,0.2523,0.5014,0.1644
5.9629,0.6438,-0.4904,-1.7432,1.9770,-0.2463,0.4850,-0.1732,-0.6742,-0.4675,1.7458,1.9843,0.2518,0.5024,0.1625
5.9931,0.6524,-0.4866,-1.7457,1.9886,-0.2460,0.4817,-0.1704,-0.6815,-0.4641,1.7475,1.9939,0.2514,0.5000,0.1600
6.0133,0.6565,-0.4891,-1.7461,1.9889,-0.2450,0.4935,-0.1722,-0.6818,-0.4722,1.7463,1.9856,0.2474,0.5174,0.1619
6.0430,0.6642,-0.4900,-1.7487,1.9945,-0.2432,0.4973,-0.1708,-0.6871,-0.4731,1.7477,1.9906,0.2454,0.5198,0.1602
6.0732,0.6722,-0.4907,-1.7492,2.0001,-0.2409,0.4984,-0.1689,-0.6917,-0.4689,1.7464,1.9958,0.2439,0.5199,0.1567
6.1030,0.6781,-0.4914,-1.7523,2.0052,-0.2395,0.5016,-0.1678,-0.6964,-0.4671,1.7484,2.0045,0.2441,0.5156,0.1553
6.1329,0.6857,-0.4869,-1.7527,2.0135,-0.2383,0.5011,-0.1643,-0.6999,-0.4754,1.7486,2.0015,0.2402,0.5257,0.1565
6.1629,0.6924,-0.4838,-1.7548,2.0245,-0.2382,0.4966,-0.1619,-0.7020,-0.4760,1.7485,2.0050,0.2389,0.5263,0.1555
6.1930,0.6962,-0.4913,-1.7562,2.0211,-0.2350,0.5103,-0.1636,-0.7031,-0.4735,1.7467,2.0065,0.2378,0.5265,0.1532
6.2230,0.7006,-0.4890,-1.7564,2.0247,-0.2342,0.5112,-0.1619,-0.7058,-0.4776,1.7471,2.0094,0.2362,0.5257,0.1537
6.2530,0.7048,-0.4855,-1.7562,2.0322,-0.2334,0.5082,-0.1590,-0.7056,-0.4774,1.7463,2.0102,0.2365,0.5252,0.1540
6.2830,0.7105,-0.4929,-1.7583,2.0318,-0.2317,0.5122,-0.1614,-0.7063,-0.4768,1.7468,2.0142,0.2366,0.5219,0.1533
6.3131,0.7131,-0.4910,-1.7584,2.0364,-0.2313,0.5102,-0.1597,-0.7057,-0.4772,1.7459,2.0099,0.2363,0.5257,0.1537
6.3431,0.7158,-0.4933,-1.7593,2.0355,-0.2313,0.5124,-0.1614,-0.7051,-0.4770,1.7457,2.0105,0.2363,0.5247,0.1535
6.3630,0.7180,-0.4930,-1.7604,2.0378,-0.2315,0.5120,-0.1613,-0.7049,-0.4773,1.7459,2.0106,0.2364,0.5243,0.1537
6.3930,0.7192,-0.4921,-1.7602,2.0389,-0.2311,0.5122,-0.1606,-0.7051,-0.4779,1.7459,2.0102,0.2360,0.5242,0.1536
6.4230,0.7224,-0.4921,-1.7607,2.0402,-0.2314,0.5142,-0.1613,-0.7042,-0.4791,1.7463,2.0102,0.2360,0.5243,0.1541
6.4531,0.7228,-0.4911,-1.7601,2.0417,-0.2310,0.5133,-0.1604,-0.7045,-0.4780,1.7452,2.0104,0.2359,0.5242,0.1537
6.4830,0.7244,-0.4908,-1.7613,2.0455,-0.2314,0.5110,-0.1602,-0.7045,-0.4779,1.7457,2.0098,0.2359,0.5248,0.1536
6.5135,0.7247,-0.4902,-1.7605,2.0441,-0.2309,0.5128,-0.1597,-0.7051,-0.4778,1.7458,2.0104,0.2346,0.5269,0.1522
6.5430,0.7247,-0.4902,-1.7603,2.0445,-0.2310,0.5148,-0.1602,-0.7055,-0.4784,1.7435,2.0110,0.2331,0.5283,0.1515
6.5730,0.7249,-0.4888,-1.7599,2.0439,-0.2308,0.5149,-0.1592,-0.7063,-0.4795,1.7438,2.0110,0.2304,0.5310,0.1491
6.6029,0.7249,-0.4869,-1.7580,2.0444,-0.2298,0.5150,-0.1575,-0.7068,-0.4751,1.7401,2.0141,0.2285,0.5295,0.1449
6.6329,0.7244,-0.4865,-1.7578,2.0460,-0.2298,0.5131,-0.1570,-0.7080,-0.4819,1.7378,2.0142,0.2239,0.5340,0.1443
6.6629,0.7260,-0.4931,-1.7582,2.0429,-0.2231,0.5181,-0.1531,-0.7091,-0.4837,1.7349,2.0177,0.2194,0.5360,0.1408
6.6830,0.7253,-0.4942,-1.7578,2.0433,-0.2212,0.5204,-0.1516,-0.7101,-0.4845,1.7338,2.0198,0.2167,0.5363,0.1383
6.7133,0.7259,-0.4954,-1.7566,2.0445,-0.2163,0.5231,-0.1469,-0.7110,-0.4844,1.7281,2.0238,0.2121,0.5403,0.1345
6.7430,0.7261,-0.4970,-1.7559,2.0449,-0.2119,0.5286,-0.1431,-0.7127,-0.4857,1.7237,2.0290,0.2067,0.5426,0.1301
6.7731,0.7259,-0.4975,-1.7539,2.0463,-0.2066,0.5327,-0.1378,-0.7154,-0.4860,1.7176,2.0335,0.2012,0.5447,0.1254
6.8029,0.7263,-0.4991,-1.7523,2.0483,-0.2018,0.5353,-0.1334,-0.7174,-0.4858,1.7120,2.0399,0.1951,0.5490,0.1199
6.8329,0.7272,-0.4988,-1.7503,2.0507,-0.1972,0.5391,-0.1286,-0.7195,-0.4856,1.7048,2.0461,0.1884,0.5521,0.1138
6.8629,0.7282,-0.5001,-1.7481,2.0533,-0.1906,0.5405,-0.1220,-0.7231,-0.4852,1.6999,2.0529,0.1813,0.5552,0.1067
6.8929,0.7277,-0.4990,-1.7452,2.0569,-0.1850,0.5464,-0.1158,-0.7250,-0.4831,1.6929,2.0599,0.1749,0.5593,0.0999
6.9230,0.7288,-0.4986,-1.7392,2.0600,-0.1783,0.5505,-0.1093,-0.7299,-0.4718,1.6843,2.0726,0.1697,0.5532,0.0890
6.9530,0.7297,-0.4981,-1.7353,2.0636,-0.1708,0.5548,-0.1013,-0.7319,-0.4784,1.6795,2.0731,0.1619,0.5648,0.0856
6.9831,0.7314,-0.4960,-1.7291,2.0684,-0.1637,0.5603,-0.0936,-0.7359,-0.4746,1.6752,2.0799,0.1557,0.5691,0.0775
7.0130,0.7351,-0.4890,-1.7246,2.0801,-0.1609,0.5535,-0.0868,-0.7393,-0.4707,1.6707,2.0869,0.1490,0.5728,0.0688
7.0329,0.7338,-0.4917,-1.7222,2.0770,-0.1529,0.5653,-0.0801,-0.7430,-0.4635,1.6644,2.0934,0.1452,0.5708,0.0616
7.0629,0.7357,-0.4905,-1.7157,2.0812,-0.1453,0.5686,-0.0723,-0.7478,-0.4554,1.6574,2.1008,0.1408,0.5692,0.0535
7.0929,0.7375,-0.4863,-1.7100,2.0862,-0.1392,0.5722,-0.0643,-0.7514,-0.4586,1.6539,2.1020,0.1315,0.5808,0.0461
7.1230,0.7427,-0.4770,-1.7032,2.1015,-0.1350,0.5634,-0.0550,-0.7553,-0.4539,1.6482,2.1079,0.1242,0.5842,0.0365
7.1530,0.7402,-0.4794,-1.6979,2.0984,-0.1257,0.5789,-0.0474,-0.7614,-0.4441,1.6390,2.1157,0.1185,0.5833,0.0264
7.1833,0.7451,-0.4702,-1.6902,2.1104,-0.1210,0.5729,-0.0381,-0.7660,-0.4449,1.6345,2.1188,0.1087,0.5909,0.0169
7.2132,0.7438,-0.4721,-1.6857,2.1095,-0.1109,0.5853,-0.0289,-0.7709,-0.4416,1.6279,2.1246,0.1003,0.5940,0.0070
7.2430,0.7512,-0.4630,-1.6788,2.1220,-0.1062,0.5811,-0.0198,-0.7785,-0.4330,1.6206,2.1367,0.0954,0.5897,-0.0021
7.2731,0.7496,-0.4624,-1.6725,2.1214,-0.0943,0.5950,-0.0075,-0.7824,-0.4333,1.6142,2.1375,0.0825,0.5999,-0.0150
7.3029,0.7525,-0.4586,-1.6660,2.1259,-0.0852,0.5997,0.0037,-0.7875,-0.4298,1.6078,2.1436,0.0729,0.6027,-0.0267
7.3329,0.7566,-0.4536,-1.6589,2.1312,-0.0767,0.6025,0.0147,-0.7937,-0.4265,1.6012,2.1515,0.0639,0.6061,-0.0373
7.3530,0.7603,-0.4478,-1.6534,2.1398,-0.0734,0.5980,0.0208,-0.7982,-0.4199,1.5939,2.1568,0.0595,0.6053,-0.0446
7.3830,0.7629,-0.4465,-1.6471,2.1427,-0.0608,0.6065,0.0344,-0.8037,-0.4207,1.5897,2.1614,0.0484,0.6099,-0.0559
7.4130,0.7673,-0.4409,-1.6380,2.1491,-0.0520,0.6097,0.0457,-0.8101,-0.4167,1.5833,2.1677,0.0397,0.6123,-0.0667
7.4430,0.7719,-0.4373,-1.6316,2.1555,-0.0434,0.6111,0.0562,-0.8159,-0.4138,1.5760,2.1744,0.0306,0.6133,-0.0771
7.4730,0.7766,-0.4329,-1.6242,2.1609,-0.0344,0.6133,0.0674,-0.8235,-0.4052,1.5664,2.1835,0.0245,0.6114,-0.0870
7.5030,0.7832,-0.4245,-1.6152,2.1700,-0.0288,0.6109,0.0769,-0.8260,-0.4067,1.5632,2.1863,0.0142,0.6174,-0.0972
7.5329,0.7860,-0.4220,-1.6091,2.1736,-0.0190,0.6158,0.0881,-0.8343,-0.3996,1.5553,2.1957,0.0089,0.6157,-0.1058
7.5629,0.7920,-0.4166,-1.6017,2.1800,-0.0121,0.6175,0.0976,-0.8368,-0.3995,1.5503,2.1974,0.0005,0.6238,-0.1142
7.5930,0.7968,-0.4114,-1.5946,2.1866,-0.0049,0.6185,0.1072,-0.8423,-0.3955,1.5445,2.2032,-0.0052,0.6285,-0.1219
7.6230,0.8040,-0.4051,-1.5879,2.1942,-0.0004,0.6176,0.1146,-0.8462,-0.3904,1.5399,2.2067,-0.0093,0.6344,-0.1287
7.6531,0.8115,-0.3992,-1.5816,2.2045,0.0040,0.6143,0.1217,-0.8508,-0.3861,1.5356,2.2104,-0.0132,0.6393,-0.1349
7.6730,0.8115,-0.3941,-1.5776,2.2018,0.0081,0.6291,0.1287,-0.8573,-0.3845,1.5348,2.2181,-0.0146,0.6375,-0.1374
7.7029,0.8166,-0.3879,-1.5719,2.2072,0.0121,0.6346,0.1357,-0.8585,-0.3787,1.5304,2.2155,-0.0175,0.6512,-0.1434
7.7329,0.8258,-0.3833,-1.5675,2.2193,0.0157,0.6310,0.1417,-0.8622,-0.3746,1.5271,2.2184,-0.0203,0.6607,-0.1485
7.7629,0.8281,-0.3754,-1.5616,2.2164,0.0162,0.6477,0.1458,-0.8669,-0.3716,1.5251,2.2202,-0.0221,0.6669,-0.1522
7.7929,0.8337,-0.3701,-1.5579,2.2208,0.0178,0.6517,0.1502,-0.8727,-0.3688,1.5227,2.2229,-0.0251,0.6759,-0.1572
7.8230,0.8389,-0.3646,-1.5531,2.2250,0.0199,0.6598,0.1550,-0.8765,-0.3672,1.5213,2.2236,-0.0284,0.6844,-0.1619
7.8530,0.8440,-0.3585,-1.5492,2.2276,0.0221,0.6675,0.1606,-0.8809,-0.3644,1.5191,2.2260,-0.0308,0.6922,-0.1661
7.8830,0.8487,-0.3532,-1.5463,2.2292,0.0233,0.6739,0.1649,-0.8901,-0.3633,1.5192,2.2346,-0.0320,0.6921,-0.1686
7.9130,0.8587,-0.3500,-1.5434,2.2379,0.0262,0.6745,0.1696,-0.8976,-0.3589,1.5130,2.2378,-0.0362,0.6955,-0.1750
7.9430,0.8593,-0.3465,-1.5383,2.2345,0.0299,0.6891,0.1751,-0.8967,-0.3646,1.5136,2.2318,-0.0417,0.7147,-0.1779
7.9730,0.8644,-0.3439,-1.5337,2.2375,0.0328,0.6966,0.1792,-0.9019,-0.3651,1.5114,2.2342,-0.0460,0.7195,-0.1821
8.0029,0.8694,-0.3420,-1.5328,2.2390,0.0357,0.7021,0.1838,-0.9067,-0.3656,1.5079,2.2363,-0.0501,0.7260,-0.1858
8.0230,0.8741,-0.3397,-1.5297,2.2407,0.0380,0.7046,0.1873,-0.9118,-0.3621,1.5024,2.2401,-0.0537,0.7266,-0.1909
8.0531,0.8786,-0.3393,-1.5267,2.2432,0.0413,0.7109,0.1907,-0.9141,-0.3677,1.5015,2.2411,-0.0580,0.7352,-0.1920
8.0830,0.8836,-0.3386,-1.5235,2.2458,0.0446,0.7167,0.1944,-0.9214,-0.3622,1.4925,2.2457,-0.0638,0.7367,-0.2002
8.1132,0.8884,-0.3374,-1.5191,2.2484,0.0493,0.7203,0.1995,-0.9225,-0.3715,1.4909,2.2461,-0.0676,0.7440,-0.1977
8.1431,0.8935,-0.3388,-1.5170,2.2510,0.0538,0.7264,0.2033,-0.9285,-0.3677,1.4847,2.2513,-0.0718,0.7438,-0.2035
8.1730,0.8980,-0.3395,-1.5121,2.2541,0.0579,0.7296,0.2063,-0.9292,-0.3738,1.4811,2.2524,-0.0769,0.7499,-0.2041
8.2029,0.9019,-0.3399,-1.5092,2.2566,0.0618,0.7310,0.2098,-0.9326,-0.3742,1.4760,2.2559,-0.0803,0.7517,-0.2064
8.2329,0.9077,-0.3357,-1.5021,2.2609,0.0663,0.7317,0.2161,-0.9336,-0.3752,1.4712,2.2590,-0.0846,0.7519,-0.2090
8.2630,0.9139,-0.3331,-1.4979,2.2660,0.0694,0.7322,0.2205,-0.9377,-0.3719,1.4650,2.2648,-0.0886,0.7492,-0.2140
8.2929,0.9145,-0.3412,-1.4971,2.2661,0.0707,0.7361,0.2161,-0.9369,-0.3751,1.4614,2.2658,-0.0924,0.7533,-0.2150
8.3230,0.9172,-0.3406,-1.4925,2.2691,0.0739,0.7353,0.2189,-0.9377,-0.3748,1.4556,2.2692,-0.0967,0.7514,-0.2182
8.3430,0.9208,-0.3416,-1.4909,2.2713,0.0757,0.7354,0.2198,-0.9372,-0.3742,1.4521,2.2719,-0.0991,0.7496,-0.2200
8.3730,0.9220,-0.3409,-1.4858,2.2744,0.0796,0.7359,0.2233,-0.9380,-0.3736,1.4466,2.2745,-0.1041,0.7488,-0.2242
8.4029,0.9243,-0.3359,-1.4760,2.2752,0.0851,0.7365,0.2304,-0.9406,-0.3706,1.4401,2.2806,-0.1081,0.7444,-0.2287
8.4329,0.9280,-0.3421,-1.4748,2.2813,0.0894,0.7347,0.2304,-0.9370,-0.3723,1.4365,2.2807,-0.1139,0.7454,-0.2326
8.4629,0.9298,-0.3387,-1.4678,2.2842,0.0935,0.7330,0.2353,-0.9383,-0.3690,1.4292,2.2855,-0.1182,0.7410,-0.2373
8.4931,0.9314,-0.3423,-1.4645,2.2876,0.0987,0.7332,0.2377,-0.9362,-0.3702,1.4237,2.2871,-0.1240,0.7396,-0.2408
8.5232,0.9333,-0.3395,-1.4585,2.2910,0.1022,0.7310,0.2418,-0.9359,-0.3688,1.4190,2.2896,-0.1296,0.7364,-0.2462
8.5529,0.9350,-0.3362,-1.4519,2.2921,0.1059,0.7308,0.2465,-0.9349,-0.3653,1.4114,2.2900,-0.1336,0.7342,-0.2506
8.5830,0.9361,-0.3403,-1.4501,2.2963,0.1115,0.7291,0.2491,-0.9349,-0.3665,1.4092,2.2943,-0.1393,0.7298,-0.2549
8.6131,0.9357,-0.3346,-1.4379,2.2974,0.1181,0.7263,0.2567,-0.9344,-0.3636,1.4044,2.2949,-0.1426,0.7276,-0.2589
8.6430,0.9364,-0.3394,-1.4357,2.3004,0.1260,0.7226,0.2612,-0.9340,-0.3617,1.3998,2.2980,-0.1452,0.7235,-0.2612
8.6730,0.9355,-0.3353,-1.4273,2.2983,0.1304,0.7229,0.2665,-0.9329,-0.3608,1.3977,2.2989,-0.1462,0.7214,-0.2620
8.6931,0.9362,-0.3336,-1.4236,2.3002,0.1325,0.7212,0.2688,-0.9319,-0.3606,1.3968,2.3002,-0.1467,0.7191,-0.2620
8.7232,0.9381,-0.3342,-1.4208,2.3043,0.1363,0.7147,0.2713,-0.9321,-0.3523,1.3923,2.2999,-0.1490,0.7183,-0.2690
8.7530,0.9395,-0.3296,-1.4161,2.3056,0.1364,0.7126,0.2733,-0.9319,-0.3479,1.3908,2.3024,-0.1505,0.7127,-0.2726
8.7830,0.9401,-0.3268,-1.4118,2.3070,0.1368,0.7096,0.2741,-0.9315,-0.3450,1.3873,2.3035,-0.1524,0.7092,-0.2753
8.8131,0.9406,-0.3219,-1.4083,2.3089,0.1378,0.7031,0.2771,-0.9312,-0.3427,1.3872,2.3059,-0.1544,0.7056,-0.2786
8.8430,0.9405,-0.3187,-1.4033,2.3095,0.1399,0.7004,0.2800,-0.9317,-0.3420,1.3854,2.3076,-0.1585,0.7047,-0.2830
8.8731,0.9400,-0.3165,-1.4001,2.3104,0.1439,0.6970,0.2846,-0.9307,-0.3414,1.3846,2.3087,-0.1611,0.7034,-0.2858
8.9030,0.9411,-0.3144,-1.3954,2.3137,0.1467,0.6941,0.2875,-0.9300,-0.3409,1.3824,2.3100,-0.1651,0.7034,-0.2899
8.9329,0.9389,-0.3134,-1.3914,2.3139,0.1510,0.6940,0.2916,-0.9320,-0.3434,1.3793,2.3110,-0.1705,0.7029,-0.2934
8.9629,0.9396,-0.3109,-1.3857,2.3167,0.1542,0.6910,0.2950,-0.9348,-0.3414,1.3742,2.3167,-0.1739,0.6991,-0.2968
8.9929,0.9414,-0.3090,-1.3810,2.3210,0.1572,0.6877,0.2980,-0.9328,-0.3454,1.3725,2.3148,-0.1792,0.7021,-0.2995
9.0130,0.9383,-0.3113,-1.3825,2.3199,0.1624,0.6910,0.3026,-0.9337,-0.3466,1.3698,2.3172,-0.1823,0.7020,-0.3015
9.0431,0.9368,-0.3114,-1.3796,2.3206,0.1665,0.6906,0.3061,-0.9344,-0.3478,1.3658,2.3198,-0.1865,0.7002,-0.3038
9.0731,0.9385,-0.3090,-1.3739,2.3246,0.1699,0.6873,0.3095,-0.9343,-0.3485,1.3624,2.3223,-0.1896,0.6989,-0.3056
9.1031,0.9367,-0.3130,-1.3732,2.3252,0.1745,0.6889,0.3117,-0.9365,-0.3450,1.3547,2.3243,-0.1942,0.6976,-0.3108
9.1331,0.9358,-0.3133,-1.3699,2.3264,0.1779,0.6877,0.3141,-0.9344,-0.3513,1.3526,2.3277,-0.1983,0.6948,-0.3097
9.1631,0.9349,-0.3150,-1.3665,2.3287,0.1830,0.6863,0.3172,-0.9362,-0.3474,1.3437,2.3296,-0.2035,0.6929,-0.3155
9.1929,0.9347,-0.3182,-1.3606,2.3305,0.1888,0.6860,0.3197,-0.9321,-0.3547,1.3417,2.3309,-0.2091,0.6917,-0.3152
9.2230,0.9341,-0.3212,-1.3564,2.3334,0.1969,0.6843,0.3252,-0.9313,-0.3567,1.3371,2.3314,-0.2141,0.6900,-0.3178
9.2530,0.9344,-0.3227,-1.3506,2.3359,0.2015,0.6848,0.3275,-0.9328,-0.3526,1.3281,2.3323,-0.2193,0.6887,-0.3236
9.2830,0.9385,-0.3175,-1.3389,2.3382,0.2084,0.6839,0.3357,-0.9295,-0.3595,1.3259,2.3339,-0.2253,0.6883,-0.3243
9.3137,0.9343,-0.3290,-1.3386,2.3402,0.2143,0.6876,0.3343,-0.9284,-0.3631,1.3213,2.3347,-0.2323,0.6857,-0.3276
9.3331,0.9394,-0.3257,-1.3302,2.3455,0.2197,0.6854,0.3403,-0.9281,-0.3603,1.3153,2.3350,-0.2357,0.6838,-0.3310
9.3632,0.9350,-0.3356,-1.3275,2.3461,0.2267,0.6941,0.3412,-0.9269,-0.3649,1.3116,2.3347,-0.2408,0.6850,-0.3325
9.3931,0.9347,-0.3397,-1.3186,2.3494,0.2339,0.6998,0.3445,-0.9265,-0.3610,1.3030,2.3353,-0.2456,0.6823,-0.3373
9.4231,0.9353,-0.3429,-1.3123,2.3514,0.2397,0.7006,0.3468,-0.9233,-0.3641,1.2979,2.3365,-0.2512,0.6809,-0.3390
9.4530,0.9355,-0.3446,-1.3035,2.3540,0.2468,0.7007,0.3509,-0.9223,-0.3652,1.2941,2.3362,-0.2576,0.6795,-0.3438
9.4830,0.9353,-0.3468,-1.2961,2.3556,0.2532,0.6992,0.3537,-0.9198,-0.3638,1.2878,2.3370,-0.2627,0.6763,-0.3474
9.5133,0.9373,-0.3412,-1.2836,2.3543,0.2603,0.6994,0.3620,-0.9171,-0.3632,1.2835,2.3369,-0.2688,0.6756,-0.3526
9.5430,0.9399,-0.3369,-1.2730,2.3567,0.2667,0.6970,0.3686,-0.9137,-0.3603,1.2782,2.3384,-0.2757,0.6698,-0.3587
9.5731,0.9320,-0.3534,-1.2750,2.3604,0.2741,0.6932,0.3638,-0.9134,-0.3573,1.2704,2.3421,-0.2803,0.6642,-0.3622
9.6029,0.9334,-0.3485,-1.2635,2.3609,0.2808,0.6912,0.3707,-0.9055,-0.3569,1.2666,2.3406,-0.2903,0.6638,-0.3708
9.6329,0.9348,-0.3435,-1.2520,2.3610,0.2875,0.6896,0.3778,-0.8994,-0.3541,1.2593,2.3404,-0.2988,0.6573,-0.3774
9.6629,0.9260,-0.3568,-1.2561,2.3637,0.2980,0.6847,0.3788,-0.8932,-0.3496,1.2506,2.3396,-0.3070,0.6518,-0.3844
9.6830,0.9257,-0.3536,-1.2483,2.3648,0.3025,0.6814,0.3827,-0.8895,-0.3469,1.2447,2.3398,-0.3134,0.6467,-0.3897
9.7131,0.9205,-0.3559,-1.2446,2.3646,0.3135,0.6780,0.3902,-0.8824,-0.3420,1.2351,2.3386,-0.3235,0.6373,-0.3978
9.7431,0.9163,-0.3547,-1.2380,2.3664,0.3232,0.6716,0.3972,-0.8736,-0.3347,1.2220,2.3328,-0.3298,0.6317,-0.4025
9.7730,0.9120,-0.3524,-1.2289,2.3659,0.3327,0.6641,0.4038,-0.8668,-0.3334,1.2141,2.3343,-0.3453,0.6148,-0.4131
9.8029,0.9056,-0.3504,-1.2204,2.3647,0.3435,0.6554,0.4110,-0.8584,-0.3279,1.2018,2.3336,-0.3580,0.5997,-0.4219
9.8329,0.8982,-0.3436,-1.2080,2.3589,0.3496,0.6511,0.4157,-0.8493,-0.3227,1.1894,2.3303,-0.3705,0.5866,-0.4306
9.8629,0.8927,-0.3419,-1.2012,2.3634,0.3679,0.6278,0.4281,-0.8400,-0.3119,1.1720,2.3214,-0.3790,0.5815,-0.4382
9.8929,0.8840,-0.3374,-1.1903,2.3638,0.3811,0.6101,0.4361,-0.8303,-0.3127,1.1636,2.3235,-0.3961,0.5608,-0.4476
9.9230,0.8765,-0.3335,-1.1798,2.3612,0.3951,0.5950,0.4454,-0.8202,-0.3078,1.1508,2.3213,-0.4084,0.5487,-0.4553
9.9530,0.8670,-0.3290,-1.1679,2.3590,0.4092,0.5802,0.4547,-0.8099,-0.3010,1.1361,2.3164,-0.4194,0.5360,-0.4620
9.9831,0.8560,-0.3200,-1.1540,2.3493,0.4156,0.5753,0.4593,-0.7990,-0.2948,1.1225,2.3114,-0.4301,0.5252,-0.4686
10.0030,0.8502,-0.3206,-1.1483,2.3548,0.4301,0.5592,0.4679,-0.7934,-0.2876,1.1133,2.3043,-0.4345,0.5232,-0.4730
10.0330,0.8396,-0.3105,-1.1331,2.3448,0.4372,0.5541,0.4735,-0.7807,-0.2855,1.1011,2.3019,-0.4467,0.5090,-0.4781
10.0629,0.8293,-0.3073,-1.1231,2.3449,0.4518,0.5367,0.4819,-0.7736,-0.2751,1.0871,2.2941,-0.4537,0.5043,-0.4846
10.0929,0.8189,-0.3005,-1.1117,2.3387,0.4608,0.5266,0.4874,-0.7608,-0.2728,1.0770,2.2909,-0.4650,0.4915,-0.4895
10.1230,0.8082,-0.2920,-1.0995,2.3303,0.4677,0.5176,0.4913,-0.7540,-0.2608,1.0621,2.2811,-0.4724,0.4879,-0.4973
10.1530,0.7974,-0.2843,-1.0864,2.3240,0.4774,0.5066,0.4972,-0.7391,-0.2619,1.0534,2.2767,-0.4830,0.4772,-0.5003
10.1830,0.7882,-0.2750,-1.0737,2.3160,0.4835,0.5008,0.5016,-0.7281,-0.2572,1.0416,2.2700,-0.4911,0.4694,-0.5039
10.2130,0.7738,-0.2716,-1.0629,2.3139,0.4965,0.4888,0.5083,-0.7169,-0.2501,1.0308,2.2623,-0.4986,0.4622,-0.5083
10.2430,0.7650,-0.2617,-1.0497,2.3062,0.5030,0.4825,0.5131,-0.7046,-0.2461,1.0193,2.2551,-0.5066,0.4552,-0.5114
10.2730,0.7501,-0.2595,-1.0386,2.3012,0.5136,0.4746,0.5173,-0.6947,-0.2400,1.0090,2.2480,-0.5130,0.4480,-0.5144
10.3029,0.7405,-0.2487,-1.0262,2.2912,0.5194,0.4695,0.5220,-0.6838,-0.2333,0.9987,2.2406,-0.5205,0.4423,-0.5191
10.3329,0.7269,-0.2451,-1.0162,2.2866,0.5280,0.4592,0.5246,-0.6729,-0.2273,0.9873,2.2320,-0.5264,0.4347,-0.5208
10.3530,0.7185,-0.2405,-1.0083,2.2803,0.5318,0.4548,0.5254,-0.6698,-0.2183,0.9784,2.2247,-0.5309,0.4332,-0.5264
10.3831,0.7073,-0.2315,-0.9990,2.2726,0.5385,0.4474,0.5300,-0.6614,-0.2079,0.9696,2.2142,-0.5349,0.4298,-0.5302
10.4133,0.6960,-0.2248,-0.9889,2.2641,0.5437,0.4406,0.5315,-0.6551,-0.1940,0.9575,2.2016,-0.5409,0.4275,-0.5377
10.4430,0.6843,-0.2174,-0.9786,2.2563,0.5498,0.4335,0.5342,-0.6333,-0.2037,0.9482,2.1998,-0.5473,0.4121,-0.5288
10.4730,0.6716,-0.2101,-0.9684,2.2475,0.5556,0.4275,0.5365,-0.6240,-0.1965,0.9386,2.1912,-0.5532,0.4043,-0.5317
10.5029,0.6634,-0.1974,-0.9586,2.2334,0.5601,0.4263,0.5421,-0.6133,-0.1914,0.9277,2.1809,-0.5585,0.3983,-0.5328
10.5329,0.6542,-0.1871,-0.9488,2.2244,0.5647,0.4203,0.5453,-0.6030,-0.1849,0.9193,2.1728,-0.5638,0.3909,-0.5349
10.5629,0.6390,-0.1868,-0.9390,2.2183,0.5709,0.4050,0.5421,-0.5975,-0.1712,0.9085,2.1612,-0.5693,0.3880,-0.5417
10.5929,0.6257,-0.1798,-0.9286,2.2092,0.5764,0.3997,0.5437,-0.5826,-0.1706,0.8997,2.1541,-0.5727,0.3800,-0.5377
10.6230,0.6170,-0.1679,-0.9211,2.1955,0.5797,0.3983,0.5479,-0.5726,-0.1635,0.8897,2.1462,-0.5775,0.3733,-0.5393
10.6530,0.6056,-0.1634,-0.9104,2.1873,0.5845,0.3863,0.5464,-0.5634,-0.1567,0.8802,2.1370,-0.5814,0.3671,-0.5401
10.6731,0.5984,-0.1578,-0.9049,2.1818,0.5874,0.3831,0.5479,-0.5600,-0.1471,0.8751,2.1268,-0.5841,0.3678,-0.5447
10.7029,0.5875,-0.1504,-0.8963,2.1718,0.5913,0.3762,0.5485,-0.5479,-0.1448,0.8637,2.1221,-0.5881,0.3557,-0.5413
10.7331,0.5768,-0.1416,-0.8871,2.1606,0.5951,0.3698,0.5497,-0.5390,-0.1382,0.8538,2.1148,-0.5921,0.3509,-0.5422
10.7631,0.5672,-0.1346,-0.8792,2.1511,0.5981,0.3643,0.5499,-0.5364,-0.1233,0.8466,2.0996,-0.5962,0.3533,-0.5502
10.7929,0.5566,-0.1273,-0.8694,2.1404,0.6018,0.3580,0.5502,-0.5326,-0.1098,0.8399,2.0861,-0.5999,0.3538,-0.5567
10.8231,0.5461,-0.1197,-0.8605,2.1306,0.6060,0.3517,0.5514,-0.5156,-0.1166,0.8261,2.0884,-0.6025,0.3310,-0.5441
10.8530,0.5402,-0.1078,-0.8527,2.1204,0.6099,0.3482,0.5559,-0.5132,-0.1024,0.8182,2.0762,-0.6071,0.3305,-0.5513
10.8831,0.5356,-0.0932,-0.8458,2.1051,0.6137,0.3494,0.5627,-0.5114,-0.0881,0.8099,2.0647,-0.6120,0.3293,-0.5588
10.9130,0.5179,-0.0972,-0.8335,2.1025,0.6167,0.3328,0.5534,-0.4922,-0.0938,0.7978,2.0626,-0.6135,0.3125,-0.5472
10.9430,0.5132,-0.0828,-0.8274,2.0874,0.6201,0.3338,0.5597,-0.4845,-0.0845,0.7883,2.0525,-0.6157,0.3077,-0.5475
10.9730,0.5008,-0.0809,-0.8170,2.0824,0.6226,0.3209,0.5546,-0.4760,-0.0773,0.7783,2.0421,-0.6193,0.3023,-0.5482
10.9929,0.4956,-0.0765,-0.8113,2.0753,0.6247,0.3168,0.5549,-0.4746,-0.0672,0.7739,2.0329,-0.6221,0.3025,-0.5531
11.0230,0.4865,-0.0662,-0.8025,2.0653,0.6269,0.3121,0.5553,-0.4634,-0.0627,0.7634,2.0253,-0.6230,0.2957,-0.5488
11.0530,0.4782,-0.0596,-0.7932,2.0551,0.6291,0.3074,0.5547,-0.4612,-0.0469,0.7561,2.0119,-0.6277,0.2946,-0.5561
11.0830,0.4754,-0.0456,-0.7874,2.0418,0.6327,0.3078,0.5610,-0.4605,-0.0297,0.7506,1.9949,-0.6318,0.2978,-0.5648
11.1132,0.4634,-0.0423,-0.7764,2.0337,0.6327,0.2983,0.5546,-0.4401,-0.0338,0.7395,1.9913,-0.6295,0.2816,-0.5501
11.1430,0.4550,-0.0328,-0.7686,2.0229,0.6346,0.2939,0.5547,-0.4371,-0.0172,0.7340,1.9756,-0.6333,0.2820,-0.5570
11.1731,0.4472,-0.0221,-0.7616,2.0108,0.6357,0.2899,0.5547,-0.4256,-0.0123,0.7261,1.9669,-0.6322,0.2720,-0.5505
11.2029,0.4437,-0.0080,-0.7559,1.9983,0.6392,0.2886,0.5603,-0.4214,0.0006,0.7248,1.9513,-0.6337,0.2750,-0.5547
11.2329,0.4335,-0.0024,-0.7487,1.9888,0.6387,0.2794,0.5554,-0.4121,0.0090,0.7178,1.9434,-0.6334,0.2641,-0.5507
11.2629,0.4258,0.0078,-0.7426,1.9780,0.6396,0.2760,0.5553,-0.4073,0.0209,0.7165,1.9294,-0.6347,0.2658,-0.5539
11.2929,0.4210,0.0206,-0.7396,1.9645,0.6417,0.2762,0.5593,-0.4029,0.0329,0.7134,1.9178,-0.6368,0.2647,-0.5574
11.3230,0.4119,0.0282,-0.7327,1.9551,0.6408,0.2679,0.5550,-0.3962,0.0406,0.7078,1.9101,-0.6336,0.2567,-0.5513
11.3432,0.4100,0.0371,-0.7317,1.9447,0.6421,0.2703,0.5584,-0.3936,0.0487,0.7043,1.9045,-0.6356,0.2535,-0.5536
11.3730,0.4017,0.0465,-0.7277,1.9357,0.6410,0.2626,0.5552,-0.3875,0.0576,0.7022,1.8943,-0.6327,0.2544,-0.5505
11.4029,0.3958,0.0568,-0.7244,1.9249,0.6406,0.2587,0.5546,-0.3869,0.0681,0.6993,1.8851,-0.6352,0.2546,-0.5551
11.4329,0.3878,0.0674,-0.7243,1.9115,0.6409,0.2588,0.5556,-0.3819,0.0763,0.6950,1.8805,-0.6371,0.2482,-0.5560
11.4629,0.3832,0.0779,-0.7205,1.9042,0.6436,0.2487,0.5576,-0.3763,0.0840,0.6933,1.8722,-0.6323,0.2512,-0.5509
11.4929,0.3811,0.0916,-0.7171,1.8916,0.6465,0.2489,0.5630,-0.3745,0.0911,0.6919,1.8651,-0.6309,0.2515,-0.5502
11.5230,0.3763,0.1001,-0.7128,1.8864,0.6486,0.2431,0.5645,-0.3725,0.0980,0.6895,1.8599,-0.6325,0.2493,-0.5522
11.5530,0.3621,0.1013,-0.7104,1.8761,0.6445,0.2484,0.5574,-0.3679,0.1018,0.6871,1.8586,-0.6331,0.2440,-0.5513
11.5830,0.3581,0.1090,-0.7059,1.8725,0.6466,0.2420,0.5587,-0.3722,0.1128,0.6883,1.8508,-0.6297,0.2498,-0.5517
11.6130,0.3545,0.1163,-0.7037,1.8665,0.6479,0.2394,0.5602,-0.3724,0.1168,0.6896,1.8469,-0.6285,0.2501,-0.5515
11.6432,0.3495,0.1250,-0.7036,1.8554,0.6432,0.2486,0.5570,-0.3721,0.1216,0.6897,1.8441,-0.6280,0.2498,-0.5518
11.6630,0.3451,0.1277,-0.7023,1.8539,0.6434,0.2446,0.5558,-0.3733,0.1236,0.6895,1.8427,-0.6277,0.2500,-0.5521
11.6930,0.3453,0.1362,-0.7029,1.8452,0.6400,0.2506,0.5548,-0.3729,0.1252,0.6903,1.8397,-0.6276,0.2517,-0.5527
11.7230,0.3413,0.1405,-0.7004,1.8436,0.6409,0.2455,0.5546,-0.3754,0.1269,0.6909,1.8418,-0.6273,0.2485,-0.5528
11.7530,0.3386,0.1442,-0.6988,1.8412,0.6415,0.2426,0.5547,-0.3755,0.1281,0.6908,1.8421,-0.6281,0.2474,-0.5539
11.7832,0.3435,0.1539,-0.7007,1.8326,0.6392,0.2480,0.5563,-0.3774,0.1276,0.6918,1.8422,-0.6278,0.2474,-0.5540
11.8130,0.3433,0.1598,-0.7012,1.8298,0.6384,0.2455,0.5562,-0.3759,0.1261,0.6914,1.8446,-0.6275,0.2449,-0.5524
11.8430,0.3424,0.1629,-0.7006,1.8270,0.6390,0.2452,0.5572,-0.3780,0.1283,0.6920,1.8425,-0.6282,0.2464,-0.5546
11.8731,0.3410,0.1649,-0.7019,1.8230,0.6386,0.2471,0.5575,-0.3774,0.1277,0.6919,1.8419,-0.6278,0.2456,-0.5538
11.9031,0.3459,0.1707,-0.7009,1.8209,0.6366,0.2436,0.5566,-0.3778,0.1273,0.6926,1.8418,-0.6276,0.2452,-0.5535
11.9329,0.3438,0.1714,-0.7012,1.8197,0.6363,0.2428,0.5559,-0.3782,0.1285,0.6945,1.8434,-0.6281,0.2442,-0.5547
11.9629,0.3460,0.1740,-0.7019,1.8185,0.6368,0.2434,0.5577,-0.3786,0.1288,0.6942,1.8430,-0.6287,0.2429,-0.5553
11.9929,0.3460,0.1738,-0.7006,1.8182,0.6373,0.2440,0.5581,-0.3792,0.1295,0.6940,1.8438,-0.6288,0.2414,-0.5553
