time,left_s0,left_s1,left_e0,left_e1,left_w0,left_w1,left_w2,right_s0,right_s1,right_e0,right_e1,right_w0,right_w1,right_w2
0.0000,0.0885,-0.3364,-1.2998,1.5331,-0.0729,0.3873,-0.0770,-0.1185,-0.3138,1.2987,1.5492,0.0832,0.3891,0.0765
0.0300,0.0902,-0.3356,-1.2987,1.5326,-0.0730,0.3925,-0.0772,-0.1203,-0.3123,1.2981,1.5529,0.0829,0.3898,0.0756
0.0601,0.0932,-0.3359,-1.2963,1.5341,-0.0724,0.3961,-0.0774,-0.1231,-0.3123,1.2977,1.5580,0.0830,0.3906,0.0757
0.0901,0.0956,-0.3337,-1.2962,1.5342,-0.0717,0.3977,-0.0752,-0.1264,-0.3130,1.2976,1.5643,0.0830,0.3893,0.0759
0.1205,0.0990,-0.3289,-1.2959,1.5357,-0.0702,0.3980,-0.0709,-0.1306,-0.3118,1.2988,1.5751,0.0826,0.3822,0.0739
0.1500,0.1009,-0.3363,-1.2917,1.5382,-0.0719,0.3980,-0.0782,-0.1328,-0.3135,1.2970,1.5764,0.0829,0.3903,0.0759
0.1800,0.1043,-0.3333,-1.2921,1.5447,-0.0710,0.3940,-0.0751,-0.1383,-0.3127,1.2986,1.5892,0.0825,0.3823,0.0739
0.2099,0.1089,-0.3293,-1.2923,1.5501,-0.0697,0.3917,-0.0711,-0.1408,-0.3149,1.2970,1.5922,0.0827,0.3901,0.0758
0.2400,0.1102,-0.3364,-1.2890,1.5509,-0.0719,0.3991,-0.0786,-0.1481,-0.3112,1.2982,1.6076,0.0814,0.3804,0.0713
0.2700,0.1139,-0.3362,-1.2882,1.5558,-0.0724,0.3991,-0.0794,-0.1502,-0.3165,1.2960,1.6109,0.0824,0.3899,0.0757
0.3001,0.1201,-0.3323,-1.2888,1.5628,-0.0710,0.3968,-0.0750,-0.1562,-0.3186,1.2964,1.6202,0.0819,0.3898,0.0754
0.3300,0.1230,-0.3360,-1.2874,1.5682,-0.0723,0.3993,-0.0787,-0.1625,-0.3192,1.2955,1.6303,0.0820,0.3900,0.0758
0.3601,0.1275,-0.3347,-1.2859,1.5752,-0.0727,0.3979,-0.0791,-0.1682,-0.3222,1.2956,1.6412,0.0821,0.3893,0.0767
0.3902,0.1324,-0.3356,-1.2860,1.5838,-0.0729,0.3982,-0.0794,-0.1754,-0.3248,1.2951,1.6525,0.0817,0.3905,0.0770
0.4202,0.1381,-0.3365,-1.2862,1.5927,-0.0729,0.3990,-0.0793,-0.1847,-0.3230,1.2970,1.6679,0.0807,0.3831,0.0735
0.4501,0.1452,-0.3330,-1.2872,1.6042,-0.0716,0.3930,-0.0750,-0.1900,-0.3316,1.2953,1.6773,0.0813,0.3894,0.0783
0.4801,0.1482,-0.3363,-1.2846,1.6132,-0.0733,0.3982,-0.0797,-0.1971,-0.3348,1.2944,1.6892,0.0800,0.3884,0.0777
0.5100,0.1549,-0.3372,-1.2843,1.6241,-0.0734,0.3980,-0.0799,-0.2056,-0.3387,1.2946,1.7017,0.0802,0.3901,0.0790
0.5399,0.1616,-0.3384,-1.2837,1.6346,-0.0730,0.3974,-0.0796,-0.2159,-0.3379,1.2970,1.7186,0.0795,0.3823,0.0760
0.5699,0.1676,-0.3406,-1.2822,1.6456,-0.0728,0.3978,-0.0806,-0.2207,-0.3476,1.2949,1.7271,0.0794,0.3897,0.0805
0.6000,0.1785,-0.3368,-1.2840,1.6645,-0.0712,0.3879,-0.0751,-0.2292,-0.3510,1.2946,1.7389,0.0795,0.3897,0.0815
0.6300,0.1830,-0.3452,-1.2820,1.6713,-0.0732,0.3976,-0.0819,-0.2392,-0.3484,1.2961,1.7539,0.0781,0.3832,0.0773
0.6601,0.1945,-0.3409,-1.2834,1.6887,-0.0713,0.3895,-0.0760,-0.2489,-0.3484,1.2984,1.7674,0.0775,0.3785,0.0751
0.6900,0.1981,-0.3512,-1.2809,1.6965,-0.0721,0.3967,-0.0822,-0.2514,-0.3646,1.2957,1.7723,0.0777,0.3892,0.0827
0.7204,0.2061,-0.3549,-1.2811,1.7089,-0.0716,0.3972,-0.0825,-0.2588,-0.3691,1.2951,1.7826,0.0766,0.3893,0.0829
0.7501,0.2178,-0.3523,-1.2830,1.7251,-0.0701,0.3909,-0.0777,-0.2655,-0.3727,1.2958,1.7923,0.0771,0.3879,0.0842
0.7801,0.2232,-0.3644,-1.2802,1.7340,-0.0704,0.3963,-0.0839,-0.2733,-0.3726,1.2979,1.8058,0.0767,0.3812,0.0823
0.8101,0.2350,-0.3618,-1.2821,1.7507,-0.0689,0.3896,-0.0791,-0.2774,-0.3788,1.2976,1.8095,0.0766,0.3878,0.0846
0.8401,0.2412,-0.3722,-1.2797,1.7591,-0.0699,0.3964,-0.0851,-0.2822,-0.3810,1.2991,1.8170,0.0771,0.3880,0.0853
0.8700,0.2481,-0.3778,-1.2810,1.7700,-0.0698,0.3978,-0.0864,-0.2873,-0.3816,1.3005,1.8217,0.0770,0.3882,0.0845
0.9001,0.2568,-0.3801,-1.2803,1.7813,-0.0693,0.3966,-0.0863,-0.2906,-0.3827,1.3022,1.8299,0.0773,0.3831,0.0846
0.9300,0.2648,-0.3829,-1.2812,1.7906,-0.0696,0.3969,-0.0868,-0.2926,-0.3830,1.3028,1.8318,0.0773,0.3831,0.0843
0.9600,0.2713,-0.3866,-1.2813,1.7997,-0.0692,0.3956,-0.0874,-0.2938,-0.3826,1.3041,1.8307,0.0783,0.3871,0.0850
0.9900,0.2795,-0.3892,-1.2820,1.8086,-0.0686,0.3961,-0.0867,-0.2941,-0.3827,1.3043,1.8301,0.0779,0.3877,0.0844
1.0300,0.2886,-0.3889,-1.2841,1.8201,-0.0679,0.3925,-0.0842,-0.2936,-0.3827,1.3043,1.8307,0.0779,0.3867,0.0845
1.0601,0.2927,-0.3922,-1.2837,1.8236,-0.0690,0.3963,-0.0868,-0.2933,-0.3830,1.3048,1.8296,0.0779,0.3862,0.0844
1.0901,0.2969,-0.3930,-1.2850,1.8278,-0.0690,0.3961,-0.0863,-0.2918,-0.3838,1.3047,1.8287,0.0774,0.3849,0.0843
1.1204,0.3021,-0.3929,-1.2862,1.8334,-0.0687,0.3951,-0.0850,-0.2909,-0.3834,1.3049,1.8286,0.0777,0.3845,0.0845
1.1501,0.3080,-0.3926,-1.2876,1.8418,-0.0682,0.3919,-0.0834,-0.2903,-0.3827,1.3044,1.8280,0.0774,0.3821,0.0840
1.1800,0.3087,-0.3955,-1.2872,1.8426,-0.0701,0.3963,-0.0870,-0.2879,-0.3832,1.3042,1.8263,0.0776,0.3811,0.0846
1.2100,0.3099,-0.3951,-1.2862,1.8435,-0.0705,0.3946,-0.0876,-0.2864,-0.3827,1.3034,1.8222,0.0774,0.3838,0.0846
1.2400,0.3101,-0.3956,-1.2879,1.8441,-0.0705,0.3940,-0.0872,-0.2839,-0.3844,1.3037,1.8202,0.0782,0.3839,0.0863
1.2700,0.3098,-0.3956,-1.2882,1.8446,-0.0698,0.3941,-0.0863,-0.2813,-0.3843,1.3030,1.8165,0.0783,0.3853,0.0869
1.3002,0.3095,-0.3954,-1.2877,1.8427,-0.0706,0.3928,-0.0873,-0.2769,-0.3841,1.3016,1.8087,0.0784,0.3891,0.0878
1.3301,0.3090,-0.3946,-1.2873,1.8440,-0.0703,0.3909,-0.0868,-0.2773,-0.3815,1.3031,1.8132,0.0777,0.3759,0.0850
1.3601,0.3072,-0.3952,-1.2874,1.8449,-0.0707,0.3885,-0.0877,-0.2736,-0.3803,1.3030,1.8071,0.0774,0.3768,0.0845
1.3901,0.3049,-0.3950,-1.2890,1.8420,-0.0708,0.3931,-0.0875,-0.2690,-0.3786,1.3026,1.7994,0.0774,0.3783,0.0842
1.4207,0.3036,-0.3943,-1.2899,1.8398,-0.0703,0.3935,-0.0864,-0.2648,-0.3761,1.3023,1.7926,0.0777,0.3795,0.0839
1.4501,0.3013,-0.3957,-1.2900,1.8354,-0.0710,0.3962,-0.0879,-0.2582,-0.3744,1.3027,1.7834,0.0780,0.3795,0.0840
1.4800,0.2982,-0.3950,-1.2925,1.8330,-0.0703,0.3936,-0.0862,-0.2531,-0.3716,1.3018,1.7750,0.0783,0.3792,0.0838
1.5099,0.2957,-0.3935,-1.2932,1.8278,-0.0709,0.3930,-0.0863,-0.2444,-0.3718,1.2994,1.7598,0.0787,0.3866,0.0860
1.5399,0.2904,-0.3966,-1.2938,1.8244,-0.0725,0.3926,-0.0898,-0.2390,-0.3653,1.3001,1.7549,0.0781,0.3779,0.0825
1.5700,0.2843,-0.4009,-1.2945,1.8174,-0.0745,0.3952,-0.0943,-0.2311,-0.3613,1.2996,1.7440,0.0790,0.3773,0.0827
1.6000,0.2808,-0.3876,-1.2969,1.8095,-0.0722,0.3941,-0.0854,-0.2208,-0.3606,1.2963,1.7260,0.0792,0.3858,0.0846
1.6300,0.2719,-0.3909,-1.2962,1.7983,-0.0739,0.3981,-0.0898,-0.2080,-0.3629,1.2940,1.7089,0.0807,0.3919,0.0893
1.6601,0.2681,-0.3800,-1.2989,1.7904,-0.0740,0.3935,-0.0846,-0.2063,-0.3459,1.2974,1.7053,0.0802,0.3729,0.0800
1.6901,0.2597,-0.3743,-1.2994,1.7800,-0.0744,0.3937,-0.0832,-0.1928,-0.3484,1.2949,1.6869,0.0817,0.3795,0.0849
1.7206,0.2517,-0.3677,-1.3003,1.7686,-0.0754,0.3940,-0.0821,-0.1866,-0.3334,1.2969,1.6758,0.0819,0.3713,0.0785
1.7500,0.2437,-0.3605,-1.3002,1.7559,-0.0768,0.3933,-0.0813,-0.1776,-0.3262,1.2976,1.6580,0.0825,0.3698,0.0766
1.7800,0.2341,-0.3541,-1.3004,1.7432,-0.0773,0.3950,-0.0800,-0.1677,-0.3201,1.2959,1.6412,0.0829,0.3680,0.0759
1.8099,0.2242,-0.3466,-1.3004,1.7289,-0.0787,0.3925,-0.0793,-0.1529,-0.3221,1.2923,1.6147,0.0842,0.3814,0.0807
1.8400,0.2097,-0.3460,-1.2964,1.7070,-0.0791,0.4010,-0.0822,-0.1467,-0.3085,1.2961,1.6052,0.0829,0.3641,0.0721
1.8700,0.2029,-0.3314,-1.2990,1.6976,-0.0806,0.3846,-0.0771,-0.1309,-0.3077,1.2912,1.5739,0.0833,0.3807,0.0752
1.9000,0.1911,-0.3246,-1.2991,1.6811,-0.0807,0.3805,-0.0749,-0.1237,-0.2963,1.2944,1.5675,0.0815,0.3585,0.0669
1.9300,0.1804,-0.3185,-1.2988,1.6628,-0.0797,0.3792,-0.0719,-0.1134,-0.2907,1.2936,1.5485,0.0795,0.3573,0.0627
1.9600,0.1692,-0.3120,-1.2989,1.6459,-0.0790,0.3747,-0.0691,-0.1006,-0.2858,1.2926,1.5288,0.0769,0.3552,0.0585
1.9901,0.1531,-0.3141,-1.2953,1.6188,-0.0804,0.3875,-0.0742,-0.0887,-0.2815,1.2914,1.5105,0.0751,0.3532,0.0555
2.0300,0.1397,-0.3005,-1.2966,1.5997,-0.0739,0.3713,-0.0599,-0.0726,-0.2744,1.2896,1.4836,0.0737,0.3555,0.0525
2.0600,0.1272,-0.2929,-1.2961,1.5799,-0.0732,0.3707,-0.0568,-0.0608,-0.2690,1.2893,1.4646,0.0724,0.3563,0.0495
2.0901,0.1106,-0.2941,-1.2920,1.5508,-0.0742,0.3847,-0.0615,-0.0500,-0.2639,1.2896,1.4460,0.0727,0.3583,0.0485
2.1206,0.1012,-0.2820,-1.2955,1.5397,-0.0720,0.3714,-0.0524,-0.0396,-0.2595,1.2885,1.4276,0.0721,0.3583,0.0470
2.1500,0.0896,-0.2747,-1.2960,1.5193,-0.0720,0.3710,-0.0499,-0.0294,-0.2551,1.2891,1.4115,0.0725,0.3584,0.0462
2.1800,0.0770,-0.2685,-1.2957,1.4979,-0.0725,0.3710,-0.0489,-0.0201,-0.2518,1.2886,1.3960,0.0731,0.3579,0.0464
2.2099,0.0659,-0.2622,-1.2959,1.4784,-0.0728,0.3713,-0.0473,-0.0103,-0.2488,1.2890,1.3813,0.0728,0.3585,0.0452
2.2400,0.0501,-0.2649,-1.2922,1.4506,-0.0742,0.3850,-0.0531,-0.0000,-0.2500,1.2861,1.3602,0.0735,0.3704,0.0488
2.2700,0.0418,-0.2512,-1.2968,1.4389,-0.0745,0.3714,-0.0458,0.0052,-0.2445,1.2899,1.3552,0.0733,0.3587,0.0445
2.3000,0.0306,-0.2466,-1.2971,1.4203,-0.0750,0.3721,-0.0452,0.0126,-0.2429,1.2904,1.3423,0.0739,0.3595,0.0449
2.3301,0.0155,-0.2479,-1.2934,1.3948,-0.0758,0.3838,-0.0497,0.0182,-0.2432,1.2905,1.3315,0.0731,0.3589,0.0441
2.3601,0.0077,-0.2376,-1.2985,1.3852,-0.0764,0.3736,-0.0440,0.0248,-0.2429,1.2911,1.3219,0.0731,0.3581,0.0441
2.3901,-0.0034,-0.2335,-1.2987,1.3695,-0.0766,0.3733,-0.0431,0.0305,-0.2422,1.2916,1.3140,0.0733,0.3585,0.0442
2.4207,-0.0131,-0.2314,-1.2987,1.3534,-0.0762,0.3740,-0.0423,0.0348,-0.2419,1.2912,1.3063,0.0733,0.3592,0.0445
2.4501,-0.0250,-0.2343,-1.2960,1.3358,-0.0773,0.3811,-0.0473,0.0393,-0.2423,1.2897,1.2960,0.0735,0.3656,0.0461
2.4801,-0.0353,-0.2354,-1.2932,1.3169,-0.0778,0.3906,-0.0508,0.0421,-0.2418,1.2913,1.2957,0.0734,0.3588,0.0451
2.5099,-0.0405,-0.2256,-1.3003,1.3161,-0.0769,0.3751,-0.0415,0.0454,-0.2438,1.2904,1.2910,0.0740,0.3609,0.0474
2.5400,-0.0471,-0.2255,-1.3010,1.3051,-0.0763,0.3747,-0.0404,0.0476,-0.2422,1.2899,1.2891,0.0737,0.3603,0.0468
2.5700,-0.0552,-0.2256,-1.3023,1.2958,-0.0765,0.3738,-0.0407,0.0492,-0.2434,1.2895,1.2870,0.0740,0.3612,0.0480
2.6001,-0.0615,-0.2245,-1.3011,1.2878,-0.0759,0.3745,-0.0405,0.0487,-0.2428,1.2896,1.2868,0.0739,0.3617,0.0475
2.6300,-0.0665,-0.2251,-1.3021,1.2812,-0.0759,0.3735,-0.0405,0.0480,-0.2417,1.2899,1.2892,0.0736,0.3597,0.0464
2.6601,-0.0708,-0.2246,-1.3027,1.2748,-0.0763,0.3729,-0.0407,0.0472,-0.2416,1.2901,1.2890,0.0723,0.3596,0.0443
2.6901,-0.0753,-0.2251,-1.3019,1.2704,-0.0755,0.3731,-0.0406,0.0471,-0.2411,1.2904,1.2911,0.0722,0.3591,0.0438
2.7205,-0.0775,-0.2250,-1.3028,1.2670,-0.0758,0.3715,-0.0405,0.0469,-0.2410,1.2901,1.2859,0.0722,0.3644,0.0438
2.7502,-0.0794,-0.2244,-1.3023,1.2634,-0.0757,0.3733,-0.0406,0.0451,-0.2423,1.2906,1.2918,0.0726,0.3564,0.0445
2.7801,-0.0823,-0.2245,-1.3024,1.2596,-0.0754,0.3716,-0.0403,0.0452,-0.2456,1.2905,1.2913,0.0733,0.3576,0.0471
2.8099,-0.0829,-0.2256,-1.3022,1.2592,-0.0757,0.3717,-0.0413,0.0449,-0.2484,1.2902,1.2866,0.0739,0.3633,0.0492
2.8400,-0.0838,-0.2243,-1.3030,1.2569,-0.0757,0.3722,-0.0405,0.0450,-0.2503,1.2898,1.2820,0.0743,0.3684,0.0507
2.8700,-0.0838,-0.2247,-1.3025,1.2538,-0.0757,0.3717,-0.0408,0.0397,-0.2513,1.2941,1.2922,0.0734,0.3530,0.0469
2.9000,-0.0851,-0.2255,-1.3021,1.2515,-0.0759,0.3729,-0.0418,0.0371,-0.2549,1.2960,1.2946,0.0743,0.3517,0.0486
2.9301,-0.0836,-0.2254,-1.3033,1.2532,-0.0759,0.3701,-0.0409,0.0352,-0.2589,1.2979,1.2945,0.0761,0.3505,0.0516
2.9601,-0.0817,-0.2230,-1.3037,1.2527,-0.0753,0.3718,-0.0386,0.0325,-0.2643,1.2994,1.2966,0.0791,0.3487,0.0572
2.9901,-0.0812,-0.2256,-1.3022,1.2541,-0.0788,0.3696,-0.0458,0.0300,-0.2748,1.3000,1.3022,0.0815,0.3482,0.0644
3.0300,-0.0802,-0.2276,-1.3042,1.2533,-0.0841,0.3664,-0.0534,0.0271,-0.2903,1.3000,1.2996,0.0849,0.3572,0.0755
3.0601,-0.0765,-0.2281,-1.3071,1.2543,-0.0896,0.3649,-0.0599,0.0183,-0.2815,1.3118,1.3088,0.0962,0.3485,0.0817
3.0900,-0.0757,-0.2322,-1.3068,1.2510,-0.0905,0.3699,-0.0631,0.0129,-0.2880,1.3177,1.3136,0.1032,0.3472,0.0912
3.1203,-0.0710,-0.2331,-1.3107,1.2593,-0.1006,0.3616,-0.0762,0.0071,-0.2945,1.3227,1.3193,0.1099,0.3472,0.1006
3.1500,-0.0685,-0.2365,-1.3141,1.2617,-0.1072,0.3593,-0.0855,0.0034,-0.3115,1.3232,1.3194,0.1138,0.3543,0.1127
3.1801,-0.0680,-0.2484,-1.3125,1.2518,-0.1096,0.3724,-0.0950,-0.0062,-0.3078,1.3355,1.3325,0.1250,0.3426,0.1206
3.2102,-0.0596,-0.2456,-1.3228,1.2665,-0.1217,0.3531,-0.1056,-0.0138,-0.3155,1.3426,1.3402,0.1320,0.3421,0.1299
3.2400,-0.0544,-0.2503,-1.3287,1.2711,-0.1294,0.3510,-0.1155,-0.0220,-0.3222,1.3484,1.3476,0.1392,0.3406,0.1397
3.2700,-0.0471,-0.2566,-1.3329,1.2761,-0.1356,0.3492,-0.1245,-0.0276,-0.3408,1.3504,1.3548,0.1438,0.3423,0.1524
3.3000,-0.0404,-0.2648,-1.3386,1.2829,-0.1426,0.3453,-0.1347,-0.0390,-0.3384,1.3625,1.3675,0.1522,0.3363,0.1571
3.3301,-0.0342,-0.2736,-1.3421,1.2893,-0.1485,0.3395,-0.1446,-0.0453,-0.3573,1.3653,1.3767,0.1570,0.3363,0.1697
3.3601,-0.0289,-0.2884,-1.3419,1.2882,-0.1517,0.3485,-0.1552,-0.0578,-0.3555,1.3778,1.3876,0.1646,0.3342,0.1734
3.3901,-0.0172,-0.2920,-1.3527,1.3044,-0.1599,0.3318,-0.1620,-0.0672,-0.3646,1.3846,1.3987,0.1701,0.3331,0.1813
3.4207,-0.0105,-0.3085,-1.3534,1.3076,-0.1637,0.3379,-0.1734,-0.0780,-0.3728,1.3926,1.4106,0.1764,0.3300,0.1892
3.4501,0.0016,-0.3124,-1.3644,1.3231,-0.1705,0.3287,-0.1787,-0.0886,-0.3910,1.3972,1.4208,0.1813,0.3322,0.2007
3.4801,0.0131,-0.3226,-1.3699,1.3348,-0.1756,0.3270,-0.1867,-0.1017,-0.3886,1.4098,1.4357,0.1883,0.3276,0.2036
3.5101,0.0219,-0.3420,-1.3724,1.3446,-0.1804,0.3285,-0.1995,-0.1121,-0.4058,1.4157,1.4510,0.1933,0.3239,0.2142
3.5400,0.0354,-0.3437,-1.3848,1.3560,-0.1864,0.3245,-0.2024,-0.1229,-0.4225,1.4215,1.4632,0.1982,0.3234,0.2244
3.5700,0.0474,-0.3530,-1.3922,1.3701,-0.1914,0.3233,-0.2092,-0.1380,-0.4113,1.4387,1.4764,0.2056,0.3223,0.2231
3.6000,0.0574,-0.3732,-1.3962,1.3828,-0.1968,0.3226,-0.2223,-0.1500,-0.4170,1.4495,1.4905,0.2116,0.3202,0.2289
3.6300,0.0723,-0.3737,-1.4106,1.3974,-0.2016,0.3186,-0.2224,-0.1638,-0.4242,1.4606,1.5051,0.2172,0.3188,0.2347
3.6601,0.0857,-0.3830,-1.4199,1.4113,-0.2071,0.3176,-0.2291,-0.1775,-0.4299,1.4727,1.5186,0.2234,0.3162,0.2403
3.6901,0.0989,-0.3930,-1.4288,1.4259,-0.2117,0.3156,-0.2351,-0.1913,-0.4361,1.4854,1.5329,0.2291,0.3140,0.2453
3.7203,0.1117,-0.4110,-1.4350,1.4407,-0.2170,0.3143,-0.2462,-0.2051,-0.4523,1.4939,1.5475,0.2346,0.3125,0.2552
3.7501,0.1255,-0.4281,-1.4423,1.4579,-0.2223,0.3112,-0.2563,-0.2204,-0.4440,1.5091,1.5606,0.2402,0.3128,0.2543
3.7800,0.1418,-0.4173,-1.4612,1.4727,-0.2273,0.3110,-0.2518,-0.2349,-0.4483,1.5224,1.5755,0.2464,0.3117,0.2597
3.8100,0.1558,-0.4254,-1.4717,1.4895,-0.2328,0.3092,-0.2578,-0.2488,-0.4639,1.5314,1.5879,0.2520,0.3117,0.2695
3.8400,0.1701,-0.4316,-1.4829,1.5053,-0.2374,0.3077,-0.2620,-0.2634,-0.4574,1.5467,1.6036,0.2559,0.3086,0.2673
3.8700,0.1849,-0.4460,-1.4915,1.5229,-0.2423,0.3040,-0.2703,-0.2769,-0.4621,1.5573,1.6185,0.2599,0.3075,0.2710
3.9000,0.2001,-0.4581,-1.5003,1.5403,-0.2467,0.3007,-0.2771,-0.2916,-0.4745,1.5669,1.6321,0.2648,0.3065,0.2788
3.9301,0.2135,-0.4514,-1.5144,1.5537,-0.2490,0.3034,-0.2733,-0.3057,-0.4812,1.5760,1.6485,0.2681,0.3022,0.2826
3.9600,0.2290,-0.4578,-1.5264,1.5710,-0.2523,0.3016,-0.2757,-0.3209,-0.4897,1.5851,1.6613,0.2718,0.3026,0.2877
3.9903,0.2451,-0.4641,-1.5370,1.5869,-0.2548,0.3020,-0.2780,-0.3314,-0.4796,1.5997,1.6742,0.2695,0.3035,0.2776
4.0300,0.2650,-0.4776,-1.5512,1.6158,-0.2608,0.2905,-0.2854,-0.3494,-0.4863,1.6109,1.6915,0.2715,0.3029,0.2797
4.0601,0.2782,-0.4772,-1.5623,1.6272,-0.2591,0.3002,-0.2806,-0.3619,-0.4964,1.6212,1.7060,0.2762,0.2983,0.2863
4.0900,0.2939,-0.4822,-1.5710,1.6435,-0.2624,0.2985,-0.2841,-0.3736,-0.4932,1.6284,1.7161,0.2762,0.3021,0.2840
4.1207,0.3089,-0.4875,-1.5800,1.6588,-0.2636,0.2982,-0.2851,-0.3857,-0.4971,1.6383,1.7284,0.2788,0.3015,0.2863
4.1500,0.3243,-0.4927,-1.5904,1.6752,-0.2664,0.2970,-0.2877,-0.3972,-0.5031,1.6468,1.7405,0.2820,0.2987,0.2903
4.1800,0.3381,-0.4970,-1.5993,1.6891,-0.2687,0.2962,-0.2898,-0.4079,-0.5065,1.6532,1.7488,0.2839,0.2993,0.2927
4.2100,0.3534,-0.5018,-1.6090,1.7056,-0.2716,0.2926,-0.2926,-0.4179,-0.5061,1.6618,1.7565,0.2841,0.2998,0.2911
4.2400,0.3675,-0.5078,-1.6183,1.7198,-0.2747,0.2901,-0.2962,-0.4279,-0.5105,1.6684,1.7641,0.2864,0.3002,0.2943
4.2700,0.3813,-0.5094,-1.6272,1.7312,-0.2750,0.2935,-0.2954,-0.4380,-0.5153,1.6749,1.7699,0.2888,0.3025,0.2979
4.3000,0.3940,-0.5128,-1.6357,1.7431,-0.2768,0.2922,-0.2970,-0.4468,-0.5121,1.6837,1.7773,0.2891,0.2988,0.2952
4.3301,0.4062,-0.5172,-1.6459,1.7543,-0.2781,0.2921,-0.2979,-0.4549,-0.5173,1.6888,1.7791,0.2914,0.3032,0.2992
4.3601,0.4192,-0.5204,-1.6529,1.7663,-0.2802,0.2910,-0.3002,-0.4631,-0.5161,1.6959,1.7862,0.2911,0.2985,0.2968
4.3900,0.4305,-0.5268,-1.6616,1.7767,-0.2835,0.2894,-0.3047,-0.4687,-0.5181,1.7003,1.7900,0.2915,0.2985,0.2973
4.4203,0.4410,-0.5257,-1.6670,1.7871,-0.2840,0.2881,-0.3040,-0.4744,-0.5205,1.7026,1.7933,0.2923,0.2981,0.2987
4.4502,0.4502,-0.5296,-1.6734,1.7940,-0.2818,0.2911,-0.3017,-0.4788,-0.5233,1.7065,1.7976,0.2938,0.2970,0.3008
4.4800,0.4599,-0.5331,-1.6797,1.8006,-0.2838,0.2923,-0.3043,-0.4822,-0.5202,1.7054,1.7957,0.2924,0.3026,0.2989
4.5100,0.4670,-0.5354,-1.6863,1.8076,-0.2827,0.2903,-0.3025,-0.4841,-0.5210,1.7072,1.7990,0.2918,0.3011,0.2980
4.5400,0.4744,-0.5375,-1.6919,1.8127,-0.2832,0.2910,-0.3029,-0.4856,-0.5203,1.7067,1.7994,0.2910,0.3035,0.2972
4.5700,0.4814,-0.5368,-1.6960,1.8206,-0.2837,0.2890,-0.3026,-0.4865,-0.5184,1.7073,1.7987,0.2911,0.3073,0.2968
4.6000,0.4872,-0.5390,-1.7004,1.8260,-0.2852,0.2882,-0.3043,-0.4874,-0.5180,1.7094,1.8056,0.2916,0.3011,0.2964
4.6301,0.4911,-0.5395,-1.7035,1.8252,-0.2832,0.2972,-0.3023,-0.4893,-0.5181,1.7101,1.8059,0.2917,0.3024,0.2965
4.6601,0.4948,-0.5387,-1.7062,1.8280,-0.2836,0.3002,-0.3024,-0.4862,-0.5142,1.7066,1.7984,0.2907,0.3182,0.2960
4.6900,0.4990,-0.5392,-1.7088,1.8318,-0.2842,0.2997,-0.3029,-0.4873,-0.5133,1.7068,1.7994,0.2905,0.3183,0.2954
4.7204,0.5020,-0.5392,-1.7112,1.8368,-0.2847,0.2972,-0.3029,-0.4879,-0.5134,1.7080,1.8030,0.2909,0.3151,0.2954
4.7501,0.5054,-0.5396,-1.7149,1.8449,-0.2857,0.2918,-0.3032,-0.4886,-0.5098,1.7067,1.8039,0.2896,0.3156,0.2929
4.7800,0.5032,-0.5351,-1.7125,1.8366,-0.2839,0.3104,-0.3015,-0.4884,-0.5128,1.7038,1.7997,0.2883,0.3245,0.2938
4.9987,0.5082,-0.5359,-1.7114,1.8382,-0.2756,0.3222,-0.2931,-0.4925,-0.5086,1.6884,1.8020,0.2773,0.3390,0.2837
5.0286,0.5085,-0.5354,-1.7125,1.8385,-0.2747,0.3252,-0.2919,-0.4934,-0.5058,1.6873,1.8007,0.2764,0.3444,0.2823
5.0586,0.5095,-0.5336,-1.7123,1.8405,-0.2742,0.3243,-0.2906,-0.4935,-0.5018,1.6865,1.8007,0.2757,0.3489,0.2805
5.0886,0.5085,-0.5330,-1.7110,1.8371,-0.2730,0.3333,-0.2900,-0.4957,-0.4981,1.6861,1.8042,0.2746,0.3479,0.2778
5.1186,0.5082,-0.5336,-1.7131,1.8378,-0.2713,0.3381,-0.2879,-0.4950,-0.4970,1.6836,1.7996,0.2732,0.3591,0.2772
5.1488,0.5097,-0.5312,-1.7133,1.8420,-0.2707,0.3356,-0.2861,-0.4975,-0.4953,1.6852,1.8065,0.2732,0.3544,0.2758
5.1785,0.5102,-0.5282,-1.7129,1.8460,-0.2699,0.3325,-0.2839,-0.5000,-0.4923,1.6852,1.8103,0.2724,0.3534,0.2736
5.2085,0.5085,-0.5236,-1.7118,1.8367,-0.2667,0.3540,-0.2802,-0.4982,-0.4850,1.6817,1.8011,0.2677,0.3765,0.2678
5.2487,0.5083,-0.5173,-1.7114,1.8365,-0.2642,0.3627,-0.2756,-0.5006,-0.4766,1.6809,1.8021,0.2644,0.3859,0.2614
5.2786,0.5107,-0.5150,-1.7122,1.8419,-0.2638,0.3598,-0.2738,-0.5038,-0.4725,1.6783,1.8043,0.2615,0.3933,0.2574
5.3085,0.5080,-0.5050,-1.7077,1.8347,-0.2591,0.3777,-0.2666,-0.5064,-0.4672,1.6765,1.8074,0.2576,0.4000,0.2514
5.3386,0.5118,-0.5041,-1.7106,1.8432,-0.2596,0.3725,-0.2658,-0.5097,-0.4625,1.6745,1.8118,0.2536,0.4078,0.2457
5.3687,0.5098,-0.4915,-1.7062,1.8341,-0.2533,0.3939,-0.2557,-0.5171,-0.4522,1.6736,1.8257,0.2508,0.4021,0.2374
5.3987,0.5132,-0.4852,-1.7056,1.8430,-0.2516,0.3892,-0.2508,-0.5187,-0.4527,1.6685,1.8222,0.2418,0.4246,0.2299
5.4287,0.5122,-0.4816,-1.7001,1.8341,-0.2436,0.4116,-0.2426,-0.5238,-0.4480,1.6649,1.8291,0.2345,0.4342,0.2205
5.4587,0.5157,-0.4728,-1.6977,1.8433,-0.2409,0.4072,-0.2356,-0.5293,-0.4447,1.6619,1.8377,0.2266,0.4425,0.2106
5.4887,0.5168,-0.4720,-1.6937,1.8356,-0.2301,0.4306,-0.2250,-0.5350,-0.4404,1.6562,1.8460,0.2181,0.4509,0.2004
5.5187,0.5191,-0.4679,-1.6909,1.8376,-0.2226,0.4404,-0.2151,-0.5429,-0.4371,1.6528,1.8542,0.2088,0.4615,0.1892
5.5488,0.5215,-0.4649,-1.6867,1.8403,-0.2123,0.4514,-0.2029,-0.5536,-0.4217,1.6491,1.8750,0.2042,0.4525,0.1762
5.5786,0.5267,-0.4615,-1.6831,1.8443,-0.2038,0.4616,-0.1925,-0.5593,-0.4295,1.6436,1.8734,0.1922,0.4791,0.1689
5.6086,0.5304,-0.4582,-1.6785,1.8477,-0.1943,0.4720,-0.1812,-0.5673,-0.4250,1.6391,1.8829,0.1834,0.4896,0.1578
5.6384,0.5348,-0.4553,-1.6755,1.8544,-0.1864,0.4805,-0.1713,-0.5801,-0.4105,1.6359,1.9073,0.1791,0.4787,0.1452
5.6687,0.5400,-0.4522,-1.6716,1.8615,-0.1773,0.4923,-0.1604,-0.5853,-0.4165,1.6322,1.9040,0.1687,0.5074,0.1387
5.7049,0.5481,-0.4466,-1.6658,1.8709,-0.1667,0.5056,-0.1470,-0.5997,-0.4085,1.6264,1.9172,0.1595,0.5192,0.1258
5.7287,0.5525,-0.4433,-1.6651,1.8775,-0.1622,0.5114,-0.1404,-0.6058,-0.4055,1.6253,1.9236,0.1554,0.5264,0.1200
5.7586,0.5589,-0.4383,-1.6602,1.8855,-0.1546,0.5200,-0.1303,-0.6158,-0.4006,1.6215,1.9331,0.1494,0.5364,0.1118
5.7887,0.5655,-0.4318,-1.6563,1.8944,-0.1487,0.5311,-0.1214,-0.6268,-0.3960,1.6191,1.9412,0.1424,0.5472,0.1023
5.8187,0.5736,-0.4264,-1.6533,1.9025,-0.1425,0.5422,-0.1126,-0.6367,-0.3911,1.6157,1.9500,0.1365,0.5581,0.0941
5.8489,0.5821,-0.4203,-1.6478,1.9121,-0.1357,0.5532,-0.1033,-0.6465,-0.3873,1.6113,1.9575,0.1288,0.5691,0.0845
5.8786,0.5961,-0.4097,-1.6458,1.9334,-0.1324,0.5460,-0.0935,-0.6579,-0.3837,1.6091,1.9651,0.1219,0.5829,0.0756
5.9085,0.6005,-0.4083,-1.6403,1.9295,-0.1232,0.5760,-0.0849,-0.6670,-0.3803,1.6074,1.9715,0.1151,0.5953,0.0665
5.9385,0.6156,-0.3963,-1.6365,1.9511,-0.1190,0.5697,-0.0737,-0.6773,-0.3780,1.6026,1.9790,0.1071,0.6073,0.0575
5.9685,0.6216,-0.3989,-1.6329,1.9470,-0.1091,0.5984,-0.0659,-0.6917,-0.3683,1.5982,1.9966,0.1028,0.6041,0.0476
5.9985,0.6313,-0.3947,-1.6288,1.9557,-0.1016,0.6115,-0.0563,-0.6962,-0.3744,1.5962,1.9904,0.0913,0.6305,0.0392
6.0286,0.6407,-0.3907,-1.6245,1.9637,-0.0946,0.6250,-0.0474,-0.7060,-0.3718,1.5918,1.9967,0.0836,0.6422,0.0301
6.0587,0.6514,-0.3882,-1.6208,1.9721,-0.0869,0.6371,-0.0382,-0.7143,-0.3707,1.5882,2.0023,0.0756,0.6510,0.0211
6.0889,0.6620,-0.3846,-1.6170,1.9806,-0.0793,0.6499,-0.0285,-0.7226,-0.3697,1.5859,2.0070,0.0688,0.6604,0.0133
6.1186,0.6720,-0.3821,-1.6146,1.9885,-0.0725,0.6580,-0.0198,-0.7297,-0.3674,1.5804,2.0127,0.0611,0.6697,0.0046
6.1489,0.6860,-0.3723,-1.6090,2.0043,-0.0679,0.6560,-0.0096,-0.7408,-0.3611,1.5766,2.0247,0.0577,0.6685,-0.0026
6.1785,0.6919,-0.3780,-1.6058,2.0023,-0.0587,0.6758,-0.0041,-0.7445,-0.3638,1.5725,2.0227,0.0483,0.6846,-0.0104
6.2084,0.7031,-0.3705,-1.6010,2.0127,-0.0548,0.6763,0.0041,-0.7502,-0.3615,1.5688,2.0268,0.0424,0.6919,-0.0177
6.2487,0.7122,-0.3707,-1.5994,2.0188,-0.0447,0.6929,0.0152,-0.7611,-0.3530,1.5617,2.0396,0.0374,0.6897,-0.0274
6.2785,0.7209,-0.3675,-1.5946,2.0250,-0.0395,0.6993,0.0218,-0.7617,-0.3564,1.5601,2.0357,0.0296,0.7032,-0.0338
6.3084,0.7279,-0.3644,-1.5929,2.0309,-0.0349,0.7047,0.0290,-0.7664,-0.3541,1.5573,2.0403,0.0252,0.7075,-0.0398
6.3386,0.7340,-0.3618,-1.5888,2.0357,-0.0299,0.7093,0.0353,-0.7698,-0.3516,1.5544,2.0439,0.0206,0.7102,-0.0462
6.3685,0.7426,-0.3569,-1.5853,2.0453,-0.0271,0.7079,0.0410,-0.7717,-0.3495,1.5514,2.0469,0.0162,0.7131,-0.0519
6.3985,0.7495,-0.3536,-1.5833,2.0530,-0.0252,0.7068,0.0449,-0.7752,-0.3435,1.5446,2.0484,0.0122,0.7148,-0.0586
6.4285,0.7515,-0.3502,-1.5790,2.0526,-0.0188,0.7173,0.0534,-0.7775,-0.3453,1.5435,2.0531,0.0078,0.7144,-0.0624
6.4589,0.7570,-0.3456,-1.5745,2.0583,-0.0159,0.7169,0.0587,-0.7797,-0.3431,1.5385,2.0556,0.0038,0.7173,-0.0671
6.4888,0.7593,-0.3446,-1.5732,2.0615,-0.0103,0.7189,0.0657,-0.7809,-0.3415,1.5345,2.0585,-0.0011,0.7179,-0.0728
6.5187,0.7630,-0.3392,-1.5669,2.0639,-0.0066,0.7200,0.0719,-0.7838,-0.3373,1.5296,2.0634,-0.0040,0.7156,-0.0776
6.5487,0.7660,-0.3380,-1.5638,2.0684,-0.0012,0.7200,0.0783,-0.7832,-0.3398,1.5261,2.0648,-0.0111,0.7191,-0.0831
6.5786,0.7679,-0.3370,-1.5611,2.0716,0.0033,0.7215,0.0835,-0.7856,-0.3349,1.5201,2.0691,-0.0145,0.7169,-0.0886
6.6085,0.7710,-0.3315,-1.5545,2.0735,0.0071,0.7225,0.0897,-0.7876,-0.3293,1.5129,2.0705,-0.0185,0.7170,-0.0949
6.6385,0.7743,-0.3317,-1.5512,2.0791,0.0118,0.7224,0.0942,-0.7881,-0.3385,1.5125,2.0743,-0.0261,0.7165,-0.0974
6.6685,0.7760,-0.3259,-1.5435,2.0845,0.0160,0.7185,0.1008,-0.7916,-0.3326,1.5050,2.0805,-0.0305,0.7131,-0.1043
6.6985,0.7770,-0.3274,-1.5415,2.0853,0.0212,0.7225,0.1053,-0.7913,-0.3400,1.5019,2.0811,-0.0374,0.7158,-0.1063
6.7286,0.7781,-0.3280,-1.5376,2.0875,0.0267,0.7214,0.1101,-0.7935,-0.3382,1.4968,2.0850,-0.0414,0.7149,-0.1106
6.7586,0.7808,-0.3217,-1.5291,2.0949,0.0314,0.7162,0.1173,-0.7960,-0.3399,1.4934,2.0869,-0.0467,0.7141,-0.1147
6.7886,0.7806,-0.3259,-1.5262,2.0945,0.0363,0.7202,0.1192,-0.7985,-0.3393,1.4893,2.0905,-0.0516,0.7145,-0.1196
6.8186,0.7821,-0.3218,-1.5205,2.0993,0.0394,0.7166,0.1238,-0.8024,-0.3362,1.4857,2.0932,-0.0539,0.7150,-0.1236
6.8486,0.7852,-0.3169,-1.5142,2.1030,0.0431,0.7154,0.1296,-0.8081,-0.3312,1.4797,2.0972,-0.0578,0.7158,-0.1299
6.8786,0.7831,-0.3230,-1.5129,2.1039,0.0492,0.7196,0.1321,-0.8096,-0.3415,1.4807,2.0969,-0.0637,0.7244,-0.1304
6.9084,0.7865,-0.3227,-1.5081,2.1060,0.0533,0.7235,0.1358,-0.8169,-0.3381,1.4771,2.1029,-0.0665,0.7247,-0.1353
6.9384,0.7924,-0.3193,-1.5040,2.1165,0.0562,0.7183,0.1403,-0.8178,-0.3417,1.4752,2.1002,-0.0700,0.7396,-0.1370
6.9685,0.7909,-0.3227,-1.5004,2.1110,0.0600,0.7358,0.1417,-0.8251,-0.3395,1.4734,2.1022,-0.0718,0.7441,-0.1408
6.9985,0.7948,-0.3222,-1.4968,2.1138,0.0628,0.7444,0.1447,-0.8346,-0.3371,1.4714,2.1097,-0.0740,0.7451,-0.1451
7.0285,0.8031,-0.3195,-1.4939,2.1237,0.0653,0.7419,0.1489,-0.8425,-0.3345,1.4687,2.1154,-0.0764,0.7463,-0.1494
7.0586,0.8106,-0.3170,-1.4913,2.1298,0.0676,0.7425,0.1529,-0.8414,-0.3415,1.4697,2.1056,-0.0771,0.7690,-0.1466
7.0886,0.8064,-0.3210,-1.4883,2.1188,0.0686,0.7657,0.1510,-0.8493,-0.3380,1.4656,2.1103,-0.0802,0.7711,-0.1521
7.1186,0.8115,-0.3210,-1.4866,2.1206,0.0708,0.7720,0.1536,-0.8519,-0.3400,1.4659,2.1082,-0.0812,0.7830,-0.1527
7.1487,0.8193,-0.3182,-1.4833,2.1272,0.0735,0.7723,0.1581,-0.8609,-0.3373,1.4629,2.1148,-0.0839,0.7843,-0.1576
7.1785,0.8218,-0.3203,-1.4811,2.1240,0.0749,0.7846,0.1582,-0.8640,-0.3405,1.4625,2.1121,-0.0854,0.7959,-0.1577
7.2084,0.8295,-0.3180,-1.4784,2.1312,0.0773,0.7844,0.1622,-0.8721,-0.3394,1.4616,2.1200,-0.0870,0.7952,-0.1605
7.2487,0.8340,-0.3185,-1.4741,2.1294,0.0798,0.7987,0.1642,-0.8814,-0.3368,1.4587,2.1266,-0.0897,0.7968,-0.1653
7.2785,0.8421,-0.3165,-1.4719,2.1356,0.0819,0.7997,0.1680,-0.8797,-0.3371,1.4580,2.1216,-0.0917,0.8121,-0.1682
7.3085,0.8487,-0.3151,-1.4703,2.1407,0.0836,0.8006,0.1709,-0.8841,-0.3353,1.4560,2.1248,-0.0937,0.8144,-0.1716
7.3385,0.8490,-0.3157,-1.4685,2.1364,0.0846,0.8117,0.1717,-0.8889,-0.3352,1.4561,2.1289,-0.0942,0.8148,-0.1728
7.3685,0.8532,-0.3137,-1.4658,2.1386,0.0865,0.8144,0.1749,-0.8921,-0.3335,1.4543,2.1315,-0.0981,0.8171,-0.1784
7.3985,0.8592,-0.3129,-1.4645,2.1417,0.0888,0.8158,0.1783,-0.8956,-0.3310,1.4504,2.1351,-0.1007,0.8161,-0.1821
7.4286,0.8635,-0.3114,-1.4623,2.1448,0.0905,0.8163,0.1810,-0.8976,-0.3295,1.4478,2.1392,-0.1025,0.8136,-0.1842
7.4586,0.8664,-0.3095,-1.4595,2.1448,0.0923,0.8188,0.1839,-0.8986,-0.3303,1.4468,2.1433,-0.1089,0.8112,-0.1905
7.4885,0.8703,-0.3078,-1.4569,2.1488,0.0943,0.8181,0.1867,-0.9007,-0.3297,1.4434,2.1460,-0.1140,0.8087,-0.1956
7.5186,0.8743,-0.3087,-1.4565,2.1521,0.1017,0.8145,0.1946,-0.9023,-0.3258,1.4367,2.1485,-0.1179,0.8067,-0.2006
7.5487,0.8763,-0.3060,-1.4523,2.1501,0.1041,0.8178,0.1984,-0.9023,-0.3283,1.4342,2.1525,-0.1252,0.8024,-0.2057
7.5785,0.8783,-0.3023,-1.4460,2.1507,0.1078,0.8183,0.2034,-0.9008,-0.3234,1.4261,2.1488,-0.1293,0.8036,-0.2112
7.6085,0.8834,-0.3077,-1.4483,2.1611,0.1163,0.8085,0.2093,-0.9031,-0.3260,1.4239,2.1553,-0.1346,0.7925,-0.2135
7.6384,0.8856,-0.3071,-1.4455,2.1630,0.1204,0.8053,0.2133,-0.9024,-0.3225,1.4177,2.1557,-0.1379,0.7905,-0.2175
7.6685,0.8879,-0.3063,-1.4412,2.1659,0.1259,0.8029,0.2187,-0.9009,-0.3177,1.4095,2.1544,-0.1422,0.7892,-0.2228
7.6985,0.8889,-0.3047,-1.4378,2.1672,0.1286,0.8019,0.2219,-0.9020,-0.3214,1.4078,2.1588,-0.1477,0.7805,-0.2249
7.7285,0.8905,-0.3049,-1.4342,2.1701,0.1338,0.7985,0.2261,-0.9006,-0.3209,1.4033,2.1610,-0.1521,0.7786,-0.2283
7.7586,0.8902,-0.3010,-1.4274,2.1697,0.1374,0.7976,0.2307,-0.8999,-0.3178,1.3981,2.1603,-0.1548,0.7777,-0.2317
7.7888,0.8921,-0.3015,-1.4238,2.1738,0.1426,0.7903,0.2344,-0.8993,-0.3149,1.3933,2.1590,-0.1574,0.7776,-0.2350
7.8187,0.8922,-0.2989,-1.4194,2.1736,0.1453,0.7868,0.2375,-0.8995,-0.3176,1.3923,2.1619,-0.1623,0.7740,-0.2379
7.8486,0.8912,-0.2960,-1.4141,2.1731,0.1480,0.7855,0.2408,-0.8992,-0.3146,1.3896,2.1618,-0.1627,0.7741,-0.2396
7.8785,0.8927,-0.2941,-1.4129,2.1759,0.1507,0.7814,0.2446,-0.8980,-0.3121,1.3854,2.1599,-0.1649,0.7741,-0.2423
7.9085,0.8926,-0.2914,-1.4071,2.1762,0.1511,0.7809,0.2449,-0.8996,-0.3103,1.3823,2.1616,-0.1668,0.7733,-0.2448
7.9385,0.8931,-0.2877,-1.4030,2.1771,0.1523,0.7802,0.2476,-0.8985,-0.3109,1.3802,2.1625,-0.1688,0.7732,-0.2458
7.9685,0.8929,-0.2854,-1.3990,2.1774,0.1545,0.7791,0.2503,-0.8993,-0.3099,1.3769,2.1642,-0.1697,0.7745,-0.2465
7.9985,0.8930,-0.2832,-1.3969,2.1773,0.1541,0.7786,0.2507,-0.9003,-0.3068,1.3720,2.1629,-0.1724,0.7757,-0.2505
8.0285,0.8931,-0.2812,-1.3931,2.1800,0.1563,0.7754,0.2529,-0.9035,-0.3053,1.3692,2.1663,-0.1744,0.7746,-0.2531
8.0586,0.8926,-0.2800,-1.3887,2.1784,0.1584,0.7767,0.2547,-0.9066,-0.3035,1.3661,2.1684,-0.1765,0.7746,-0.2560
8.0885,0.8920,-0.2793,-1.3871,2.1787,0.1614,0.7774,0.2582,-0.9038,-0.3108,1.3668,2.1665,-0.1803,0.7780,-0.2554
8.1186,0.8938,-0.2764,-1.3815,2.1825,0.1648,0.7742,0.2620,-0.9072,-0.3083,1.3624,2.1693,-0.1832,0.7774,-0.2592
8.1487,0.8942,-0.2729,-1.3756,2.1819,0.1680,0.7742,0.2663,-0.9080,-0.3113,1.3628,2.1699,-0.1846,0.7792,-0.2591
8.1785,0.8920,-0.2778,-1.3763,2.1820,0.1695,0.7767,0.2645,-0.9106,-0.3106,1.3614,2.1722,-0.1851,0.7788,-0.2600
8.2085,0.8948,-0.2755,-1.3719,2.1841,0.1722,0.7763,0.2681,-0.9121,-0.3100,1.3599,2.1753,-0.1863,0.7768,-0.2611
8.2486,0.8932,-0.2767,-1.3700,2.1837,0.1722,0.7774,0.2665,-0.9152,-0.3085,1.3583,2.1771,-0.1865,0.7779,-0.2624
8.2785,0.8943,-0.2753,-1.3674,2.1850,0.1729,0.7763,0.2672,-0.9168,-0.3082,1.3574,2.1804,-0.1872,0.7759,-0.2631
8.3085,0.8965,-0.2750,-1.3667,2.1859,0.1734,0.7773,0.2683,-0.9183,-0.3083,1.3557,2.1831,-0.1897,0.7758,-0.2653
8.3384,0.8985,-0.2736,-1.3641,2.1873,0.1751,0.7772,0.2706,-0.9194,-0.3081,1.3539,2.1867,-0.1933,0.7723,-0.2686
8.3685,0.8992,-0.2754,-1.3616,2.1895,0.1785,0.7765,0.2721,-0.9205,-0.3093,1.3513,2.1902,-0.1976,0.7697,-0.2714
8.3985,0.9008,-0.2763,-1.3595,2.1931,0.1818,0.7749,0.2744,-0.9224,-0.3059,1.3450,2.1924,-0.2014,0.7679,-0.2759
8.4285,0.9028,-0.2776,-1.3557,2.1957,0.1869,0.7736,0.2780,-0.9213,-0.3110,1.3430,2.1964,-0.2084,0.7643,-0.2786
8.4586,0.9044,-0.2741,-1.3494,2.1968,0.1906,0.7726,0.2826,-0.9223,-0.3068,1.3358,2.1954,-0.2124,0.7645,-0.2840
8.4888,0.9050,-0.2817,-1.3498,2.2012,0.1980,0.7679,0.2849,-0.9223,-0.3131,1.3346,2.2017,-0.2197,0.7583,-0.2860
8.5186,0.9061,-0.2833,-1.3451,2.2026,0.2043,0.7653,0.2891,-0.9229,-0.3134,1.3287,2.2025,-0.2240,0.7549,-0.2881
8.5487,0.9064,-0.2850,-1.3396,2.2054,0.2109,0.7616,0.2927,-0.9248,-0.3099,1.3223,2.2043,-0.2278,0.7533,-0.2927
8.5786,0.9078,-0.2867,-1.3367,2.2080,0.2161,0.7591,0.2961,-0.9236,-0.3108,1.3213,2.2061,-0.2306,0.7494,-0.2940
8.6085,0.9094,-0.2834,-1.3308,2.2070,0.2194,0.7602,0.3007,-0.9226,-0.3083,1.3166,2.2078,-0.2320,0.7477,-0.2952
8.6386,0.9115,-0.2796,-1.3234,2.2102,0.2238,0.7572,0.3057,-0.9234,-0.3061,1.3122,2.2095,-0.2346,0.7457,-0.2980
8.6685,0.9126,-0.2754,-1.3162,2.2085,0.2278,0.7580,0.3111,-0.9214,-0.3069,1.3104,2.2112,-0.2376,0.7444,-0.2995
8.6985,0.9119,-0.2888,-1.3159,2.2145,0.2344,0.7510,0.3072,-0.9222,-0.3043,1.3051,2.2140,-0.2408,0.7411,-0.3027
8.7285,0.9131,-0.2888,-1.3115,2.2164,0.2371,0.7502,0.3087,-0.9192,-0.3082,1.3037,2.2151,-0.2480,0.7399,-0.3068
8.7586,0.9154,-0.2856,-1.3054,2.2177,0.2407,0.7495,0.3133,-0.9179,-0.3036,1.2956,2.2138,-0.2523,0.7379,-0.3116
8.7886,0.9204,-0.2819,-1.2973,2.2231,0.2459,0.7467,0.3193,-0.9170,-0.3098,1.2947,2.2176,-0.2585,0.7320,-0.3125
8.8188,0.9145,-0.2920,-1.2974,2.2221,0.2504,0.7506,0.3166,-0.9141,-0.3079,1.2901,2.2189,-0.2621,0.7301,-0.3155
8.8487,0.9169,-0.2875,-1.2891,2.2224,0.2552,0.7502,0.3228,-0.9140,-0.3061,1.2861,2.2221,-0.2645,0.7259,-0.3172
8.8785,0.9148,-0.2939,-1.2868,2.2266,0.2617,0.7455,0.3233,-0.9144,-0.3057,1.2844,2.2253,-0.2657,0.7227,-0.3176
8.9084,0.9144,-0.2959,-1.2807,2.2273,0.2669,0.7476,0.3258,-0.9118,-0.3023,1.2789,2.2230,-0.2674,0.7254,-0.3200
8.9385,0.9132,-0.2964,-1.2765,2.2275,0.2689,0.7522,0.3269,-0.9106,-0.3002,1.2744,2.2234,-0.2689,0.7242,-0.3211
8.9685,0.9148,-0.2956,-1.2731,2.2290,0.2700,0.7510,0.3274,-0.9085,-0.2998,1.2700,2.2231,-0.2730,0.7226,-0.3239
8.9986,0.9150,-0.2941,-1.2683,2.2310,0.2712,0.7505,0.3281,-0.9077,-0.2960,1.2634,2.2227,-0.2767,0.7204,-0.3278
9.0286,0.9152,-0.2916,-1.2637,2.2310,0.2739,0.7494,0.3310,-0.9067,-0.3015,1.2627,2.2242,-0.2839,0.7154,-0.3307
9.0586,0.9154,-0.2921,-1.2595,2.2339,0.2786,0.7457,0.3336,-0.9046,-0.3014,1.2565,2.2256,-0.2900,0.7105,-0.3341
9.0886,0.9143,-0.2925,-1.2559,2.2343,0.2831,0.7417,0.3361,-0.9012,-0.3013,1.2494,2.2265,-0.2967,0.7060,-0.3376
9.1191,0.9122,-0.2923,-1.2492,2.2354,0.2895,0.7354,0.3393,-0.8994,-0.3004,1.2440,2.2260,-0.3016,0.7012,-0.3405
9.1486,0.9100,-0.2934,-1.2429,2.2370,0.2976,0.7288,0.3435,-0.8971,-0.2967,1.2379,2.2245,-0.3048,0.6986,-0.3436
9.1786,0.9078,-0.2892,-1.2362,2.2335,0.3010,0.7282,0.3474,-0.8936,-0.2940,1.2333,2.2237,-0.3071,0.6951,-0.3449
9.2085,0.9050,-0.2921,-1.2325,2.2374,0.3083,0.7176,0.3494,-0.8918,-0.2923,1.2294,2.2261,-0.3119,0.6872,-0.3481
9.2385,0.9027,-0.2874,-1.2253,2.2334,0.3120,0.7170,0.3537,-0.8890,-0.2889,1.2241,2.2255,-0.3155,0.6816,-0.3509
9.2787,0.8986,-0.2839,-1.2202,2.2302,0.3145,0.7148,0.3557,-0.8835,-0.2853,1.2150,2.2253,-0.3236,0.6737,-0.3565
9.3084,0.8991,-0.2839,-1.2169,2.2385,0.3209,0.6988,0.3583,-0.8787,-0.2787,1.2054,2.2201,-0.3284,0.6712,-0.3615
9.3384,0.8966,-0.2793,-1.2099,2.2344,0.3245,0.6982,0.3624,-0.8726,-0.2725,1.1967,2.2149,-0.3326,0.6677,-0.3653
9.3684,0.8956,-0.2801,-1.2057,2.2400,0.3331,0.6843,0.3667,-0.8673,-0.2789,1.1935,2.2247,-0.3497,0.6440,-0.3731
9.3985,0.8921,-0.2791,-1.2000,2.2403,0.3401,0.6761,0.3707,-0.8603,-0.2762,1.1858,2.2237,-0.3596,0.6294,-0.3787
9.4286,0.8858,-0.2697,-1.1880,2.2280,0.3457,0.6779,0.3784,-0.8533,-0.2725,1.1782,2.2235,-0.3679,0.6142,-0.3830
9.4586,0.8825,-0.2765,-1.1858,2.2401,0.3623,0.6481,0.3841,-0.8433,-0.2654,1.1691,2.2168,-0.3720,0.6084,-0.3855
9.4886,0.8768,-0.2748,-1.1772,2.2399,0.3740,0.6310,0.3903,-0.8378,-0.2623,1.1623,2.2225,-0.3835,0.5830,-0.3913
9.5186,0.8714,-0.2702,-1.1690,2.2395,0.3847,0.6138,0.3975,-0.8277,-0.2544,1.1525,2.2146,-0.3878,0.5777,-0.3945
9.5486,0.8641,-0.2662,-1.1620,2.2382,0.3944,0.5969,0.4030,-0.8219,-0.2499,1.1455,2.2193,-0.3999,0.5550,-0.4022
9.5786,0.8585,-0.2606,-1.1544,2.2369,0.4033,0.5818,0.4093,-0.8130,-0.2427,1.1377,2.2178,-0.4075,0.5418,-0.4077
9.6084,0.8512,-0.2568,-1.1473,2.2351,0.4112,0.5667,0.4132,-0.8031,-0.2338,1.1283,2.2075,-0.4116,0.5387,-0.4116
9.6386,0.8405,-0.2502,-1.1400,2.2268,0.4141,0.5621,0.4147,-0.7946,-0.2324,1.1187,2.2113,-0.4255,0.5163,-0.4186
9.6685,0.8362,-0.2441,-1.1300,2.2279,0.4237,0.5415,0.4200,-0.7864,-0.2291,1.1091,2.2078,-0.4346,0.5039,-0.4234
9.6985,0.8280,-0.2388,-1.1231,2.2240,0.4316,0.5290,0.4252,-0.7762,-0.2249,1.0999,2.2039,-0.4443,0.4925,-0.4293
9.7287,0.8192,-0.2325,-1.1146,2.2200,0.4396,0.5167,0.4305,-0.7674,-0.2206,1.0892,2.1990,-0.4517,0.4812,-0.4324
9.7586,0.8096,-0.2210,-1.1031,2.2069,0.4448,0.5149,0.4368,-0.7603,-0.2100,1.0807,2.1855,-0.4554,0.4826,-0.4384
9.7888,0.8004,-0.2232,-1.0954,2.2116,0.4595,0.4896,0.4422,-0.7528,-0.1999,1.0711,2.1760,-0.4599,0.4795,-0.4436
9.8187,0.7902,-0.2176,-1.0859,2.2086,0.4681,0.4782,0.4472,-0.7426,-0.2059,1.0603,2.1810,-0.4716,0.4568,-0.4435
9.8487,0.7819,-0.2087,-1.0758,2.2019,0.4729,0.4722,0.4510,-0.7363,-0.1968,1.0498,2.1762,-0.4769,0.4502,-0.4480
10.0916,0.6979,-0.1786,-1.0001,2.1599,0.5210,0.4225,0.4695,-0.6561,-0.1784,0.9742,2.1186,-0.5240,0.4079,-0.4631
10.1220,0.6896,-0.1734,-0.9920,2.1526,0.5261,0.4151,0.4718,-0.6479,-0.1697,0.9639,2.1109,-0.5281,0.3988,-0.4646
10.1521,0.6788,-0.1673,-0.9816,2.1453,0.5311,0.4081,0.4732,-0.6370,-0.1628,0.9537,2.1031,-0.5333,0.3911,-0.4663
10.1816,0.6709,-0.1571,-0.9744,2.1346,0.5344,0.4054,0.4770,-0.6262,-0.1552,0.9442,2.0947,-0.5385,0.3830,-0.4686
10.2115,0.6641,-0.1448,-0.9670,2.1211,0.5380,0.4053,0.4827,-0.6197,-0.1419,0.9338,2.0852,-0.5438,0.3777,-0.4744
10.2415,0.6567,-0.1327,-0.9586,2.1097,0.5421,0.4024,0.4878,-0.6023,-0.1423,0.9214,2.0798,-0.5506,0.3667,-0.4723
10.2714,0.6397,-0.1407,-0.9469,2.1128,0.5515,0.3766,0.4823,-0.5871,-0.1345,0.9094,2.0695,-0.5574,0.3587,-0.4747
10.3015,0.6288,-0.1356,-0.9364,2.1039,0.5571,0.3687,0.4837,-0.5732,-0.1285,0.8945,2.0582,-0.5644,0.3506,-0.4762
10.3315,0.6239,-0.1190,-0.9269,2.0877,0.5623,0.3696,0.4927,-0.5589,-0.1217,0.8819,2.0491,-0.5714,0.3417,-0.4784
10.3615,0.6034,-0.1245,-0.9138,2.0838,0.5703,0.3517,0.4880,-0.5553,-0.1008,0.8704,2.0314,-0.5782,0.3412,-0.4897
10.3917,0.5921,-0.1189,-0.9028,2.0753,0.5771,0.3435,0.4908,-0.5304,-0.1038,0.8550,2.0264,-0.5845,0.3226,-0.4823
10.4216,0.5776,-0.1116,-0.8902,2.0640,0.5834,0.3344,0.4923,-0.5240,-0.0828,0.8441,2.0087,-0.5908,0.3196,-0.4915
10.4521,0.5724,-0.0924,-0.8810,2.0452,0.5888,0.3355,0.5019,-0.5166,-0.0616,0.8314,1.9938,-0.5978,0.3122,-0.4999
10.4916,0.5479,-0.0896,-0.8617,2.0366,0.5977,0.3100,0.4974,-0.4845,-0.0616,0.8105,1.9815,-0.6041,0.2869,-0.4900
10.5218,0.5353,-0.0783,-0.8500,2.0243,0.6041,0.2986,0.5006,-0.4696,-0.0486,0.7972,1.9666,-0.6096,0.2768,-0.4918
10.5520,0.5281,-0.0582,-0.8437,2.0022,0.6081,0.3011,0.5088,-0.4638,-0.0245,0.7884,1.9450,-0.6155,0.2756,-0.5017
10.5816,0.5111,-0.0525,-0.8291,1.9970,0.6147,0.2765,0.5062,-0.4437,-0.0186,0.7739,1.9342,-0.6197,0.2565,-0.4972
10.6115,0.5058,-0.0325,-0.8221,1.9776,0.6195,0.2773,0.5147,-0.4381,0.0042,0.7671,1.9130,-0.6248,0.2562,-0.5059
10.6416,0.4884,-0.0244,-0.8092,1.9686,0.6237,0.2566,0.5115,-0.4301,0.0244,0.7617,1.8936,-0.6286,0.2542,-0.5120
10.6715,0.4780,-0.0057,-0.8012,1.9526,0.6279,0.2503,0.5162,-0.4106,0.0293,0.7497,1.8856,-0.6252,0.2360,-0.4995
10.7015,0.4652,0.0076,-0.7933,1.9396,0.6289,0.2410,0.5148,-0.4023,0.0451,0.7469,1.8706,-0.6254,0.2311,-0.5002
10.7316,0.4565,0.0251,-0.7867,1.9245,0.6299,0.2350,0.5161,-0.3923,0.0581,0.7431,1.8572,-0.6257,0.2276,-0.5001
10.7615,0.4440,0.0408,-0.7800,1.9119,0.6328,0.2257,0.5178,-0.3834,0.0693,0.7407,1.8463,-0.6264,0.2238,-0.5005
10.7917,0.4336,0.0562,-0.7751,1.8952,0.6318,0.2260,0.5173,-0.3752,0.0787,0.7393,1.8362,-0.6259,0.2236,-0.5000
10.8217,0.4229,0.0698,-0.7691,1.8852,0.6344,0.2167,0.5186,-0.3647,0.0850,0.7347,1.8339,-0.6265,0.2123,-0.4974
10.8516,0.4094,0.0824,-0.7652,1.8703,0.6330,0.2207,0.5170,-0.3550,0.0878,0.7339,1.8309,-0.6253,0.2061,-0.4938
10.8816,0.4001,0.0961,-0.7575,1.8632,0.6363,0.2090,0.5189,-0.3487,0.0915,0.7310,1.8297,-0.6255,0.1992,-0.4924
10.9115,0.3840,0.1029,-0.7567,1.8470,0.6326,0.2193,0.5145,-0.3484,0.1005,0.7390,1.8145,-0.6244,0.2217,-0.4968
10.9415,0.3728,0.1121,-0.7534,1.8378,0.6322,0.2198,0.5134,-0.3406,0.0977,0.7402,1.8153,-0.6220,0.2177,-0.4916
10.9715,0.3654,0.1218,-0.7476,1.8337,0.6345,0.2098,0.5141,-0.3445,0.1027,0.7434,1.8128,-0.6245,0.2208,-0.4972
11.0015,0.3557,0.1275,-0.7440,1.8311,0.6348,0.2000,0.5119,-0.3448,0.1031,0.7433,1.8129,-0.6256,0.2183,-0.4983
11.0315,0.3454,0.1330,-0.7463,1.8173,0.6327,0.2167,0.5113,-0.3434,0.1025,0.7444,1.8132,-0.6260,0.2179,-0.4986
11.0616,0.3378,0.1383,-0.7462,1.8119,0.6325,0.2170,0.5109,-0.3451,0.1006,0.7466,1.8126,-0.6253,0.2218,-0.4987
11.0916,0.3305,0.1416,-0.7449,1.8083,0.6319,0.2183,0.5094,-0.3453,0.1013,0.7467,1.8147,-0.6255,0.2176,-0.4984
11.1219,0.3244,0.1441,-0.7429,1.8078,0.6318,0.2118,0.5074,-0.3453,0.1002,0.7465,1.8137,-0.6255,0.2186,-0.4984
11.1516,0.3191,0.1459,-0.7452,1.8022,0.6305,0.2129,0.5058,-0.3467,0.0990,0.7469,1.8136,-0.6260,0.2183,-0.4990
11.1816,0.3188,0.1520,-0.7451,1.7976,0.6333,0.2147,0.5105,-0.3483,0.0988,0.7472,1.8130,-0.6255,0.2184,-0.4987
11.2115,0.3162,0.1522,-0.7476,1.7955,0.6331,0.2136,0.5101,-0.3486,0.0976,0.7468,1.8150,-0.6255,0.2174,-0.4983
11.2415,0.3162,0.1543,-0.7492,1.7939,0.6339,0.2109,0.5113,-0.3483,0.0961,0.7452,1.8187,-0.6256,0.2140,-0.4973
11.2714,0.3160,0.1550,-0.7494,1.7928,0.6339,0.2114,0.5116,-0.3485,0.0950,0.7461,1.8187,-0.6252,0.2152,-0.4970
11.3015,0.3148,0.1531,-0.7501,1.7916,0.6331,0.2130,0.5104,-0.3463,0.0917,0.7468,1.8179,-0.6254,0.2227,-0.4974
11.3315,0.3163,0.1539,-0.7489,1.7926,0.6339,0.2122,0.5114,-0.3447,0.0889,0.7470,1.8207,-0.6245,0.2207,-0.4952
11.3616,0.3180,0.1539,-0.7473,1.7948,0.6347,0.2107,0.5121,-0.3465,0.0860,0.7474,1.8211,-0.6246,0.2258,-0.4959
11.3916,0.3131,0.1485,-0.7455,1.7916,0.6318,0.2177,0.5076,-0.3460,0.0836,0.7478,1.8238,-0.6241,0.2287,-0.4952
11.4216,0.3163,0.1492,-0.7434,1.7940,0.6332,0.2165,0.5094,-0.3472,0.0802,0.7470,1.8289,-0.6239,0.2266,-0.4941
11.4516,0.3109,0.1429,-0.7433,1.7930,0.6304,0.2240,0.5050,-0.3486,0.0760,0.7467,1.8345,-0.6235,0.2250,-0.4927
11.4917,0.3090,0.1389,-0.7411,1.7935,0.6291,0.2278,0.5025,-0.3463,0.0667,0.7503,1.8350,-0.6222,0.2379,-0.4916
11.5217,0.3112,0.1379,-0.7381,1.7989,0.6302,0.2238,0.5028,-0.3474,0.0624,0.7516,1.8389,-0.6219,0.2399,-0.4910
11.5519,0.3071,0.1317,-0.7391,1.7974,0.6285,0.2331,0.5003,-0.3480,0.0561,0.7517,1.8443,-0.6214,0.2433,-0.4898
11.5817,0.3091,0.1291,-0.7379,1.8021,0.6287,0.2314,0.4999,-0.3507,0.0480,0.7534,1.8498,-0.6218,0.2453,-0.4896
11.6115,0.3057,0.1220,-0.7378,1.8028,0.6275,0.2396,0.4976,-0.3530,0.0414,0.7542,1.8570,-0.6208,0.2447,-0.4875
11.6415,0.3047,0.1156,-0.7371,1.8059,0.6270,0.2434,0.4959,-0.3551,0.0330,0.7583,1.8617,-0.6195,0.2520,-0.4865
11.6714,0.3085,0.1103,-0.7377,1.8115,0.6266,0.2446,0.4954,-0.3594,0.0246,0.7620,1.8684,-0.6165,0.2579,-0.4838
11.7015,0.3064,0.1008,-0.7375,1.8144,0.6260,0.2504,0.4931,-0.3645,0.0152,0.7622,1.8803,-0.6159,0.2563,-0.4816
11.7315,0.3135,0.0975,-0.7372,1.8192,0.6268,0.2530,0.4952,-0.3668,0.0032,0.7654,1.8913,-0.6133,0.2564,-0.4768
11.7616,0.3196,0.0909,-0.7364,1.8285,0.6271,0.2527,0.4951,-0.3687,-0.0035,0.7723,1.8896,-0.6047,0.2829,-0.4714
11.7916,0.3109,0.0726,-0.7380,1.8300,0.6172,0.2730,0.4811,-0.3726,-0.0147,0.7729,1.9037,-0.6036,0.2795,-0.4675
11.8217,0.3145,0.0616,-0.7390,1.8358,0.6107,0.2868,0.4740,-0.3757,-0.0213,0.7797,1.9030,-0.5940,0.3049,-0.4612
11.8521,0.3174,0.0509,-0.7413,1.8418,0.6050,0.2992,0.4679,-0.3804,-0.0299,0.7804,1.9141,-0.5934,0.3034,-0.4590
11.8816,0.3222,0.0434,-0.7440,1.8474,0.6005,0.3063,0.4636,-0.3808,-0.0363,0.7845,1.9146,-0.5872,0.3191,-0.4540
11.9115,0.3291,0.0338,-0.7460,1.8572,0.5996,0.3089,0.4625,-0.3833,-0.0439,0.7856,1.9203,-0.5861,0.3219,-0.4519
11.9415,0.3320,0.0256,-0.7486,1.8592,0.5939,0.3216,0.4573,-0.3863,-0.0484,0.7877,1.9237,-0.5851,0.3244,-0.4511
11.9715,0.3381,0.0169,-0.7501,1.8688,0.5932,0.3230,0.4561,-0.3854,-0.0568,0.7872,1.9305,-0.5878,0.3215,-0.4510
12.0016,0.3453,0.0126,-0.7536,1.8694,0.5923,0.3314,0.4583,-0.3862,-0.0627,0.7877,1.9356,-0.5891,0.3206,-0.4509
12.0315,0.3416,-0.0032,-0.7536,1.8793,0.5935,0.3290,0.4535,-0.3863,-0.0680,0.7872,1.9393,-0.5905,0.3193,-0.4506
12.0616,0.3451,-0.0118,-0.7548,1.8855,0.5945,0.3284,0.4533,-0.3885,-0.0723,0.7881,1.9442,-0.5899,0.3190,-0.4493
12.0916,0.3486,-0.0176,-0.7583,1.8885,0.5928,0.3331,0.4524,-0.3893,-0.0764,0.7902,1.9495,-0.5910,0.3177,-0.4499
12.1224,0.3512,-0.0269,-0.7598,1.8970,0.5952,0.3270,0.4524,-0.3902,-0.0805,0.7919,1.9545,-0.5896,0.3200,-0.4481
12.1517,0.3550,-0.0331,-0.7631,1.9008,0.5937,0.3311,0.4514,-0.3913,-0.0853,0.7914,1.9622,-0.5895,0.3161,-0.4458
12.1816,0.3584,-0.0397,-0.7661,1.9059,0.5922,0.3340,0.4499,-0.3924,-0.0861,0.7937,1.9639,-0.5869,0.3231,-0.4446
12.2115,0.3611,-0.0472,-0.7691,1.9120,0.5904,0.3360,0.4475,-0.3951,-0.0871,0.7954,1.9698,-0.5854,0.3246,-0.4439
12.2415,0.3645,-0.0534,-0.7695,1.9205,0.5902,0.3343,0.4457,-0.3960,-0.0904,0.7967,1.9758,-0.5854,0.3247,-0.4434
12.2714,0.3667,-0.0614,-0.7708,1.9260,0.5909,0.3346,0.4452,-0.3937,-0.0970,0.7952,1.9874,-0.5852,0.3153,-0.4381
12.3015,0.3680,-0.0672,-0.7727,1.9315,0.5897,0.3346,0.4428,-0.3924,-0.1021,0.7936,1.9972,-0.5852,0.3077,-0.4343
12.3315,0.3694,-0.0733,-0.7726,1.9388,0.5936,0.3328,0.4455,-0.3977,-0.0976,0.8001,1.9938,-0.5884,0.3208,-0.4449
12.3616,0.3711,-0.0794,-0.7740,1.9450,0.5942,0.3316,0.4449,-0.3960,-0.1012,0.7988,2.0009,-0.5885,0.3146,-0.4418
12.3916,0.3744,-0.0824,-0.7741,1.9493,0.5943,0.3317,0.4451,-0.3972,-0.0986,0.8015,2.0024,-0.5910,0.3169,-0.4469
12.4216,0.3756,-0.0877,-0.7761,1.9568,0.5970,0.3266,0.4464,-0.3984,-0.0988,0.8016,2.0027,-0.5911,0.3176,-0.4474
12.4518,0.3777,-0.0911,-0.7770,1.9614,0.5980,0.3246,0.4470,-0.3971,-0.0993,0.8003,2.0037,-0.5917,0.3159,-0.4469
12.4916,0.3783,-0.0973,-0.7767,1.9707,0.5977,0.3198,0.4437,-0.3963,-0.1003,0.7995,2.0054,-0.5932,0.3145,-0.4477
