time,left_s0,left_s1,left_e0,left_e1,left_w0,left_w1,left_w2,right_s0,right_s1,right_e0,right_e1,right_w0,right_w1,right_w2
0.0000,0.1540,-0.0768,-1.4204,1.5694,-0.0618,0.1963,0.1601,-0.1662,-0.0853,1.4192,1.5692,0.0584,0.2025,-0.1626
0.0301,0.1536,-0.0797,-1.4206,1.5672,-0.0629,0.1985,0.1583,-0.1666,-0.0907,1.4177,1.5699,0.0573,0.2049,-0.1626
0.0599,0.1546,-0.0751,-1.4218,1.5682,-0.0602,0.1980,0.1628,-0.1671,-0.0987,1.4154,1.5701,0.0564,0.2096,-0.1614
0.0897,0.1554,-0.0746,-1.4218,1.5678,-0.0600,0.1992,0.1631,-0.1673,-0.1060,1.4144,1.5698,0.0551,0.2199,-0.1610
0.1198,0.1547,-0.0760,-1.4220,1.5696,-0.0605,0.1969,0.1622,-0.1678,-0.1135,1.4115,1.5690,0.0538,0.2303,-0.1600
0.1497,0.1540,-0.0834,-1.4208,1.5662,-0.0583,0.2044,0.1630,-0.1679,-0.1201,1.4103,1.5681,0.0533,0.2440,-0.1586
0.1797,0.1542,-0.0879,-1.4202,1.5657,-0.0576,0.2100,0.1627,-0.1679,-0.1272,1.4087,1.5684,0.0520,0.2563,-0.1579
0.2097,0.1548,-0.0932,-1.4197,1.5649,-0.0573,0.2159,0.1617,-0.1731,-0.1255,1.4095,1.5835,0.0512,0.2459,-0.1597
0.2397,0.1548,-0.0990,-1.4198,1.5637,-0.0569,0.2234,0.1608,-0.1695,-0.1434,1.4024,1.5687,0.0497,0.2841,-0.1547
0.2697,0.1570,-0.1010,-1.4203,1.5670,-0.0575,0.2226,0.1598,-0.1693,-0.1518,1.3996,1.5698,0.0478,0.2991,-0.1535
0.3001,0.1561,-0.1133,-1.4162,1.5597,-0.0543,0.2406,0.1596,-0.1748,-0.1486,1.4001,1.5869,0.0466,0.2868,-0.1564
0.3300,0.1574,-0.1218,-1.4151,1.5570,-0.0533,0.2551,0.1584,-0.1702,-0.1690,1.3906,1.5693,0.0434,0.3288,-0.1510
0.3597,0.1614,-0.1214,-1.4157,1.5666,-0.0530,0.2493,0.1591,-0.1703,-0.1795,1.3859,1.5701,0.0413,0.3445,-0.1483
0.3898,0.1609,-0.1374,-1.4103,1.5533,-0.0508,0.2835,0.1559,-0.1710,-0.1873,1.3823,1.5711,0.0387,0.3608,-0.1473
0.4199,0.1621,-0.1455,-1.4082,1.5525,-0.0495,0.2955,0.1544,-0.1716,-0.1972,1.3772,1.5709,0.0358,0.3769,-0.1453
0.4497,0.1649,-0.1535,-1.4040,1.5508,-0.0467,0.3143,0.1540,-0.1724,-0.2048,1.3728,1.5727,0.0327,0.3890,-0.1446
0.4797,0.1671,-0.1624,-1.3992,1.5496,-0.0440,0.3285,0.1529,-0.1730,-0.2141,1.3662,1.5748,0.0300,0.3970,-0.1417
0.5097,0.1691,-0.1713,-1.3939,1.5491,-0.0417,0.3478,0.1507,-0.1749,-0.2231,1.3613,1.5765,0.0275,0.4054,-0.1391
0.5397,0.1755,-0.1671,-1.3940,1.5601,-0.0402,0.3422,0.1547,-0.1763,-0.2315,1.3568,1.5800,0.0248,0.4105,-0.1373
0.5697,0.1744,-0.1913,-1.3831,1.5485,-0.0358,0.3735,0.1473,-0.1783,-0.2404,1.3523,1.5850,0.0217,0.4153,-0.1357
0.5998,0.1762,-0.2001,-1.3759,1.5490,-0.0328,0.3867,0.1450,-0.1819,-0.2490,1.3490,1.5891,0.0192,0.4198,-0.1340
0.6298,0.1787,-0.2078,-1.3700,1.5500,-0.0292,0.3951,0.1443,-0.1852,-0.2566,1.3453,1.5966,0.0171,0.4194,-0.1320
0.6598,0.1846,-0.2003,-1.3689,1.5544,-0.0268,0.3949,0.1508,-0.1898,-0.2640,1.3422,1.6033,0.0149,0.4202,-0.1307
0.6897,0.1823,-0.2237,-1.3580,1.5550,-0.0232,0.3967,0.1409,-0.1942,-0.2704,1.3399,1.6116,0.0131,0.4188,-0.1295
0.7197,0.1854,-0.2315,-1.3520,1.5565,-0.0209,0.3969,0.1385,-0.2012,-0.2679,1.3403,1.6234,0.0120,0.4131,-0.1327
0.7497,0.1880,-0.2402,-1.3480,1.5597,-0.0183,0.3958,0.1367,-0.2045,-0.2823,1.3356,1.6282,0.0105,0.4180,-0.1265
0.7797,0.1940,-0.2340,-1.3473,1.5631,-0.0163,0.3967,0.1424,-0.2100,-0.2868,1.3354,1.6372,0.0097,0.4184,-0.1260
0.8097,0.1957,-0.2532,-1.3397,1.5688,-0.0145,0.3963,0.1333,-0.2169,-0.2915,1.3338,1.6467,0.0093,0.4192,-0.1241
0.8397,0.1996,-0.2610,-1.3367,1.5744,-0.0123,0.3966,0.1320,-0.2234,-0.2965,1.3326,1.6583,0.0079,0.4158,-0.1236
0.8698,0.2044,-0.2685,-1.3338,1.5826,-0.0110,0.3972,0.1296,-0.2341,-0.2938,1.3336,1.6718,0.0065,0.4116,-0.1278
0.8998,0.2094,-0.2742,-1.3321,1.5895,-0.0097,0.3971,0.1285,-0.2446,-0.2914,1.3347,1.6900,0.0052,0.4026,-0.1317
0.9302,0.2159,-0.2729,-1.3330,1.6022,-0.0090,0.3903,0.1307,-0.2462,-0.3081,1.3298,1.6897,0.0066,0.4171,-0.1211
0.9598,0.2247,-0.2702,-1.3339,1.6115,-0.0078,0.3885,0.1344,-0.2542,-0.3121,1.3298,1.6996,0.0057,0.4168,-0.1211
0.9899,0.2236,-0.2933,-1.3275,1.6182,-0.0050,0.3962,0.1257,-0.2614,-0.3152,1.3290,1.7099,0.0051,0.4182,-0.1206
1.0198,0.2321,-0.2909,-1.3283,1.6262,-0.0039,0.3955,0.1293,-0.2687,-0.3186,1.3278,1.7181,0.0049,0.4191,-0.1194
1.0497,0.2362,-0.3056,-1.3249,1.6385,-0.0034,0.3947,0.1225,-0.2766,-0.3213,1.3278,1.7277,0.0046,0.4163,-0.1192
1.0798,0.2452,-0.3044,-1.3264,1.6540,-0.0026,0.3872,0.1252,-0.2844,-0.3233,1.3265,1.7338,0.0045,0.4214,-0.1186
1.1097,0.2481,-0.3139,-1.3222,1.6599,-0.0015,0.3974,0.1213,-0.2916,-0.3259,1.3272,1.7405,0.0036,0.4299,-0.1195
1.1398,0.2553,-0.3186,-1.3218,1.6696,-0.0008,0.4056,0.1205,-0.3011,-0.3244,1.3283,1.7568,0.0025,0.4219,-0.1225
1.1698,0.2662,-0.3171,-1.3235,1.6918,0.0003,0.3931,0.1238,-0.3056,-0.3294,1.3257,1.7562,0.0037,0.4416,-0.1184
1.1998,0.2693,-0.3251,-1.3211,1.6907,-0.0005,0.4183,0.1190,-0.3117,-0.3311,1.3259,1.7619,0.0037,0.4469,-0.1181
1.2302,0.2760,-0.3266,-1.3204,1.7014,0.0001,0.4274,0.1193,-0.3179,-0.3330,1.3254,1.7679,0.0033,0.4520,-0.1182
1.2598,0.2828,-0.3295,-1.3182,1.7109,0.0009,0.4338,0.1187,-0.3274,-0.3303,1.3257,1.7781,0.0017,0.4498,-0.1223
1.2899,0.2909,-0.3309,-1.3169,1.7210,0.0014,0.4409,0.1188,-0.3336,-0.3309,1.3272,1.7858,0.0016,0.4480,-0.1232
1.3197,0.3025,-0.3269,-1.3172,1.7373,0.0034,0.4343,0.1244,-0.3356,-0.3380,1.3239,1.7837,0.0028,0.4607,-0.1174
1.3497,0.3046,-0.3353,-1.3126,1.7386,0.0026,0.4487,0.1179,-0.3408,-0.3376,1.3247,1.7922,0.0023,0.4569,-0.1189
1.3797,0.3146,-0.3312,-1.3125,1.7503,0.0046,0.4451,0.1232,-0.3453,-0.3361,1.3246,1.7950,0.0015,0.4578,-0.1210
1.4097,0.3222,-0.3288,-1.3126,1.7595,0.0059,0.4423,0.1268,-0.3471,-0.3406,1.3224,1.7957,0.0021,0.4611,-0.1175
1.4398,0.3257,-0.3391,-1.3083,1.7629,0.0027,0.4491,0.1166,-0.3489,-0.3408,1.3212,1.7975,0.0018,0.4623,-0.1175
1.4698,0.3322,-0.3369,-1.3083,1.7714,0.0039,0.4459,0.1197,-0.3506,-0.3414,1.3219,1.8000,0.0019,0.4615,-0.1174
1.4998,0.3391,-0.3358,-1.3090,1.7780,0.0047,0.4453,0.1221,-0.3523,-0.3413,1.3213,1.8040,0.0018,0.4607,-0.1176
1.5304,0.3410,-0.3421,-1.3060,1.7804,0.0026,0.4498,0.1154,-0.3535,-0.3422,1.3220,1.8053,0.0023,0.4626,-0.1168
1.5599,0.3456,-0.3423,-1.3069,1.7867,0.0028,0.4476,0.1163,-0.3523,-0.3411,1.3206,1.8081,0.0021,0.4618,-0.1169
1.5897,0.3500,-0.3422,-1.3076,1.7918,0.0031,0.4465,0.1175,-0.3530,-0.3424,1.3210,1.8099,0.0020,0.4612,-0.1166
1.6197,0.3519,-0.3466,-1.3062,1.7950,0.0036,0.4481,0.1156,-0.3536,-0.3425,1.3209,1.8097,0.0024,0.4626,-0.1160
1.6497,0.3564,-0.3459,-1.3060,1.7983,0.0031,0.4508,0.1157,-0.3520,-0.3422,1.3204,1.8102,0.0017,0.4617,-0.1167
1.6797,0.3589,-0.3457,-1.3064,1.8041,0.0033,0.4471,0.1163,-0.3519,-0.3432,1.3212,1.8079,0.0020,0.4611,-0.1161
1.7097,0.3599,-0.3464,-1.3061,1.8050,0.0030,0.4502,0.1156,-0.3523,-0.3435,1.3214,1.8095,0.0021,0.4598,-0.1160
1.7397,0.3618,-0.3459,-1.3062,1.8068,0.0033,0.4501,0.1165,-0.3505,-0.3424,1.3210,1.8079,0.0021,0.4630,-0.1162
1.7698,0.3659,-0.3460,-1.3070,1.8194,0.0036,0.4412,0.1172,-0.3509,-0.3424,1.3206,1.8056,0.0021,0.4636,-0.1161
1.7999,0.3637,-0.3474,-1.3051,1.8121,0.0028,0.4565,0.1148,-0.3501,-0.3427,1.3209,1.8045,0.0024,0.4632,-0.1157
1.8299,0.3649,-0.3471,-1.3036,1.8145,0.0032,0.4590,0.1150,-0.3494,-0.3424,1.3214,1.7999,0.0023,0.4664,-0.1161
1.8598,0.3658,-0.3488,-1.3048,1.8159,0.0026,0.4589,0.1140,-0.3462,-0.3413,1.3218,1.7957,0.0020,0.4714,-0.1170
1.8898,0.3660,-0.3464,-1.3033,1.8141,0.0036,0.4601,0.1159,-0.3435,-0.3424,1.3212,1.7924,0.0020,0.4731,-0.1160
1.9197,0.3654,-0.3477,-1.3041,1.8160,0.0030,0.4582,0.1147,-0.3411,-0.3436,1.3215,1.7892,0.0026,0.4745,-0.1146
1.9497,0.3652,-0.3474,-1.3038,1.8152,0.0031,0.4586,0.1149,-0.3356,-0.3413,1.3215,1.7816,0.0015,0.4759,-0.1166
1.9797,0.3642,-0.3462,-1.3029,1.8100,0.0035,0.4626,0.1156,-0.3302,-0.3429,1.3214,1.7751,0.0024,0.4778,-0.1142
2.0097,0.3632,-0.3478,-1.3037,1.8126,0.0028,0.4595,0.1141,-0.3225,-0.3445,1.3209,1.7655,0.0035,0.4808,-0.1112
2.0398,0.3610,-0.3464,-1.3029,1.8057,0.0036,0.4693,0.1154,-0.3178,-0.3410,1.3227,1.7600,0.0013,0.4757,-0.1161
2.0697,0.3586,-0.3465,-1.3029,1.8011,0.0038,0.4689,0.1155,-0.3098,-0.3406,1.3222,1.7517,0.0013,0.4757,-0.1155
2.0999,0.3561,-0.3474,-1.3030,1.7985,0.0033,0.4695,0.1141,-0.3010,-0.3403,1.3215,1.7418,0.0007,0.4756,-0.1153
2.1304,0.3532,-0.3454,-1.3026,1.7926,0.0033,0.4714,0.1148,-0.2926,-0.3400,1.3216,1.7312,0.0001,0.4752,-0.1156
2.1598,0.3486,-0.3458,-1.3036,1.7868,0.0034,0.4711,0.1147,-0.2834,-0.3402,1.3207,1.7211,-0.0004,0.4735,-0.1151
2.1901,0.3447,-0.3451,-1.3037,1.7795,0.0042,0.4712,0.1159,-0.2711,-0.3407,1.3186,1.7019,0.0004,0.4815,-0.1119
2.2197,0.3402,-0.3458,-1.3037,1.7711,0.0040,0.4727,0.1150,-0.2628,-0.3395,1.3181,1.6983,-0.0018,0.4713,-0.1143
2.2497,0.3327,-0.3466,-1.3028,1.7596,0.0032,0.4775,0.1126,-0.2531,-0.3382,1.3160,1.6836,-0.0023,0.4729,-0.1140
2.2797,0.3242,-0.3473,-1.3017,1.7482,0.0024,0.4814,0.1100,-0.2417,-0.3381,1.3137,1.6697,-0.0018,0.4765,-0.1115
2.3097,0.3177,-0.3429,-1.3050,1.7423,0.0035,0.4745,0.1143,-0.2325,-0.3353,1.3130,1.6585,0.0003,0.4735,-0.1088
2.3397,0.3061,-0.3454,-1.3043,1.7284,0.0019,0.4785,0.1096,-0.2197,-0.3370,1.3112,1.6442,0.0014,0.4766,-0.1045
2.3697,0.2934,-0.3471,-1.3027,1.7076,0.0005,0.4882,0.1053,-0.2111,-0.3292,1.3110,1.6304,0.0063,0.4714,-0.1010
2.3998,0.2864,-0.3388,-1.3059,1.7029,-0.0020,0.4727,0.1068,-0.1974,-0.3299,1.3085,1.6097,0.0071,0.4797,-0.0973
2.4299,0.2735,-0.3428,-1.3053,1.6876,-0.0040,0.4773,0.1007,-0.1900,-0.3255,1.3087,1.6006,0.0101,0.4732,-0.0948
2.4597,0.2631,-0.3346,-1.3076,1.6743,-0.0073,0.4721,0.1005,-0.1791,-0.3238,1.3068,1.5852,0.0106,0.4718,-0.0931
2.4897,0.2475,-0.3351,-1.3047,1.6520,-0.0082,0.4803,0.0964,-0.1679,-0.3227,1.3050,1.5707,0.0103,0.4721,-0.0922
2.5198,0.2372,-0.3308,-1.3070,1.6420,-0.0085,0.4720,0.0982,-0.1563,-0.3214,1.3036,1.5542,0.0096,0.4741,-0.0922
2.5497,0.2218,-0.3326,-1.3046,1.6219,-0.0097,0.4786,0.0932,-0.1468,-0.3224,1.3028,1.5402,0.0083,0.4736,-0.0924
2.5797,0.2112,-0.3294,-1.3058,1.6095,-0.0082,0.4720,0.0965,-0.1329,-0.3198,1.2989,1.5146,0.0080,0.4859,-0.0910
2.6098,0.1962,-0.3281,-1.3041,1.5928,-0.0079,0.4724,0.0954,-0.1244,-0.3211,1.2978,1.5098,0.0068,0.4716,-0.0906
2.6398,0.1824,-0.3303,-1.3020,1.5750,-0.0091,0.4782,0.0904,-0.1122,-0.3212,1.2951,1.4912,0.0072,0.4791,-0.0876
2.6697,0.1666,-0.3304,-1.2987,1.5576,-0.0097,0.4812,0.0864,-0.1037,-0.3187,1.2936,1.4801,0.0058,0.4740,-0.0893
2.6997,0.1536,-0.3262,-1.2995,1.5459,-0.0051,0.4745,0.0942,-0.0902,-0.3189,1.2906,1.4591,0.0062,0.4828,-0.0858
2.7300,0.1393,-0.3268,-1.2966,1.5226,-0.0058,0.4849,0.0902,-0.0774,-0.3196,1.2879,1.4403,0.0067,0.4900,-0.0819
2.7599,0.1283,-0.3208,-1.2978,1.5102,-0.0071,0.4757,0.0911,-0.0722,-0.3130,1.2902,1.4353,0.0087,0.4745,-0.0834
2.7897,0.1097,-0.3236,-1.2946,1.4864,-0.0084,0.4832,0.0843,-0.0606,-0.3090,1.2912,1.4175,0.0116,0.4747,-0.0807
2.8200,0.0984,-0.3123,-1.2961,1.4708,-0.0132,0.4754,0.0830,-0.0492,-0.3058,1.2915,1.3971,0.0151,0.4733,-0.0763
2.8497,0.0788,-0.3152,-1.2924,1.4405,-0.0145,0.4885,0.0759,-0.0374,-0.3012,1.2923,1.3751,0.0193,0.4722,-0.0719
2.8797,0.0694,-0.3050,-1.2959,1.4265,-0.0171,0.4791,0.0788,-0.0262,-0.3004,1.2927,1.3544,0.0206,0.4705,-0.0699
2.9097,0.0503,-0.3086,-1.2923,1.4013,-0.0183,0.4877,0.0712,-0.0143,-0.2990,1.2941,1.3360,0.0210,0.4674,-0.0699
2.9398,0.0327,-0.3104,-1.2886,1.3788,-0.0190,0.4945,0.0652,-0.0034,-0.2982,1.2932,1.3203,0.0207,0.4645,-0.0692
2.9698,0.0238,-0.2962,-1.2925,1.3648,-0.0186,0.4866,0.0754,0.0069,-0.2982,1.2935,1.3074,0.0199,0.4627,-0.0697
2.9998,0.0088,-0.2938,-1.2923,1.3493,-0.0179,0.4868,0.0760,0.0157,-0.2984,1.2929,1.2968,0.0193,0.4622,-0.0693
3.0300,-0.0052,-0.2930,-1.2914,1.3366,-0.0171,0.4866,0.0756,0.0235,-0.2975,1.2937,1.2868,0.0192,0.4615,-0.0697
3.0598,-0.0162,-0.2952,-1.2891,1.3219,-0.0176,0.4918,0.0710,0.0310,-0.2986,1.2940,1.2799,0.0183,0.4624,-0.0700
3.0898,-0.0241,-0.2913,-1.2893,1.3184,-0.0158,0.4871,0.0753,0.0373,-0.2982,1.2953,1.2751,0.0183,0.4621,-0.0704
3.1199,-0.0323,-0.2943,-1.2878,1.3085,-0.0164,0.4902,0.0708,0.0436,-0.2994,1.2938,1.2697,0.0185,0.4621,-0.0678
3.1498,-0.0372,-0.2902,-1.2905,1.3027,-0.0156,0.4883,0.0758,0.0472,-0.2981,1.2959,1.2638,0.0175,0.4623,-0.0712
3.1798,-0.0424,-0.2900,-1.2901,1.2955,-0.0162,0.4891,0.0742,0.0510,-0.2967,1.2966,1.2612,0.0189,0.4631,-0.0697
3.2099,-0.0464,-0.2889,-1.2912,1.2891,-0.0165,0.4890,0.0746,0.0543,-0.2963,1.2965,1.2563,0.0195,0.4644,-0.0688
3.2399,-0.0525,-0.2919,-1.2900,1.2765,-0.0172,0.4967,0.0706,0.0570,-0.3006,1.2961,1.2562,0.0202,0.4633,-0.0646
3.2697,-0.0522,-0.2881,-1.2943,1.2731,-0.0204,0.4898,0.0707,0.0561,-0.2939,1.2995,1.2485,0.0240,0.4678,-0.0648
3.3000,-0.0566,-0.2900,-1.2933,1.2598,-0.0208,0.4994,0.0681,0.0564,-0.2932,1.3023,1.2459,0.0267,0.4655,-0.0627
3.3299,-0.0575,-0.2842,-1.2975,1.2585,-0.0253,0.4909,0.0671,0.0557,-0.2908,1.3047,1.2439,0.0306,0.4656,-0.0594
3.3597,-0.0591,-0.2823,-1.2993,1.2505,-0.0275,0.4911,0.0658,0.0551,-0.2890,1.3067,1.2410,0.0351,0.4627,-0.0546
3.3898,-0.0613,-0.2817,-1.3023,1.2448,-0.0310,0.4902,0.0625,0.0579,-0.2959,1.3061,1.2332,0.0364,0.4696,-0.0483
3.4197,-0.0662,-0.2817,-1.3008,1.2304,-0.0310,0.5000,0.0611,0.0527,-0.2877,1.3137,1.2355,0.0447,0.4598,-0.0453
3.4497,-0.0653,-0.2749,-1.3069,1.2319,-0.0413,0.4868,0.0526,0.0504,-0.2874,1.3171,1.2339,0.0504,0.4595,-0.0387
3.4797,-0.0667,-0.2726,-1.3111,1.2269,-0.0463,0.4851,0.0485,0.0485,-0.2866,1.3217,1.2322,0.0565,0.4586,-0.0327
3.5097,-0.0693,-0.2688,-1.3148,1.2207,-0.0527,0.4836,0.0427,0.0467,-0.2877,1.3257,1.2308,0.0619,0.4568,-0.0264
3.5398,-0.0720,-0.2654,-1.3192,1.2183,-0.0597,0.4789,0.0360,0.0446,-0.2879,1.3307,1.2291,0.0681,0.4540,-0.0201
3.5698,-0.0746,-0.2625,-1.3244,1.2145,-0.0667,0.4753,0.0297,0.0423,-0.2898,1.3356,1.2292,0.0741,0.4532,-0.0127
3.5998,-0.0773,-0.2610,-1.3292,1.2093,-0.0726,0.4699,0.0241,0.0393,-0.2935,1.3404,1.2294,0.0792,0.4520,-0.0062
3.6301,-0.0775,-0.2591,-1.3329,1.2075,-0.0791,0.4655,0.0173,0.0354,-0.2961,1.3458,1.2299,0.0850,0.4507,0.0005
3.6598,-0.0807,-0.2584,-1.3367,1.2045,-0.0850,0.4600,0.0103,0.0370,-0.3079,1.3450,1.2207,0.0870,0.4609,0.0109
3.6898,-0.0822,-0.2587,-1.3397,1.2019,-0.0906,0.4560,0.0031,0.0303,-0.3043,1.3571,1.2296,0.0973,0.4452,0.0164
3.7199,-0.0829,-0.2603,-1.3452,1.1997,-0.0971,0.4501,-0.0044,0.0304,-0.3164,1.3561,1.2172,0.0994,0.4598,0.0269
3.7498,-0.0825,-0.2614,-1.3490,1.1990,-0.1028,0.4442,-0.0116,0.0222,-0.3162,1.3682,1.2307,0.1089,0.4354,0.0326
3.7799,-0.0824,-0.2646,-1.3546,1.1986,-0.1092,0.4371,-0.0195,0.0184,-0.3214,1.3738,1.2307,0.1145,0.4308,0.0401
3.8099,-0.0817,-0.2675,-1.3609,1.1958,-0.1158,0.4373,-0.0276,0.0148,-0.3288,1.3805,1.2309,0.1203,0.4240,0.0484
3.8399,-0.0783,-0.2702,-1.3669,1.1955,-0.1218,0.4331,-0.0342,0.0109,-0.3351,1.3858,1.2318,0.1264,0.4220,0.0575
3.8697,-0.0758,-0.2744,-1.3732,1.1946,-0.1288,0.4317,-0.0432,0.0051,-0.3418,1.3927,1.2333,0.1319,0.4202,0.0647
3.9000,-0.0737,-0.2795,-1.3794,1.1938,-0.1342,0.4283,-0.0502,0.0033,-0.3566,1.3922,1.2272,0.1345,0.4300,0.0769
3.9302,-0.0686,-0.2862,-1.3850,1.1945,-0.1402,0.4257,-0.0588,-0.0063,-0.3549,1.4044,1.2381,0.1422,0.4171,0.0793
3.9598,-0.0641,-0.2929,-1.3918,1.1959,-0.1460,0.4212,-0.0666,-0.0088,-0.3723,1.4044,1.2353,0.1455,0.4244,0.0933
3.9899,-0.0600,-0.3005,-1.3983,1.1954,-0.1511,0.4193,-0.0740,-0.0178,-0.3685,1.4171,1.2459,0.1524,0.4149,0.0934
4.0197,-0.0603,-0.3168,-1.3955,1.1806,-0.1536,0.4359,-0.0888,-0.0235,-0.3773,1.4210,1.2494,0.1545,0.4118,0.0982
4.0497,-0.0488,-0.3177,-1.4080,1.1964,-0.1586,0.4110,-0.0869,-0.0296,-0.3858,1.4238,1.2542,0.1567,0.4103,0.1038
4.0797,-0.0436,-0.3285,-1.4135,1.1974,-0.1602,0.4088,-0.0909,-0.0367,-0.3957,1.4246,1.2617,0.1572,0.4071,0.1086
4.1097,-0.0357,-0.3379,-1.4175,1.1984,-0.1625,0.4077,-0.0961,-0.0432,-0.4067,1.4269,1.2683,0.1598,0.4076,0.1162
4.1397,-0.0283,-0.3496,-1.4212,1.1995,-0.1635,0.4055,-0.1007,-0.0503,-0.4142,1.4298,1.2762,0.1617,0.4069,0.1208
4.1697,-0.0212,-0.3612,-1.4245,1.2057,-0.1636,0.4041,-0.1039,-0.0577,-0.4214,1.4330,1.2864,0.1636,0.4041,0.1251
4.1998,-0.0119,-0.3727,-1.4266,1.2093,-0.1630,0.4032,-0.1068,-0.0650,-0.4257,1.4372,1.2958,0.1624,0.4027,0.1226
4.2299,-0.0033,-0.3839,-1.4290,1.2142,-0.1634,0.4023,-0.1110,-0.0750,-0.4339,1.4422,1.3120,0.1649,0.3962,0.1270
4.2598,0.0033,-0.3943,-1.4300,1.2142,-0.1655,0.4095,-0.1189,-0.0831,-0.4410,1.4465,1.3262,0.1671,0.3900,0.1307
4.2898,0.0106,-0.4029,-1.4316,1.2164,-0.1674,0.4147,-0.1250,-0.0918,-0.4489,1.4515,1.3429,0.1696,0.3816,0.1349
4.3198,0.0261,-0.4118,-1.4379,1.2367,-0.1670,0.3980,-0.1234,-0.0979,-0.4484,1.4558,1.3445,0.1734,0.3982,0.1387
4.3497,0.0343,-0.4194,-1.4415,1.2463,-0.1687,0.3957,-0.1271,-0.1071,-0.4529,1.4605,1.3576,0.1763,0.3968,0.1423
4.3798,0.0452,-0.4273,-1.4460,1.2600,-0.1710,0.3925,-0.1313,-0.1177,-0.4585,1.4665,1.3760,0.1785,0.3883,0.1444
4.4098,0.0556,-0.4324,-1.4501,1.2711,-0.1727,0.3912,-0.1336,-0.1255,-0.4620,1.4708,1.3849,0.1803,0.3946,0.1466
4.4398,0.0635,-0.4412,-1.4519,1.2800,-0.1726,0.3933,-0.1365,-0.1378,-0.4660,1.4783,1.4088,0.1824,0.3818,0.1470
4.4697,0.0742,-0.4483,-1.4544,1.2942,-0.1735,0.3914,-0.1394,-0.1452,-0.4691,1.4826,1.4152,0.1851,0.3936,0.1508
4.4999,0.0852,-0.4552,-1.4602,1.3126,-0.1759,0.3832,-0.1424,-0.1567,-0.4721,1.4890,1.4301,0.1876,0.3934,0.1525
4.5299,0.0937,-0.4577,-1.4636,1.3237,-0.1774,0.3907,-0.1443,-0.1681,-0.4783,1.4965,1.4511,0.1903,0.3827,0.1551
4.5598,0.1038,-0.4621,-1.4697,1.3382,-0.1805,0.3892,-0.1474,-0.1812,-0.4812,1.5041,1.4730,0.1923,0.3724,0.1548
4.5897,0.1137,-0.4660,-1.4749,1.3528,-0.1823,0.3886,-0.1490,-0.1905,-0.4813,1.5095,1.4771,0.1971,0.3894,0.1604
4.6197,0.1247,-0.4694,-1.4796,1.3720,-0.1857,0.3868,-0.1529,-0.2034,-0.4838,1.5176,1.4935,0.2009,0.3870,0.1630
4.6497,0.1368,-0.4722,-1.4849,1.3894,-0.1885,0.3859,-0.1555,-0.2162,-0.4852,1.5256,1.5105,0.2043,0.3859,0.1648
4.6797,0.1476,-0.4750,-1.4914,1.4066,-0.1917,0.3841,-0.1580,-0.2309,-0.4904,1.5339,1.5281,0.2069,0.3814,0.1669
4.7097,0.1616,-0.4782,-1.4998,1.4320,-0.1939,0.3712,-0.1577,-0.2460,-0.4949,1.5426,1.5470,0.2094,0.3756,0.1684
4.7397,0.1714,-0.4808,-1.5047,1.4422,-0.1982,0.3817,-0.1634,-0.2584,-0.4901,1.5512,1.5581,0.2143,0.3828,0.1702
4.7697,0.1835,-0.4831,-1.5114,1.4602,-0.2013,0.3802,-0.1656,-0.2732,-0.4932,1.5605,1.5736,0.2170,0.3813,0.1716
4.7998,0.1987,-0.4861,-1.5207,1.4863,-0.2036,0.3676,-0.1652,-0.2885,-0.4957,1.5685,1.5896,0.2191,0.3809,0.1726
4.8301,0.2100,-0.4887,-1.5263,1.4977,-0.2067,0.3790,-0.1690,-0.3024,-0.4984,1.5775,1.6053,0.2217,0.3803,0.1740
4.8598,0.2241,-0.4927,-1.5343,1.5156,-0.2089,0.3786,-0.1704,-0.3187,-0.4994,1.5861,1.6241,0.2234,0.3758,0.1735
4.8898,0.2402,-0.4944,-1.5439,1.5409,-0.2109,0.3674,-0.1694,-0.3354,-0.5038,1.5940,1.6381,0.2247,0.3790,0.1749
4.9197,0.2527,-0.4998,-1.5491,1.5531,-0.2129,0.3766,-0.1729,-0.3504,-0.5065,1.6024,1.6533,0.2268,0.3766,0.1759
4.9497,0.2673,-0.5042,-1.5569,1.5716,-0.2148,0.3755,-0.1745,-0.3658,-0.5079,1.6118,1.6748,0.2289,0.3683,0.1758
4.9797,0.2830,-0.5068,-1.5659,1.5902,-0.2162,0.3764,-0.1744,-0.3793,-0.5118,1.6168,1.6841,0.2299,0.3770,0.1782
5.0097,0.3004,-0.5090,-1.5757,1.6112,-0.2184,0.3705,-0.1744,-0.3946,-0.5128,1.6258,1.7032,0.2318,0.3710,0.1781
5.0397,0.3178,-0.5096,-1.5860,1.6366,-0.2203,0.3602,-0.1730,-0.4095,-0.5112,1.6329,1.7184,0.2324,0.3690,0.1764
5.0698,0.3324,-0.5172,-1.5923,1.6458,-0.2225,0.3733,-0.1780,-0.4248,-0.5109,1.6421,1.7403,0.2341,0.3603,0.1754
5.0998,0.3488,-0.5215,-1.6017,1.6640,-0.2239,0.3726,-0.1788,-0.4362,-0.5192,1.6458,1.7448,0.2363,0.3762,0.1820
5.1305,0.3672,-0.5185,-1.6102,1.6836,-0.2244,0.3691,-0.1755,-0.4508,-0.5204,1.6525,1.7589,0.2370,0.3795,0.1822
5.1598,0.3840,-0.5192,-1.6194,1.7019,-0.2261,0.3653,-0.1752,-0.4649,-0.5185,1.6616,1.7834,0.2384,0.3672,0.1802
5.1898,0.3992,-0.5305,-1.6257,1.7152,-0.2280,0.3715,-0.1812,-0.4750,-0.5200,1.6659,1.7874,0.2392,0.3882,0.1827
5.2198,0.4154,-0.5328,-1.6337,1.7324,-0.2300,0.3713,-0.1827,-0.4882,-0.5183,1.6708,1.8013,0.2398,0.3927,0.1822
5.2497,0.4313,-0.5339,-1.6440,1.7539,-0.2322,0.3631,-0.1828,-0.4983,-0.5177,1.6761,1.8150,0.2411,0.3970,0.1830
5.2797,0.4485,-0.5311,-1.6533,1.7765,-0.2330,0.3555,-0.1801,-0.5127,-0.5153,1.6850,1.8390,0.2425,0.3856,0.1809
5.3097,0.4584,-0.5375,-1.6570,1.7804,-0.2336,0.3786,-0.1845,-0.5207,-0.5146,1.6862,1.8415,0.2429,0.4062,0.1830
5.3397,0.4714,-0.5374,-1.6639,1.7956,-0.2340,0.3834,-0.1839,-0.5298,-0.5127,1.6933,1.8539,0.2434,0.4113,0.1817
5.3698,0.4843,-0.5373,-1.6724,1.8116,-0.2352,0.3873,-0.1839,-0.5420,-0.5119,1.6956,1.8646,0.2444,0.4163,0.1832
5.3998,0.4976,-0.5371,-1.6800,1.8259,-0.2366,0.3919,-0.1845,-0.5526,-0.5118,1.6993,1.8766,0.2449,0.4197,0.1836
5.4301,0.5115,-0.5332,-1.6881,1.8502,-0.2374,0.3798,-0.1812,-0.5638,-0.5093,1.7023,1.8889,0.2458,0.4246,0.1839
5.4598,0.5213,-0.5361,-1.6907,1.8553,-0.2384,0.3997,-0.1852,-0.5737,-0.5085,1.7049,1.8988,0.2457,0.4297,0.1837
5.4899,0.5340,-0.5332,-1.6988,1.8786,-0.2396,0.3875,-0.1828,-0.5838,-0.5058,1.7087,1.9089,0.2467,0.4356,0.1840
5.5197,0.5422,-0.5340,-1.7012,1.8829,-0.2405,0.4081,-0.1860,-0.5936,-0.5040,1.7122,1.9185,0.2467,0.4410,0.1834
5.5497,0.5563,-0.5320,-1.7111,1.9092,-0.2424,0.3938,-0.1843,-0.6046,-0.5021,1.7151,1.9281,0.2469,0.4480,0.1833
5.5797,0.5633,-0.5306,-1.7115,1.9089,-0.2419,0.4193,-0.1857,-0.6136,-0.5016,1.7185,1.9369,0.2466,0.4530,0.1830
5.6097,0.5733,-0.5286,-1.7173,1.9210,-0.2429,0.4248,-0.1857,-0.6233,-0.4996,1.7201,1.9452,0.2458,0.4596,0.1819
5.6397,0.5828,-0.5283,-1.7217,1.9320,-0.2437,0.4311,-0.1866,-0.6328,-0.4979,1.7225,1.9539,0.2449,0.4660,0.1807
5.6697,0.5954,-0.5225,-1.7260,1.9491,-0.2430,0.4259,-0.1823,-0.6409,-0.4970,1.7256,1.9614,0.2446,0.4731,0.1804
5.6998,0.6037,-0.5269,-1.7285,1.9535,-0.2431,0.4414,-0.1860,-0.6520,-0.4938,1.7300,1.9748,0.2447,0.4701,0.1782
5.7309,0.6138,-0.5285,-1.7323,1.9636,-0.2420,0.4464,-0.1857,-0.6588,-0.4957,1.7308,1.9759,0.2442,0.4841,0.1803
5.7597,0.6251,-0.5247,-1.7379,1.9817,-0.2425,0.4386,-0.1829,-0.6667,-0.4967,1.7345,1.9830,0.2430,0.4883,0.1795
5.7897,0.6331,-0.5302,-1.7394,1.9820,-0.2394,0.4579,-0.1840,-0.6759,-0.4922,1.7370,1.9967,0.2425,0.4836,0.1759
5.8197,0.6414,-0.5277,-1.7440,1.9916,-0.2397,0.4650,-0.1834,-0.6829,-0.4994,1.7383,1.9958,0.2388,0.4967,0.1768
5.8497,0.6501,-0.5260,-1.7478,2.0000,-0.2390,0.4696,-0.1819,-0.6892,-0.4992,1.7421,2.0022,0.2376,0.4993,0.1751
5.8797,0.6585,-0.5264,-1.7524,2.0075,-0.2375,0.4737,-0.1804,-0.6956,-0.4962,1.7429,2.0079,0.2368,0.5000,0.1729
5.9097,0.6675,-0.5268,-1.7537,2.0144,-0.2364,0.4740,-0.1797,-0.7021,-0.4987,1.7453,2.0122,0.2351,0.5056,0.1727
5.9398,0.6756,-0.5274,-1.7558,2.0210,-0.2342,0.4762,-0.1777,-0.7079,-0.5000,1.7463,2.0178,0.2333,0.5060,0.1714
5.9699,0.6841,-0.5225,-1.7571,2.0314,-0.2331,0.4742,-0.1741,-0.7142,-0.5003,1.7476,2.0221,0.2318,0.5086,0.1703
6.0097,0.6936,-0.5182,-1.7601,2.0455,-0.2327,0.4694,-0.1709,-0.7197,-0.4956,1.7473,2.0317,0.2306,0.5050,0.1664
6.0398,0.7009,-0.5151,-1.7618,2.0527,-0.2321,0.4691,-0.1688,-0.7238,-0.5002,1.7490,2.0313,0.2297,0.5111,0.1684
6.0697,0.7058,-0.5264,-1.7653,2.0468,-0.2290,0.4899,-0.1726,-0.7278,-0.4992,1.7504,2.0354,0.2297,0.5106,0.1677
6.0997,0.7120,-0.5241,-1.7674,2.0541,-0.2288,0.4883,-0.1711,-0.7299,-0.4997,1.7508,2.0383,0.2282,0.5132,0.1664
6.1302,0.7172,-0.5205,-1.7670,2.0590,-0.2275,0.4889,-0.1683,-0.7321,-0.4990,1.7505,2.0396,0.2290,0.5142,0.1674
6.1597,0.7213,-0.5172,-1.7657,2.0610,-0.2260,0.4914,-0.1658,-0.7330,-0.4987,1.7512,2.0417,0.2293,0.5164,0.1678
6.1897,0.7252,-0.5157,-1.7665,2.0641,-0.2257,0.4919,-0.1648,-0.7345,-0.4973,1.7506,2.0427,0.2286,0.5171,0.1666
6.2198,0.7320,-0.5252,-1.7714,2.0670,-0.2278,0.4934,-0.1720,-0.7358,-0.4974,1.7518,2.0452,0.2290,0.5157,0.1668
6.2497,0.7352,-0.5242,-1.7723,2.0703,-0.2269,0.4934,-0.1705,-0.7370,-0.4968,1.7529,2.0478,0.2299,0.5153,0.1673
6.2797,0.7382,-0.5241,-1.7721,2.0712,-0.2281,0.4941,-0.1722,-0.7367,-0.4973,1.7531,2.0469,0.2300,0.5158,0.1677
6.3097,0.7416,-0.5229,-1.7728,2.0732,-0.2277,0.4953,-0.1715,-0.7367,-0.4965,1.7540,2.0498,0.2300,0.5147,0.1669
6.3397,0.7435,-0.5213,-1.7747,2.0756,-0.2282,0.4943,-0.1709,-0.7366,-0.4964,1.7541,2.0507,0.2292,0.5148,0.1659
6.3698,0.7448,-0.5195,-1.7730,2.0748,-0.2271,0.4967,-0.1694,-0.7367,-0.4967,1.7530,2.0494,0.2272,0.5155,0.1639
6.3998,0.7457,-0.5182,-1.7723,2.0759,-0.2265,0.4968,-0.1683,-0.7369,-0.4986,1.7533,2.0498,0.2246,0.5181,0.1619
6.4298,0.7481,-0.5179,-1.7736,2.0784,-0.2267,0.4963,-0.1683,-0.7364,-0.4961,1.7501,2.0486,0.2230,0.5197,0.1596
6.4599,0.7504,-0.5173,-1.7750,2.0825,-0.2270,0.4943,-0.1679,-0.7369,-0.5017,1.7519,2.0493,0.2184,0.5213,0.1568
6.4897,0.7508,-0.5182,-1.7747,2.0805,-0.2215,0.5006,-0.1626,-0.7386,-0.4985,1.7496,2.0515,0.2169,0.5215,0.1540
6.5197,0.7520,-0.5150,-1.7728,2.0851,-0.2203,0.4980,-0.1596,-0.7387,-0.5041,1.7500,2.0505,0.2102,0.5276,0.1494
6.5497,0.7536,-0.5203,-1.7734,2.0815,-0.2134,0.5072,-0.1552,-0.7392,-0.5048,1.7487,2.0507,0.2051,0.5306,0.1442
6.5797,0.7553,-0.5213,-1.7710,2.0809,-0.2072,0.5112,-0.1493,-0.7394,-0.5072,1.7462,2.0531,0.1999,0.5320,0.1399
6.6097,0.7569,-0.5194,-1.7709,2.0868,-0.2068,0.5070,-0.1476,-0.7414,-0.5085,1.7446,2.0546,0.1942,0.5352,0.1345
6.6397,0.7552,-0.5229,-1.7700,2.0808,-0.1982,0.5186,-0.1403,-0.7406,-0.5090,1.7414,2.0566,0.1877,0.5392,0.1279
6.6698,0.7554,-0.5235,-1.7693,2.0807,-0.1929,0.5233,-0.1348,-0.7438,-0.5028,1.7384,2.0690,0.1856,0.5310,0.1220
6.6999,0.7569,-0.5230,-1.7679,2.0822,-0.1874,0.5278,-0.1289,-0.7433,-0.5092,1.7367,2.0631,0.1749,0.5461,0.1144
6.7300,0.7573,-0.5236,-1.7658,2.0836,-0.1803,0.5327,-0.1214,-0.7442,-0.5092,1.7329,2.0666,0.1681,0.5503,0.1075
6.7597,0.7581,-0.5240,-1.7645,2.0837,-0.1734,0.5358,-0.1140,-0.7468,-0.5009,1.7267,2.0783,0.1646,0.5428,0.0994
6.7897,0.7593,-0.5234,-1.7624,2.0853,-0.1661,0.5411,-0.1060,-0.7469,-0.5074,1.7242,2.0752,0.1541,0.5570,0.0922
6.8197,0.7606,-0.5223,-1.7598,2.0868,-0.1592,0.5469,-0.0982,-0.7483,-0.5036,1.7186,2.0803,0.1477,0.5612,0.0841
6.8497,0.7643,-0.5169,-1.7573,2.0994,-0.1574,0.5389,-0.0930,-0.7499,-0.5008,1.7131,2.0851,0.1409,0.5639,0.0758
6.8797,0.7616,-0.5197,-1.7551,2.0927,-0.1449,0.5558,-0.0814,-0.7518,-0.4982,1.7061,2.0903,0.1340,0.5666,0.0680
6.9098,0.7616,-0.5171,-1.7523,2.0964,-0.1385,0.5587,-0.0729,-0.7566,-0.4898,1.6999,2.1031,0.1301,0.5596,0.0596
6.9397,0.7642,-0.5120,-1.7487,2.1046,-0.1363,0.5539,-0.0680,-0.7552,-0.4888,1.6925,2.0996,0.1204,0.5744,0.0502
6.9697,0.7621,-0.5126,-1.7442,2.1027,-0.1249,0.5668,-0.0565,-0.7574,-0.4848,1.6865,2.1049,0.1129,0.5769,0.0407
6.9998,0.7636,-0.5102,-1.7401,2.1055,-0.1167,0.5697,-0.0466,-0.7595,-0.4795,1.6807,2.1093,0.1064,0.5792,0.0314
7.0299,0.7631,-0.5070,-1.7363,2.1096,-0.1094,0.5736,-0.0370,-0.7625,-0.4743,1.6748,2.1151,0.0991,0.5835,0.0215
7.0598,0.7629,-0.5040,-1.7311,2.1143,-0.1023,0.5764,-0.0280,-0.7656,-0.4700,1.6675,2.1201,0.0901,0.5858,0.0102
7.0900,0.7641,-0.4994,-1.7254,2.1184,-0.0945,0.5797,-0.0176,-0.7686,-0.4643,1.6591,2.1257,0.0811,0.5895,-0.0014
7.1198,0.7653,-0.4963,-1.7202,2.1237,-0.0862,0.5844,-0.0073,-0.7714,-0.4603,1.6528,2.1310,0.0722,0.5920,-0.0127
7.1497,0.7651,-0.4915,-1.7138,2.1281,-0.0766,0.5881,0.0053,-0.7759,-0.4556,1.6451,2.1366,0.0634,0.5938,-0.0237
7.1797,0.7690,-0.4828,-1.7053,2.1390,-0.0717,0.5822,0.0143,-0.7792,-0.4504,1.6398,2.1423,0.0556,0.5968,-0.0346
7.2097,0.7675,-0.4821,-1.6999,2.1372,-0.0586,0.5936,0.0287,-0.7841,-0.4450,1.6314,2.1489,0.0462,0.5988,-0.0466
7.2397,0.7734,-0.4726,-1.6911,2.1526,-0.0533,0.5849,0.0386,-0.7889,-0.4412,1.6243,2.1552,0.0373,0.6010,-0.0574
7.2698,0.7712,-0.4714,-1.6847,2.1483,-0.0422,0.6021,0.0504,-0.7933,-0.4368,1.6166,2.1599,0.0282,0.6019,-0.0687
7.2998,0.7757,-0.4636,-1.6767,2.1591,-0.0375,0.5963,0.0587,-0.7990,-0.4318,1.6099,2.1674,0.0207,0.6041,-0.0787
7.3300,0.7754,-0.4599,-1.6693,2.1593,-0.0243,0.6068,0.0746,-0.8049,-0.4242,1.6015,2.1747,0.0154,0.6025,-0.0873
7.3598,0.7767,-0.4534,-1.6597,2.1648,-0.0167,0.6070,0.0850,-0.8092,-0.4214,1.5966,2.1796,0.0069,0.6064,-0.0976
7.3900,0.7788,-0.4466,-1.6534,2.1707,-0.0102,0.6073,0.0953,-0.8151,-0.4152,1.5902,2.1871,0.0001,0.6083,-0.1076
7.4198,0.7831,-0.4383,-1.6456,2.1763,-0.0050,0.6088,0.1043,-0.8203,-0.4090,1.5834,2.1921,-0.0048,0.6127,-0.1154
7.4497,0.7846,-0.4301,-1.6386,2.1834,-0.0002,0.6102,0.1132,-0.8288,-0.4047,1.5801,2.2060,-0.0078,0.6067,-0.1206
7.4797,0.7887,-0.4229,-1.6324,2.1891,0.0047,0.6104,0.1217,-0.8305,-0.3979,1.5728,2.2036,-0.0126,0.6230,-0.1285
7.5098,0.7919,-0.4141,-1.6250,2.1940,0.0083,0.6134,0.1294,-0.8347,-0.3920,1.5674,2.2083,-0.0153,0.6297,-0.1340
7.5399,0.7950,-0.4071,-1.6176,2.1998,0.0125,0.6173,0.1367,-0.8442,-0.3888,1.5655,2.2187,-0.0177,0.6280,-0.1383
7.5697,0.8005,-0.3978,-1.6113,2.2052,0.0142,0.6228,0.1428,-0.8539,-0.3865,1.5647,2.2322,-0.0195,0.6233,-0.1416
7.5998,0.8057,-0.3896,-1.6045,2.2099,0.0154,0.6291,0.1475,-0.8509,-0.3742,1.5538,2.2223,-0.0210,0.6501,-0.1485
7.6300,0.8110,-0.3818,-1.5980,2.2160,0.0165,0.6361,0.1520,-0.8593,-0.3715,1.5517,2.2309,-0.0232,0.6492,-0.1524
7.6597,0.8162,-0.3738,-1.5927,2.2196,0.0185,0.6450,0.1581,-0.8689,-0.3694,1.5508,2.2433,-0.0251,0.6456,-0.1557
7.6897,0.8214,-0.3669,-1.5877,2.2250,0.0198,0.6530,0.1628,-0.8657,-0.3617,1.5429,2.2313,-0.0285,0.6737,-0.1629
7.7197,0.8267,-0.3603,-1.5813,2.2287,0.0217,0.6596,0.1677,-0.8758,-0.3579,1.5389,2.2396,-0.0320,0.6745,-0.1685
7.7497,0.8388,-0.3571,-1.5797,2.2422,0.0242,0.6574,0.1721,-0.8767,-0.3569,1.5348,2.2372,-0.0366,0.6885,-0.1736
7.7797,0.8392,-0.3491,-1.5701,2.2379,0.0270,0.6744,0.1784,-0.8871,-0.3541,1.5322,2.2470,-0.0394,0.6881,-0.1782
7.8098,0.8457,-0.3454,-1.5651,2.2408,0.0299,0.6804,0.1829,-0.8871,-0.3539,1.5299,2.2428,-0.0426,0.7023,-0.1817
7.8397,0.8537,-0.3431,-1.5633,2.2476,0.0318,0.6810,0.1862,-0.8951,-0.3507,1.5256,2.2515,-0.0460,0.7008,-0.1867
7.8697,0.8618,-0.3407,-1.5611,2.2560,0.0341,0.6801,0.1898,-0.9035,-0.3472,1.5210,2.2579,-0.0496,0.7020,-0.1921
7.8998,0.8631,-0.3330,-1.5525,2.2516,0.0373,0.6962,0.1967,-0.9096,-0.3441,1.5165,2.2619,-0.0527,0.7035,-0.1968
7.9300,0.8683,-0.3305,-1.5482,2.2548,0.0407,0.6998,0.2013,-0.9072,-0.3541,1.5165,2.2546,-0.0580,0.7218,-0.1964
7.9597,0.8767,-0.3269,-1.5435,2.2616,0.0442,0.7008,0.2066,-0.9116,-0.3543,1.5134,2.2575,-0.0622,0.7254,-0.2004
7.9898,0.8828,-0.3234,-1.5382,2.2668,0.0478,0.7012,0.2117,-0.9156,-0.3535,1.5098,2.2603,-0.0654,0.7288,-0.2038
8.0197,0.8845,-0.3246,-1.5366,2.2647,0.0511,0.7123,0.2146,-0.9197,-0.3538,1.5077,2.2637,-0.0679,0.7320,-0.2061
8.0497,0.8896,-0.3246,-1.5328,2.2685,0.0539,0.7126,0.2169,-0.9234,-0.3506,1.5022,2.2660,-0.0714,0.7328,-0.2109
8.0797,0.8960,-0.3225,-1.5301,2.2741,0.0562,0.7129,0.2203,-0.9278,-0.3480,1.4975,2.2703,-0.0745,0.7323,-0.2151
8.1097,0.8988,-0.3214,-1.5260,2.2752,0.0577,0.7164,0.2218,-0.9316,-0.3516,1.4966,2.2743,-0.0737,0.7311,-0.2114
8.1397,0.9035,-0.3220,-1.5225,2.2782,0.0604,0.7159,0.2236,-0.9339,-0.3509,1.4920,2.2772,-0.0755,0.7333,-0.2129
8.1697,0.9081,-0.3190,-1.5172,2.2823,0.0638,0.7159,0.2281,-0.9358,-0.3527,1.4876,2.2809,-0.0830,0.7307,-0.2186
8.1998,0.9116,-0.3155,-1.5109,2.2837,0.0675,0.7173,0.2332,-0.9390,-0.3494,1.4812,2.2854,-0.0869,0.7286,-0.2234
8.2299,0.9160,-0.3126,-1.5056,2.2865,0.0709,0.7184,0.2378,-0.9423,-0.3449,1.4724,2.2881,-0.0920,0.7282,-0.2300
8.2599,0.9192,-0.3205,-1.5068,2.2919,0.0729,0.7152,0.2348,-0.9409,-0.3539,1.4724,2.2902,-0.0989,0.7286,-0.2312
8.2898,0.9228,-0.3161,-1.4982,2.2958,0.0780,0.7141,0.2412,-0.9414,-0.3524,1.4682,2.2933,-0.1029,0.7268,-0.2353
8.3199,0.9251,-0.3213,-1.4958,2.2990,0.0822,0.7165,0.2419,-0.9416,-0.3520,1.4623,2.2965,-0.1076,0.7250,-0.2391
8.3497,0.9267,-0.3178,-1.4887,2.3005,0.0862,0.7160,0.2468,-0.9420,-0.3516,1.4588,2.3001,-0.1125,0.7227,-0.2435
8.3798,0.9298,-0.3219,-1.4865,2.3044,0.0916,0.7146,0.2495,-0.9419,-0.3480,1.4507,2.3032,-0.1168,0.7187,-0.2483
8.4097,0.9317,-0.3218,-1.4808,2.3082,0.0976,0.7143,0.2547,-0.9419,-0.3498,1.4452,2.3061,-0.1235,0.7168,-0.2527
8.4398,0.9345,-0.3177,-1.4725,2.3089,0.1023,0.7154,0.2608,-0.9421,-0.3479,1.4412,2.3096,-0.1291,0.7132,-0.2587
8.4698,0.9366,-0.3212,-1.4689,2.3139,0.1080,0.7109,0.2634,-0.9419,-0.3464,1.4356,2.3114,-0.1308,0.7129,-0.2600
8.4998,0.9378,-0.3205,-1.4631,2.3168,0.1143,0.7093,0.2692,-0.9421,-0.3448,1.4316,2.3160,-0.1331,0.7081,-0.2621
8.5298,0.9397,-0.3200,-1.4567,2.3195,0.1207,0.7066,0.2747,-0.9415,-0.3387,1.4271,2.3163,-0.1349,0.7060,-0.2667
8.5599,0.9417,-0.3185,-1.4512,2.3215,0.1235,0.7037,0.2773,-0.9395,-0.3372,1.4234,2.3174,-0.1367,0.7026,-0.2682
8.5899,0.9442,-0.3148,-1.4466,2.3239,0.1231,0.7026,0.2783,-0.9400,-0.3317,1.4171,2.3203,-0.1375,0.6978,-0.2708
8.6199,0.9438,-0.3136,-1.4439,2.3240,0.1245,0.7019,0.2798,-0.9399,-0.3279,1.4132,2.3216,-0.1400,0.6956,-0.2747
8.6498,0.9443,-0.3122,-1.4406,2.3259,0.1264,0.7001,0.2818,-0.9387,-0.3256,1.4080,2.3213,-0.1426,0.6942,-0.2776
8.6798,0.9460,-0.3108,-1.4371,2.3305,0.1286,0.6966,0.2841,-0.9393,-0.3228,1.4019,2.3223,-0.1460,0.6929,-0.2814
8.7099,0.9492,-0.3067,-1.4280,2.3346,0.1339,0.6945,0.2903,-0.9392,-0.3204,1.3966,2.3234,-0.1489,0.6910,-0.2846
8.7399,0.9497,-0.3013,-1.4181,2.3346,0.1349,0.6946,0.2926,-0.9380,-0.3229,1.3973,2.3270,-0.1565,0.6898,-0.2912
8.7697,0.9493,-0.2976,-1.4103,2.3329,0.1390,0.6950,0.2975,-0.9391,-0.3194,1.3900,2.3265,-0.1606,0.6902,-0.2962
8.7998,0.9491,-0.2941,-1.4027,2.3320,0.1431,0.6947,0.3023,-0.9401,-0.3174,1.3854,2.3294,-0.1633,0.6876,-0.2990
8.8304,0.9513,-0.2993,-1.4025,2.3372,0.1509,0.6866,0.3067,-0.9393,-0.3220,1.3858,2.3317,-0.1690,0.6868,-0.3022
8.8598,0.9519,-0.2975,-1.3980,2.3397,0.1535,0.6843,0.3093,-0.9395,-0.3231,1.3818,2.3324,-0.1733,0.6860,-0.3049
8.8897,0.9530,-0.2954,-1.3930,2.3428,0.1564,0.6814,0.3123,-0.9414,-0.3215,1.3778,2.3367,-0.1759,0.6829,-0.3074
8.9199,0.9515,-0.2939,-1.3888,2.3427,0.1604,0.6847,0.3168,-0.9429,-0.3183,1.3709,2.3363,-0.1797,0.6836,-0.3122
8.9498,0.9523,-0.2920,-1.3842,2.3449,0.1630,0.6826,0.3195,-0.9443,-0.3166,1.3667,2.3387,-0.1822,0.6817,-0.3149
8.9799,0.9519,-0.2912,-1.3801,2.3458,0.1652,0.6827,0.3213,-0.9416,-0.3253,1.3677,2.3403,-0.1874,0.6817,-0.3146
9.0097,0.9523,-0.2888,-1.3744,2.3475,0.1684,0.6805,0.3247,-0.9436,-0.3219,1.3599,2.3426,-0.1920,0.6799,-0.3198
9.0397,0.9513,-0.2920,-1.3743,2.3487,0.1736,0.6789,0.3279,-0.9427,-0.3279,1.3585,2.3451,-0.1978,0.6790,-0.3215
9.0697,0.9516,-0.2878,-1.3647,2.3504,0.1790,0.6760,0.3336,-0.9422,-0.3301,1.3546,2.3476,-0.2033,0.6767,-0.3245
9.0998,0.9483,-0.2969,-1.3637,2.3513,0.1894,0.6750,0.3382,-0.9417,-0.3320,1.3501,2.3487,-0.2091,0.6763,-0.3284
9.1300,0.9477,-0.2989,-1.3583,2.3526,0.1970,0.6730,0.3434,-0.9435,-0.3282,1.3413,2.3509,-0.2143,0.6741,-0.3339
9.1599,0.9465,-0.3026,-1.3517,2.3525,0.2045,0.6749,0.3476,-0.9411,-0.3366,1.3385,2.3537,-0.2213,0.6728,-0.3346
9.1898,0.9496,-0.2981,-1.3417,2.3535,0.2103,0.6749,0.3545,-0.9435,-0.3323,1.3284,2.3555,-0.2271,0.6713,-0.3412
9.2198,0.9457,-0.3081,-1.3416,2.3522,0.2141,0.6812,0.3524,-0.9386,-0.3418,1.3267,2.3567,-0.2338,0.6724,-0.3412
9.2498,0.9456,-0.3113,-1.3350,2.3561,0.2214,0.6832,0.3567,-0.9374,-0.3429,1.3198,2.3577,-0.2398,0.6690,-0.3443
9.2797,0.9452,-0.3136,-1.3277,2.3588,0.2291,0.6826,0.3613,-0.9361,-0.3455,1.3125,2.3592,-0.2477,0.6679,-0.3488
9.3097,0.9450,-0.3170,-1.3198,2.3627,0.2352,0.6831,0.3635,-0.9345,-0.3498,1.3062,2.3597,-0.2562,0.6683,-0.3533
9.3398,0.9505,-0.3100,-1.3027,2.3666,0.2455,0.6808,0.3748,-0.9331,-0.3526,1.2985,2.3611,-0.2638,0.6712,-0.3578
9.3698,0.9441,-0.3270,-1.3039,2.3686,0.2563,0.6822,0.3748,-0.9317,-0.3568,1.2888,2.3619,-0.2737,0.6751,-0.3634
9.3998,0.9431,-0.3307,-1.2921,2.3698,0.2647,0.6839,0.3782,-0.9279,-0.3621,1.2790,2.3640,-0.2881,0.6757,-0.3721
9.4301,0.9423,-0.3332,-1.2835,2.3727,0.2722,0.6858,0.3822,-0.9257,-0.3667,1.2692,2.3680,-0.3020,0.6745,-0.3805
9.4598,0.9425,-0.3379,-1.2738,2.3758,0.2812,0.6871,0.3862,-0.9227,-0.3668,1.2591,2.3703,-0.3088,0.6725,-0.3837
9.4899,0.9413,-0.3421,-1.2649,2.3808,0.2903,0.6888,0.3907,-0.9210,-0.3668,1.2495,2.3743,-0.3185,0.6684,-0.3901
9.5198,0.9481,-0.3354,-1.2468,2.3856,0.3016,0.6859,0.4026,-0.9223,-0.3638,1.2391,2.3818,-0.3252,0.6598,-0.3944
9.5497,0.9390,-0.3517,-1.2457,2.3910,0.3126,0.6841,0.4008,-0.9149,-0.3621,1.2340,2.3800,-0.3328,0.6604,-0.4008
9.5799,0.9372,-0.3556,-1.2370,2.3966,0.3256,0.6799,0.4081,-0.9112,-0.3601,1.2232,2.3808,-0.3450,0.6496,-0.4089
9.6097,0.9345,-0.3588,-1.2280,2.4017,0.3378,0.6744,0.4145,-0.9064,-0.3587,1.2134,2.3813,-0.3587,0.6362,-0.4177
9.6398,0.9307,-0.3609,-1.2180,2.4034,0.3488,0.6718,0.4204,-0.9000,-0.3546,1.2015,2.3794,-0.3705,0.6247,-0.4256
9.6698,0.9278,-0.3545,-1.2036,2.4005,0.3567,0.6683,0.4273,-0.8927,-0.3520,1.1900,2.3779,-0.3850,0.6143,-0.4355
9.6998,0.9232,-0.3601,-1.1988,2.4057,0.3725,0.6484,0.4332,-0.8848,-0.3478,1.1784,2.3775,-0.3973,0.6009,-0.4431
9.7302,0.9176,-0.3579,-1.1886,2.4081,0.3864,0.6346,0.4418,-0.8771,-0.3413,1.1649,2.3773,-0.4105,0.5835,-0.4514
9.7598,0.9113,-0.3565,-1.1782,2.4066,0.4018,0.6197,0.4510,-0.8682,-0.3369,1.1523,2.3756,-0.4234,0.5703,-0.4591
9.7897,0.9043,-0.3537,-1.1674,2.4061,0.4167,0.6023,0.4596,-0.8589,-0.3300,1.1406,2.3733,-0.4344,0.5572,-0.4664
9.8198,0.8988,-0.3493,-1.1568,2.4038,0.4306,0.5837,0.4682,-0.8485,-0.3236,1.1275,2.3705,-0.4469,0.5447,-0.4744
9.8499,0.8903,-0.3442,-1.1464,2.4025,0.4424,0.5695,0.4753,-0.8366,-0.3170,1.1139,2.3672,-0.4581,0.5324,-0.4806
9.8798,0.8815,-0.3392,-1.1353,2.3990,0.4543,0.5560,0.4824,-0.8254,-0.3093,1.1014,2.3613,-0.4666,0.5233,-0.4856
9.9098,0.8718,-0.3305,-1.1213,2.3901,0.4610,0.5512,0.4871,-0.8126,-0.2994,1.0892,2.3491,-0.4718,0.5188,-0.4891
9.9397,0.8637,-0.3277,-1.1124,2.3908,0.4758,0.5345,0.4958,-0.8023,-0.2886,1.0733,2.3404,-0.4796,0.5117,-0.4946
9.9697,0.8521,-0.3197,-1.0998,2.3831,0.4844,0.5254,0.5010,-0.7896,-0.2865,1.0647,2.3379,-0.4932,0.4966,-0.5013
9.9998,0.8403,-0.3116,-1.0884,2.3739,0.4895,0.5197,0.5033,-0.7775,-0.2749,1.0520,2.3238,-0.4987,0.4934,-0.5061
10.0301,0.8301,-0.3036,-1.0772,2.3682,0.5004,0.5065,0.5104,-0.7668,-0.2715,1.0404,2.3223,-0.5101,0.4768,-0.5102
10.0598,0.8201,-0.2962,-1.0678,2.3622,0.5100,0.4931,0.5162,-0.7536,-0.2642,1.0285,2.3160,-0.5188,0.4684,-0.5147
10.0898,0.8080,-0.2895,-1.0551,2.3561,0.5196,0.4847,0.5214,-0.7444,-0.2537,1.0164,2.3061,-0.5245,0.4636,-0.5193
10.1197,0.7944,-0.2839,-1.0432,2.3491,0.5291,0.4768,0.5260,-0.7305,-0.2502,1.0053,2.3004,-0.5345,0.4527,-0.5227
10.1497,0.7821,-0.2768,-1.0327,2.3426,0.5367,0.4697,0.5300,-0.7213,-0.2401,0.9938,2.2914,-0.5399,0.4470,-0.5266
10.1797,0.7699,-0.2682,-1.0198,2.3361,0.5435,0.4632,0.5333,-0.7119,-0.2286,0.9826,2.2797,-0.5451,0.4433,-0.5313
10.2097,0.7579,-0.2597,-1.0094,2.3278,0.5491,0.4558,0.5356,-0.6952,-0.2278,0.9737,2.2726,-0.5522,0.4320,-0.5300
10.2397,0.7453,-0.2504,-1.0000,2.3169,0.5529,0.4501,0.5371,-0.6839,-0.2196,0.9630,2.2627,-0.5585,0.4244,-0.5331
10.2697,0.7354,-0.2413,-0.9900,2.3096,0.5603,0.4398,0.5415,-0.6754,-0.2079,0.9529,2.2506,-0.5632,0.4214,-0.5378
10.2998,0.7224,-0.2321,-0.9802,2.3010,0.5662,0.4314,0.5440,-0.6619,-0.2042,0.9437,2.2441,-0.5688,0.4100,-0.5369
10.3302,0.7119,-0.2211,-0.9698,2.2893,0.5709,0.4269,0.5476,-0.6517,-0.1977,0.9343,2.2347,-0.5740,0.4027,-0.5386
10.3597,0.7010,-0.2100,-0.9581,2.2793,0.5763,0.4200,0.5508,-0.6402,-0.1897,0.9244,2.2252,-0.5790,0.3948,-0.5399
10.3897,0.6898,-0.1992,-0.9492,2.2675,0.5802,0.4154,0.5534,-0.6307,-0.1823,0.9156,2.2132,-0.5833,0.3881,-0.5415
10.4197,0.6779,-0.1889,-0.9417,2.2552,0.5832,0.4112,0.5551,-0.6231,-0.1689,0.9057,2.2002,-0.5881,0.3854,-0.5471
10.4497,0.6603,-0.1884,-0.9318,2.2506,0.5912,0.3954,0.5531,-0.6094,-0.1663,0.8965,2.1924,-0.5923,0.3749,-0.5445
10.4797,0.6493,-0.1776,-0.9249,2.2374,0.5939,0.3924,0.5553,-0.6031,-0.1534,0.8868,2.1810,-0.5972,0.3717,-0.5500
10.5097,0.6397,-0.1658,-0.9141,2.2276,0.5991,0.3858,0.5589,-0.5882,-0.1503,0.8778,2.1718,-0.6004,0.3629,-0.5467
10.5398,0.6252,-0.1607,-0.9049,2.2176,0.6023,0.3782,0.5566,-0.5817,-0.1368,0.8707,2.1570,-0.6039,0.3631,-0.5522
10.5698,0.6145,-0.1490,-0.8964,2.2059,0.6060,0.3729,0.5592,-0.5680,-0.1343,0.8602,2.1518,-0.6064,0.3498,-0.5467
10.5998,0.6057,-0.1353,-0.8893,2.1895,0.6092,0.3729,0.5641,-0.5589,-0.1263,0.8511,2.1409,-0.6091,0.3441,-0.5467
10.6300,0.5906,-0.1347,-0.8808,2.1821,0.6122,0.3586,0.5582,-0.5492,-0.1190,0.8420,2.1308,-0.6122,0.3384,-0.5469
10.6598,0.5819,-0.1213,-0.8723,2.1689,0.6162,0.3551,0.5626,-0.5394,-0.1122,0.8325,2.1201,-0.6159,0.3340,-0.5476
10.6901,0.5683,-0.1174,-0.8634,2.1614,0.6192,0.3461,0.5597,-0.5297,-0.1050,0.8235,2.1115,-0.6192,0.3282,-0.5479
10.7198,0.5626,-0.1024,-0.8565,2.1447,0.6228,0.3478,0.5663,-0.5216,-0.0961,0.8150,2.1007,-0.6221,0.3214,-0.5486
10.7497,0.5462,-0.1010,-0.8462,2.1386,0.6254,0.3330,0.5597,-0.5174,-0.0816,0.8079,2.0868,-0.6262,0.3210,-0.5550
10.7797,0.5357,-0.0927,-0.8391,2.1271,0.6290,0.3259,0.5608,-0.5177,-0.0645,0.8007,2.0700,-0.6310,0.3252,-0.5652
10.8097,0.5246,-0.0840,-0.8310,2.1159,0.6311,0.3214,0.5604,-0.4957,-0.0734,0.7863,2.0704,-0.6341,0.3021,-0.5518
10.8398,0.5187,-0.0707,-0.8256,2.1015,0.6340,0.3216,0.5654,-0.4955,-0.0560,0.7790,2.0539,-0.6390,0.3050,-0.5614
10.8698,0.5145,-0.0562,-0.8178,2.0886,0.6384,0.3202,0.5719,-0.4766,-0.0577,0.7679,2.0481,-0.6389,0.2931,-0.5511
10.8997,0.4959,-0.0580,-0.8073,2.0833,0.6362,0.3071,0.5588,-0.4766,-0.0416,0.7601,2.0346,-0.6440,0.2936,-0.5598
10.9302,0.4866,-0.0489,-0.7988,2.0720,0.6384,0.3029,0.5591,-0.4618,-0.0397,0.7510,2.0265,-0.6429,0.2851,-0.5517
10.9598,0.4828,-0.0339,-0.7907,2.0596,0.6431,0.3004,0.5656,-0.4536,-0.0301,0.7425,2.0155,-0.6447,0.2808,-0.5517
10.9898,0.4690,-0.0307,-0.7824,2.0482,0.6407,0.2950,0.5575,-0.4511,-0.0148,0.7370,2.0013,-0.6484,0.2811,-0.5582
11.0198,0.4602,-0.0216,-0.7739,2.0369,0.6428,0.2893,0.5575,-0.4397,-0.0092,0.7292,1.9915,-0.6455,0.2718,-0.5500
11.0497,0.4570,-0.0068,-0.7682,2.0229,0.6465,0.2894,0.5638,-0.4339,0.0031,0.7252,1.9798,-0.6478,0.2695,-0.5530
11.0797,0.4539,0.0103,-0.7640,2.0043,0.6497,0.2930,0.5714,-0.4268,0.0133,0.7196,1.9693,-0.6480,0.2595,-0.5510
11.1097,0.4360,0.0076,-0.7539,2.0013,0.6481,0.2742,0.5582,-0.4210,0.0254,0.7161,1.9581,-0.6486,0.2537,-0.5515
11.1398,0.4329,0.0216,-0.7517,1.9851,0.6502,0.2780,0.5639,-0.4199,0.0395,0.7122,1.9447,-0.6519,0.2551,-0.5577
11.1698,0.4274,0.0337,-0.7475,1.9738,0.6526,0.2756,0.5672,-0.4069,0.0435,0.7073,1.9369,-0.6488,0.2498,-0.5502
11.1999,0.4141,0.0362,-0.7389,1.9672,0.6499,0.2625,0.5572,-0.4029,0.0561,0.7025,1.9268,-0.6518,0.2463,-0.5540
11.2300,0.4069,0.0481,-0.7348,1.9539,0.6501,0.2587,0.5572,-0.3990,0.0670,0.6988,1.9178,-0.6540,0.2435,-0.5569
11.2599,0.4001,0.0581,-0.7316,1.9434,0.6512,0.2540,0.5579,-0.3868,0.0719,0.6958,1.9068,-0.6488,0.2471,-0.5493
11.2898,0.3932,0.0685,-0.7291,1.9319,0.6517,0.2496,0.5581,-0.3813,0.0814,0.6930,1.8972,-0.6484,0.2456,-0.5489
11.3197,0.3875,0.0794,-0.7275,1.9207,0.6522,0.2446,0.5587,-0.3762,0.0893,0.6892,1.8923,-0.6501,0.2399,-0.5497
11.3497,0.3819,0.0899,-0.7265,1.9106,0.6522,0.2394,0.5588,-0.3727,0.0980,0.6893,1.8810,-0.6477,0.2443,-0.5487
11.3797,0.3763,0.1013,-0.7237,1.8999,0.6541,0.2370,0.5613,-0.3680,0.1052,0.6866,1.8758,-0.6489,0.2401,-0.5494
11.4097,0.3733,0.1124,-0.7196,1.8915,0.6568,0.2340,0.5650,-0.3627,0.1144,0.6865,1.8672,-0.6471,0.2432,-0.5485
11.4397,0.3587,0.1145,-0.7173,1.8804,0.6534,0.2393,0.5591,-0.3609,0.1213,0.6860,1.8625,-0.6466,0.2425,-0.5487
11.4697,0.3510,0.1207,-0.7146,1.8735,0.6547,0.2381,0.5596,-0.3577,0.1284,0.6848,1.8553,-0.6460,0.2425,-0.5486
11.4997,0.3471,0.1312,-0.7121,1.8640,0.6566,0.2363,0.5625,-0.3539,0.1312,0.6846,1.8523,-0.6459,0.2407,-0.5479
11.5300,0.3387,0.1367,-0.7106,1.8568,0.6548,0.2383,0.5600,-0.3550,0.1392,0.6834,1.8462,-0.6452,0.2428,-0.5491
11.5598,0.3331,0.1423,-0.7094,1.8488,0.6541,0.2387,0.5590,-0.3533,0.1440,0.6843,1.8437,-0.6443,0.2432,-0.5488
11.5898,0.3276,0.1467,-0.7062,1.8479,0.6550,0.2315,0.5580,-0.3533,0.1473,0.6831,1.8404,-0.6440,0.2431,-0.5489
11.6197,0.3259,0.1559,-0.7079,1.8380,0.6531,0.2387,0.5587,-0.3529,0.1500,0.6825,1.8370,-0.6437,0.2435,-0.5489
11.6497,0.3242,0.1622,-0.7070,1.8328,0.6509,0.2405,0.5573,-0.3527,0.1536,0.6830,1.8349,-0.6434,0.2432,-0.5494
11.6797,0.3196,0.1658,-0.7056,1.8306,0.6512,0.2363,0.5564,-0.3521,0.1559,0.6846,1.8301,-0.6432,0.2464,-0.5503
11.7097,0.3214,0.1747,-0.7076,1.8236,0.6487,0.2389,0.5565,-0.3515,0.1573,0.6858,1.8269,-0.6429,0.2485,-0.5508
11.7397,0.3157,0.1764,-0.7083,1.8209,0.6478,0.2364,0.5543,-0.3537,0.1596,0.6830,1.8286,-0.6428,0.2398,-0.5495
11.7698,0.3131,0.1797,-0.7091,1.8162,0.6477,0.2372,0.5545,-0.3548,0.1612,0.6852,1.8238,-0.6425,0.2449,-0.5510
11.8000,0.3220,0.1901,-0.7088,1.8133,0.6483,0.2330,0.5585,-0.3571,0.1621,0.6842,1.8263,-0.6433,0.2369,-0.5511
11.8301,0.3200,0.1918,-0.7076,1.8131,0.6486,0.2302,0.5581,-0.3555,0.1621,0.6839,1.8269,-0.6431,0.2351,-0.5501
11.8598,0.3207,0.1935,-0.7070,1.8118,0.6492,0.2305,0.5593,-0.3562,0.1622,0.6844,1.8261,-0.6431,0.2364,-0.5506
11.8898,0.3196,0.1946,-0.7068,1.8108,0.6493,0.2298,0.5592,-0.3541,0.1604,0.6850,1.8274,-0.6422,0.2352,-0.5487
11.9197,0.3210,0.1975,-0.7080,1.8065,0.6475,0.2342,0.5589,-0.3550,0.1610,0.6853,1.8263,-0.6424,0.2365,-0.5495
11.9497,0.3214,0.1999,-0.7080,1.8052,0.6478,0.2331,0.5596,-0.3585,0.1642,0.6849,1.8268,-0.6432,0.2344,-0.5513
11.9897,0.3237,0.2020,-0.7079,1.8029,0.6486,0.2354,0.5618,-0.3569,0.1626,0.6851,1.8274,-0.6434,0.2350,-0.5511
