time,left_s0,left_s1,left_e0,left_e1,left_w0,left_w1,left_w2,right_s0,right_s1,right_e0,right_e1,right_w0,right_w1,right_w2
0.0000,0.0926,-0.3459,-1.3241,1.5388,-0.0724,0.3482,-0.0654,-0.0976,-0.3392,1.3028,1.5342,0.0778,0.3646,0.0803
0.0300,0.0883,-0.3552,-1.3154,1.5385,-0.0739,0.3598,-0.0749,-0.0986,-0.3391,1.3003,1.5338,0.0769,0.3737,0.0801
0.0600,0.0871,-0.3553,-1.3103,1.5370,-0.0724,0.3722,-0.0753,-0.1033,-0.3342,1.3010,1.5458,0.0754,0.3648,0.0753
0.0900,0.0855,-0.3551,-1.3076,1.5371,-0.0713,0.3833,-0.0752,-0.1008,-0.3376,1.2956,1.5342,0.0755,0.3894,0.0795
0.1200,0.0898,-0.3497,-1.3081,1.5489,-0.0697,0.3742,-0.0702,-0.1043,-0.3349,1.2963,1.5434,0.0746,0.3827,0.0766
0.1500,0.0840,-0.3555,-1.3000,1.5365,-0.0696,0.3970,-0.0765,-0.1033,-0.3368,1.2929,1.5368,0.0759,0.3962,0.0808
0.1800,0.0863,-0.3488,-1.2993,1.5414,-0.0677,0.3925,-0.0711,-0.1053,-0.3320,1.2922,1.5374,0.0745,0.3962,0.0769
0.2100,0.0825,-0.3555,-1.2931,1.5360,-0.0677,0.4018,-0.0770,-0.1080,-0.3271,1.2916,1.5378,0.0730,0.3970,0.0727
0.2500,0.0839,-0.3494,-1.2919,1.5358,-0.0659,0.4018,-0.0722,-0.1092,-0.3364,1.2875,1.5442,0.0748,0.3939,0.0811
0.2801,0.0826,-0.3541,-1.2875,1.5358,-0.0670,0.4021,-0.0779,-0.1123,-0.3351,1.2880,1.5480,0.0743,0.3926,0.0793
0.3101,0.0830,-0.3533,-1.2844,1.5356,-0.0664,0.4015,-0.0781,-0.1136,-0.3366,1.2857,1.5519,0.0747,0.3942,0.0815
0.3400,0.0862,-0.3498,-1.2842,1.5351,-0.0653,0.4040,-0.0747,-0.1186,-0.3352,1.2869,1.5621,0.0742,0.3881,0.0791
0.3700,0.0867,-0.3546,-1.2820,1.5392,-0.0657,0.4017,-0.0784,-0.1238,-0.3331,1.2878,1.5695,0.0734,0.3850,0.0764
0.4000,0.0884,-0.3549,-1.2808,1.5415,-0.0656,0.4020,-0.0788,-0.1256,-0.3371,1.2845,1.5715,0.0752,0.3940,0.0820
0.4300,0.0905,-0.3547,-1.2798,1.5438,-0.0664,0.4026,-0.0802,-0.1306,-0.3386,1.2843,1.5782,0.0752,0.3931,0.0822
0.4600,0.0954,-0.3503,-1.2800,1.5475,-0.0650,0.4022,-0.0758,-0.1359,-0.3385,1.2846,1.5869,0.0761,0.3927,0.0829
0.5000,0.0999,-0.3552,-1.2754,1.5532,-0.0655,0.4019,-0.0803,-0.1430,-0.3390,1.2832,1.5998,0.0755,0.3926,0.0824
0.5300,0.1060,-0.3526,-1.2764,1.5604,-0.0646,0.3995,-0.0769,-0.1521,-0.3369,1.2853,1.6158,0.0745,0.3843,0.0786
0.5600,0.1125,-0.3489,-1.2770,1.5655,-0.0632,0.3993,-0.0726,-0.1566,-0.3403,1.2825,1.6209,0.0755,0.3927,0.0823
0.5900,0.1143,-0.3546,-1.2726,1.5709,-0.0661,0.4017,-0.0808,-0.1648,-0.3421,1.2826,1.6319,0.0759,0.3927,0.0829
0.6200,0.1208,-0.3553,-1.2723,1.5788,-0.0660,0.4014,-0.0806,-0.1748,-0.3373,1.2838,1.6465,0.0739,0.3859,0.0770
0.6502,0.1272,-0.3558,-1.2719,1.5876,-0.0667,0.4016,-0.0813,-0.1798,-0.3471,1.2809,1.6563,0.0752,0.3909,0.0835
0.6800,0.1375,-0.3510,-1.2731,1.5976,-0.0648,0.3996,-0.0753,-0.1882,-0.3497,1.2802,1.6693,0.0748,0.3890,0.0838
0.7101,0.1460,-0.3490,-1.2752,1.6156,-0.0639,0.3887,-0.0716,-0.1967,-0.3536,1.2803,1.6814,0.0747,0.3878,0.0845
0.7501,0.1502,-0.3568,-1.2689,1.6222,-0.0672,0.4009,-0.0816,-0.2080,-0.3582,1.2792,1.6992,0.0743,0.3872,0.0855
0.7800,0.1603,-0.3548,-1.2710,1.6363,-0.0661,0.3953,-0.0776,-0.2199,-0.3567,1.2818,1.7171,0.0732,0.3796,0.0815
0.8101,0.1651,-0.3600,-1.2686,1.6454,-0.0672,0.4001,-0.0819,-0.2326,-0.3527,1.2834,1.7330,0.0711,0.3741,0.0756
0.8403,0.1768,-0.3568,-1.2708,1.6645,-0.0656,0.3907,-0.0766,-0.2347,-0.3721,1.2785,1.7379,0.0737,0.3879,0.0884
0.8700,0.1881,-0.3520,-1.2722,1.6829,-0.0635,0.3812,-0.0703,-0.2457,-0.3702,1.2808,1.7557,0.0725,0.3795,0.0844
0.9001,0.1901,-0.3655,-1.2658,1.6837,-0.0671,0.4011,-0.0829,-0.2519,-0.3807,1.2791,1.7618,0.0723,0.3888,0.0886
0.9300,0.2005,-0.3636,-1.2677,1.6965,-0.0659,0.3971,-0.0789,-0.2634,-0.3782,1.2810,1.7774,0.0708,0.3829,0.0839
0.9601,0.2072,-0.3729,-1.2651,1.7085,-0.0664,0.3997,-0.0839,-0.2691,-0.3877,1.2784,1.7844,0.0719,0.3902,0.0897
1.0000,0.2195,-0.3786,-1.2646,1.7262,-0.0659,0.3999,-0.0849,-0.2800,-0.3925,1.2798,1.7989,0.0715,0.3896,0.0898
1.0300,0.2285,-0.3810,-1.2637,1.7400,-0.0659,0.3996,-0.0855,-0.2880,-0.3907,1.2813,1.8138,0.0705,0.3813,0.0866
1.0600,0.2407,-0.3798,-1.2662,1.7556,-0.0647,0.3945,-0.0815,-0.2925,-0.3964,1.2803,1.8159,0.0714,0.3906,0.0901
1.0900,0.2518,-0.3779,-1.2680,1.7698,-0.0634,0.3895,-0.0772,-0.2971,-0.3983,1.2797,1.8229,0.0714,0.3903,0.0907
1.1201,0.2557,-0.3938,-1.2630,1.7769,-0.0645,0.3996,-0.0868,-0.3018,-0.3997,1.2812,1.8282,0.0715,0.3898,0.0906
1.1500,0.2663,-0.3920,-1.2646,1.7878,-0.0631,0.3975,-0.0827,-0.3048,-0.4015,1.2816,1.8331,0.0717,0.3902,0.0912
1.1800,0.2764,-0.3893,-1.2659,1.8029,-0.0615,0.3907,-0.0782,-0.3084,-0.4012,1.2823,1.8374,0.0714,0.3889,0.0901
1.2101,0.2802,-0.4025,-1.2628,1.8074,-0.0642,0.3991,-0.0878,-0.3119,-0.4021,1.2836,1.8440,0.0717,0.3876,0.0901
1.2500,0.2921,-0.4014,-1.2648,1.8175,-0.0630,0.3991,-0.0839,-0.3143,-0.4048,1.2864,1.8564,0.0727,0.3780,0.0915
1.2800,0.3014,-0.3975,-1.2650,1.8289,-0.0608,0.3949,-0.0787,-0.3136,-0.4020,1.2867,1.8513,0.0728,0.3886,0.0906
1.3101,0.3088,-0.3978,-1.2669,1.8379,-0.0604,0.3925,-0.0770,-0.3127,-0.4011,1.2859,1.8481,0.0725,0.3908,0.0902
1.3407,0.3101,-0.4103,-1.2637,1.8406,-0.0651,0.3995,-0.0890,-0.3124,-0.4027,1.2869,1.8507,0.0732,0.3882,0.0914
1.3701,0.3157,-0.4094,-1.2639,1.8461,-0.0650,0.3983,-0.0879,-0.3110,-0.4049,1.2877,1.8484,0.0742,0.3899,0.0934
1.4000,0.3198,-0.4099,-1.2650,1.8474,-0.0649,0.4008,-0.0872,-0.3115,-0.4019,1.2904,1.8506,0.0732,0.3869,0.0901
1.4299,0.3236,-0.4110,-1.2662,1.8480,-0.0650,0.4039,-0.0870,-0.3109,-0.4028,1.2907,1.8494,0.0736,0.3877,0.0909
1.4601,0.3299,-0.4125,-1.2668,1.8579,-0.0662,0.3978,-0.0883,-0.3093,-0.4037,1.2910,1.8510,0.0741,0.3849,0.0919
1.5000,0.3325,-0.4152,-1.2690,1.8613,-0.0671,0.3975,-0.0896,-0.3070,-0.4031,1.2923,1.8464,0.0728,0.3867,0.0898
1.5300,0.3356,-0.4166,-1.2705,1.8651,-0.0675,0.3967,-0.0898,-0.3044,-0.4030,1.2914,1.8416,0.0729,0.3891,0.0904
1.5599,0.3369,-0.4128,-1.2712,1.8635,-0.0667,0.3988,-0.0870,-0.3013,-0.4005,1.2928,1.8375,0.0730,0.3880,0.0893
1.5900,0.3370,-0.4126,-1.2719,1.8619,-0.0673,0.3985,-0.0874,-0.2976,-0.4025,1.2929,1.8325,0.0741,0.3902,0.0917
1.6200,0.3351,-0.4123,-1.2720,1.8617,-0.0671,0.3972,-0.0871,-0.2911,-0.4041,1.2918,1.8215,0.0750,0.3959,0.0943
1.6500,0.3335,-0.4124,-1.2729,1.8601,-0.0669,0.3997,-0.0869,-0.2892,-0.3954,1.2937,1.8188,0.0735,0.3885,0.0882
1.6800,0.3311,-0.4130,-1.2727,1.8586,-0.0674,0.3993,-0.0880,-0.2807,-0.3979,1.2928,1.8075,0.0749,0.3928,0.0921
1.7101,0.3282,-0.4112,-1.2747,1.8568,-0.0674,0.3985,-0.0869,-0.2769,-0.3887,1.2946,1.8000,0.0750,0.3883,0.0879
1.7500,0.3226,-0.4158,-1.2761,1.8528,-0.0696,0.3988,-0.0917,-0.2641,-0.3909,1.2923,1.7834,0.0765,0.3941,0.0925
1.7800,0.3186,-0.4086,-1.2791,1.8464,-0.0679,0.3996,-0.0858,-0.2534,-0.3919,1.2898,1.7668,0.0774,0.4013,0.0958
1.8100,0.3117,-0.4124,-1.2795,1.8371,-0.0698,0.4037,-0.0904,-0.2506,-0.3703,1.2952,1.7626,0.0770,0.3894,0.0843
1.8401,0.3077,-0.4009,-1.2820,1.8319,-0.0697,0.3997,-0.0848,-0.2414,-0.3650,1.2956,1.7495,0.0781,0.3906,0.0840
1.8700,0.3008,-0.3949,-1.2856,1.8225,-0.0707,0.4006,-0.0828,-0.2326,-0.3572,1.2953,1.7360,0.0786,0.3882,0.0820
1.9002,0.2930,-0.3875,-1.2856,1.8126,-0.0718,0.4008,-0.0819,-0.2170,-0.3588,1.2918,1.7106,0.0799,0.3999,0.0869
1.9299,0.2805,-0.3923,-1.2850,1.7968,-0.0744,0.4066,-0.0884,-0.2106,-0.3445,1.2948,1.7057,0.0796,0.3816,0.0795
1.9600,0.2756,-0.3716,-1.2888,1.7885,-0.0753,0.4007,-0.0796,-0.1993,-0.3382,1.2947,1.6887,0.0796,0.3761,0.0775
2.0003,0.2618,-0.3609,-1.2899,1.7706,-0.0776,0.3998,-0.0788,-0.1847,-0.3295,1.2938,1.6641,0.0784,0.3737,0.0736
2.0300,0.2515,-0.3533,-1.2893,1.7552,-0.0777,0.3962,-0.0765,-0.1726,-0.3247,1.2934,1.6458,0.0764,0.3696,0.0700
2.0600,0.2394,-0.3461,-1.2900,1.7403,-0.0780,0.3972,-0.0747,-0.1596,-0.3178,1.2924,1.6269,0.0744,0.3682,0.0657
2.0900,0.2274,-0.3395,-1.2886,1.7234,-0.0766,0.3905,-0.0713,-0.1469,-0.3118,1.2909,1.6070,0.0726,0.3652,0.0624
2.1201,0.2135,-0.3333,-1.2874,1.7063,-0.0745,0.3873,-0.0674,-0.1359,-0.3047,1.2898,1.5857,0.0714,0.3667,0.0590
2.1500,0.2005,-0.3262,-1.2875,1.6881,-0.0726,0.3835,-0.0629,-0.1222,-0.2989,1.2904,1.5657,0.0699,0.3649,0.0553
2.1800,0.1830,-0.3264,-1.2831,1.6580,-0.0735,0.3976,-0.0671,-0.1057,-0.2983,1.2857,1.5352,0.0704,0.3800,0.0588
2.2101,0.1742,-0.3135,-1.2873,1.6495,-0.0717,0.3790,-0.0579,-0.0966,-0.2852,1.2891,1.5252,0.0709,0.3642,0.0530
2.2500,0.1565,-0.3040,-1.2870,1.6240,-0.0709,0.3800,-0.0545,-0.0809,-0.2751,1.2902,1.4980,0.0718,0.3653,0.0508
2.2800,0.1435,-0.2960,-1.2878,1.6024,-0.0720,0.3815,-0.0533,-0.0678,-0.2691,1.2898,1.4788,0.0721,0.3641,0.0497
2.3100,0.1308,-0.2884,-1.2876,1.5836,-0.0724,0.3812,-0.0516,-0.0550,-0.2640,1.2909,1.4598,0.0725,0.3658,0.0486
2.3402,0.1169,-0.2814,-1.2875,1.5636,-0.0726,0.3817,-0.0500,-0.0403,-0.2628,1.2865,1.4281,0.0727,0.3835,0.0514
2.3701,0.1039,-0.2758,-1.2886,1.5428,-0.0732,0.3818,-0.0488,-0.0243,-0.2646,1.2827,1.4031,0.0738,0.3941,0.0567
2.4002,0.0915,-0.2684,-1.2891,1.5228,-0.0742,0.3812,-0.0476,-0.0203,-0.2485,1.2912,1.4037,0.0739,0.3651,0.0454
2.4301,0.0796,-0.2629,-1.2889,1.5012,-0.0744,0.3811,-0.0465,-0.0098,-0.2443,1.2909,1.3865,0.0742,0.3652,0.0449
2.4600,0.0666,-0.2553,-1.2897,1.4811,-0.0756,0.3817,-0.0454,0.0003,-0.2408,1.2907,1.3702,0.0747,0.3652,0.0448
2.5002,0.0485,-0.2476,-1.2901,1.4520,-0.0762,0.3829,-0.0441,0.0133,-0.2373,1.2917,1.3505,0.0745,0.3658,0.0435
2.5300,0.0357,-0.2422,-1.2911,1.4319,-0.0771,0.3823,-0.0434,0.0247,-0.2387,1.2886,1.3278,0.0752,0.3782,0.0475
2.5600,0.0241,-0.2363,-1.2919,1.4116,-0.0778,0.3814,-0.0422,0.0303,-0.2328,1.2926,1.3258,0.0751,0.3656,0.0429
2.5900,0.0113,-0.2312,-1.2916,1.3914,-0.0783,0.3810,-0.0417,0.0379,-0.2319,1.2934,1.3147,0.0749,0.3658,0.0424
2.6200,-0.0041,-0.2309,-1.2880,1.3682,-0.0789,0.3897,-0.0453,0.0472,-0.2344,1.2909,1.2988,0.0758,0.3735,0.0467
2.6500,-0.0144,-0.2226,-1.2923,1.3556,-0.0791,0.3823,-0.0403,0.0550,-0.2364,1.2890,1.2888,0.0765,0.3767,0.0501
2.6800,-0.0274,-0.2245,-1.2892,1.3320,-0.0800,0.3941,-0.0451,0.0569,-0.2310,1.2936,1.2894,0.0744,0.3631,0.0422
2.7101,-0.0367,-0.2175,-1.2932,1.3242,-0.0792,0.3837,-0.0392,0.0623,-0.2304,1.2939,1.2838,0.0746,0.3622,0.0424
2.7501,-0.0492,-0.2158,-1.2942,1.3078,-0.0793,0.3837,-0.0389,0.0675,-0.2299,1.2942,1.2778,0.0745,0.3629,0.0424
2.7800,-0.0610,-0.2182,-1.2917,1.2939,-0.0802,0.3870,-0.0436,0.0717,-0.2295,1.2950,1.2738,0.0747,0.3635,0.0424
2.8101,-0.0717,-0.2208,-1.2889,1.2740,-0.0810,0.3975,-0.0484,0.0750,-0.2294,1.2951,1.2685,0.0749,0.3642,0.0428
2.8403,-0.0764,-0.2118,-1.2957,1.2754,-0.0793,0.3836,-0.0380,0.0776,-0.2298,1.2943,1.2649,0.0742,0.3610,0.0424
2.8700,-0.0836,-0.2123,-1.2963,1.2670,-0.0791,0.3839,-0.0381,0.0808,-0.2321,1.2938,1.2667,0.0748,0.3566,0.0448
2.9001,-0.0918,-0.2156,-1.2944,1.2567,-0.0800,0.3872,-0.0427,0.0828,-0.2323,1.2932,1.2615,0.0749,0.3600,0.0455
2.9301,-0.0997,-0.2207,-1.2925,1.2478,-0.0813,0.3899,-0.0486,0.0833,-0.2308,1.2952,1.2607,0.0739,0.3620,0.0424
2.9600,-0.1023,-0.2126,-1.2993,1.2464,-0.0785,0.3800,-0.0366,0.0832,-0.2299,1.2953,1.2601,0.0737,0.3623,0.0416
3.0000,-0.1071,-0.2116,-1.3005,1.2399,-0.0797,0.3789,-0.0377,0.0825,-0.2316,1.2950,1.2615,0.0736,0.3632,0.0423
3.0299,-0.1111,-0.2137,-1.3014,1.2362,-0.0790,0.3791,-0.0374,0.0823,-0.2315,1.2957,1.2613,0.0746,0.3630,0.0434
3.0599,-0.1133,-0.2122,-1.3019,1.2332,-0.0802,0.3786,-0.0384,0.0804,-0.2325,1.2960,1.2616,0.0776,0.3623,0.0479
3.0900,-0.1147,-0.2123,-1.3032,1.2300,-0.0805,0.3787,-0.0383,0.0808,-0.2378,1.2954,1.2566,0.0787,0.3683,0.0523
3.1200,-0.1177,-0.2149,-1.3024,1.2265,-0.0811,0.3800,-0.0411,0.0755,-0.2364,1.2999,1.2639,0.0861,0.3564,0.0597
3.1500,-0.1163,-0.2085,-1.3075,1.2254,-0.0891,0.3763,-0.0474,0.0722,-0.2390,1.3031,1.2663,0.0917,0.3544,0.0672
3.1800,-0.1160,-0.2060,-1.3118,1.2227,-0.0950,0.3749,-0.0527,0.0686,-0.2419,1.3069,1.2668,0.0982,0.3534,0.0756
3.2101,-0.1141,-0.2037,-1.3152,1.2228,-0.1020,0.3703,-0.0603,0.0669,-0.2540,1.3064,1.2650,0.1007,0.3596,0.0846
3.2500,-0.1115,-0.2013,-1.3206,1.2235,-0.1121,0.3666,-0.0713,0.0568,-0.2510,1.3182,1.2749,0.1151,0.3512,0.0977
3.2801,-0.1100,-0.2015,-1.3246,1.2227,-0.1196,0.3630,-0.0803,0.0508,-0.2560,1.3229,1.2794,0.1218,0.3497,0.1068
3.3101,-0.1073,-0.2025,-1.3273,1.2230,-0.1251,0.3627,-0.0876,0.0443,-0.2613,1.3270,1.2840,0.1287,0.3487,0.1166
3.3401,-0.1049,-0.2053,-1.3315,1.2245,-0.1329,0.3583,-0.0979,0.0375,-0.2676,1.3326,1.2899,0.1361,0.3466,0.1266
3.3700,-0.1015,-0.2084,-1.3355,1.2269,-0.1405,0.3517,-0.1083,0.0295,-0.2759,1.3366,1.2967,0.1425,0.3432,0.1368
3.4000,-0.0980,-0.2128,-1.3394,1.2305,-0.1477,0.3414,-0.1182,0.0214,-0.2841,1.3413,1.3050,0.1481,0.3365,0.1453
3.4299,-0.0931,-0.2177,-1.3428,1.2320,-0.1542,0.3390,-0.1277,0.0146,-0.2918,1.3445,1.3129,0.1540,0.3284,0.1547
3.4599,-0.0910,-0.2335,-1.3412,1.2308,-0.1575,0.3453,-0.1399,0.0084,-0.3089,1.3450,1.3149,0.1580,0.3356,0.1665
3.5001,-0.0788,-0.2340,-1.3538,1.2456,-0.1694,0.3359,-0.1503,-0.0082,-0.3143,1.3572,1.3339,0.1683,0.3250,0.1765
3.5300,-0.0745,-0.2461,-1.3535,1.2482,-0.1719,0.3395,-0.1590,-0.0173,-0.3313,1.3595,1.3432,0.1724,0.3272,0.1873
3.5600,-0.0661,-0.2526,-1.3616,1.2573,-0.1786,0.3306,-0.1666,-0.0296,-0.3348,1.3695,1.3559,0.1790,0.3228,0.1928
3.5900,-0.0568,-0.2624,-1.3640,1.2654,-0.1838,0.3284,-0.1763,-0.0412,-0.3449,1.3761,1.3672,0.1835,0.3247,0.1996
3.6200,-0.0473,-0.2737,-1.3684,1.2750,-0.1881,0.3262,-0.1843,-0.0517,-0.3620,1.3795,1.3769,0.1879,0.3273,0.2104
3.6501,-0.0383,-0.2844,-1.3730,1.2842,-0.1922,0.3226,-0.1918,-0.0661,-0.3648,1.3924,1.3926,0.1942,0.3212,0.2139
3.6800,-0.0273,-0.2983,-1.3760,1.2963,-0.1960,0.3195,-0.2005,-0.0781,-0.3764,1.4009,1.4062,0.1990,0.3177,0.2207
3.7102,-0.0173,-0.3101,-1.3812,1.3068,-0.1993,0.3189,-0.2069,-0.0918,-0.3869,1.4087,1.4189,0.2033,0.3169,0.2268
3.7503,-0.0011,-0.3264,-1.3889,1.3237,-0.2051,0.3153,-0.2170,-0.1098,-0.3996,1.4217,1.4377,0.2102,0.3134,0.2350
3.7801,0.0104,-0.3438,-1.3914,1.3331,-0.2094,0.3190,-0.2283,-0.1230,-0.4097,1.4328,1.4530,0.2165,0.3125,0.2427
3.8102,0.0238,-0.3606,-1.3950,1.3444,-0.2136,0.3226,-0.2386,-0.1372,-0.4166,1.4444,1.4678,0.2223,0.3111,0.2481
3.8403,0.0414,-0.3646,-1.4096,1.3654,-0.2171,0.3103,-0.2374,-0.1511,-0.4337,1.4512,1.4802,0.2275,0.3129,0.2586
3.8700,0.0561,-0.3749,-1.4181,1.3813,-0.2217,0.3078,-0.2434,-0.1656,-0.4321,1.4670,1.4988,0.2318,0.3060,0.2574
3.9002,0.0715,-0.3866,-1.4270,1.3958,-0.2261,0.3060,-0.2495,-0.1807,-0.4391,1.4807,1.5144,0.2377,0.3057,0.2626
3.9300,0.0883,-0.3973,-1.4369,1.4124,-0.2307,0.3047,-0.2553,-0.1961,-0.4528,1.4900,1.5342,0.2426,0.3002,0.2703
3.9600,0.1030,-0.4079,-1.4460,1.4282,-0.2349,0.3031,-0.2610,-0.2104,-0.4544,1.5043,1.5460,0.2465,0.3023,0.2712
4.0000,0.1244,-0.4272,-1.4558,1.4517,-0.2410,0.3007,-0.2717,-0.2306,-0.4636,1.5185,1.5681,0.2500,0.3009,0.2742
4.0300,0.1426,-0.4316,-1.4688,1.4689,-0.2426,0.2992,-0.2703,-0.2466,-0.4769,1.5287,1.5857,0.2551,0.2976,0.2820
4.0600,0.1585,-0.4413,-1.4784,1.4873,-0.2452,0.2984,-0.2735,-0.2617,-0.4872,1.5387,1.6042,0.2594,0.2922,0.2876
4.0901,0.1742,-0.4515,-1.4876,1.5052,-0.2469,0.2967,-0.2758,-0.2756,-0.4841,1.5509,1.6184,0.2580,0.2979,0.2817
4.1200,0.1906,-0.4604,-1.4971,1.5236,-0.2487,0.2968,-0.2780,-0.2903,-0.4908,1.5617,1.6332,0.2593,0.2982,0.2827
4.1500,0.2079,-0.4699,-1.5072,1.5456,-0.2526,0.2905,-0.2825,-0.3062,-0.4964,1.5717,1.6484,0.2611,0.2969,0.2840
4.1800,0.2242,-0.4783,-1.5174,1.5676,-0.2562,0.2830,-0.2864,-0.3204,-0.5012,1.5811,1.6669,0.2639,0.2905,0.2863
4.2103,0.2392,-0.4833,-1.5274,1.5796,-0.2559,0.2943,-0.2853,-0.3354,-0.5056,1.5891,1.6800,0.2661,0.2955,0.2890
4.2500,0.2595,-0.4922,-1.5397,1.6049,-0.2582,0.2924,-0.2874,-0.3540,-0.5130,1.6022,1.7035,0.2703,0.2876,0.2931
4.2800,0.2764,-0.4983,-1.5515,1.6310,-0.2617,0.2809,-0.2899,-0.3683,-0.5136,1.6100,1.7183,0.2715,0.2851,0.2930
4.3101,0.2942,-0.5057,-1.5634,1.6540,-0.2655,0.2731,-0.2935,-0.3824,-0.5182,1.6202,1.7367,0.2745,0.2784,0.2955
4.3402,0.3079,-0.5119,-1.5698,1.6609,-0.2646,0.2901,-0.2938,-0.3939,-0.5247,1.6252,1.7407,0.2741,0.2917,0.2970
4.3700,0.3240,-0.5153,-1.5809,1.6842,-0.2672,0.2804,-0.2949,-0.4056,-0.5277,1.6325,1.7518,0.2764,0.2905,0.2993
4.4001,0.3391,-0.5212,-1.5887,1.6968,-0.2689,0.2882,-0.2975,-0.4201,-0.5314,1.6416,1.7647,0.2788,0.2897,0.3017
4.4299,0.3554,-0.5250,-1.5991,1.7151,-0.2715,0.2838,-0.2993,-0.4309,-0.5309,1.6473,1.7752,0.2794,0.2884,0.3012
4.4599,0.3714,-0.5286,-1.6086,1.7301,-0.2738,0.2823,-0.3013,-0.4423,-0.5368,1.6556,1.7844,0.2803,0.2899,0.3027
4.5002,0.3908,-0.5375,-1.6217,1.7489,-0.2745,0.2861,-0.3025,-0.4578,-0.5381,1.6623,1.7904,0.2813,0.2973,0.3039
4.5301,0.4047,-0.5379,-1.6304,1.7658,-0.2759,0.2809,-0.3023,-0.4678,-0.5428,1.6696,1.8024,0.2819,0.2901,0.3044
4.5600,0.4179,-0.5473,-1.6377,1.7758,-0.2763,0.2845,-0.3046,-0.4765,-0.5442,1.6754,1.8078,0.2826,0.2889,0.3047
4.5900,0.4313,-0.5513,-1.6477,1.7887,-0.2771,0.2838,-0.3050,-0.4854,-0.5469,1.6796,1.8144,0.2823,0.2894,0.3047
4.6200,0.4438,-0.5554,-1.6558,1.8000,-0.2777,0.2846,-0.3057,-0.4920,-0.5488,1.6825,1.8202,0.2827,0.2901,0.3055
4.6500,0.4555,-0.5593,-1.6626,1.8097,-0.2783,0.2839,-0.3065,-0.4983,-0.5518,1.6869,1.8236,0.2842,0.2916,0.3077
4.6800,0.4655,-0.5613,-1.6710,1.8250,-0.2805,0.2764,-0.3078,-0.5034,-0.5490,1.6897,1.8268,0.2831,0.2963,0.3054
4.7101,0.4750,-0.5669,-1.6755,1.8295,-0.2788,0.2831,-0.3074,-0.5101,-0.5513,1.6937,1.8291,0.2842,0.2993,0.3072
4.7501,0.4878,-0.5698,-1.6851,1.8432,-0.2813,0.2795,-0.3096,-0.5118,-0.5465,1.6970,1.8329,0.2839,0.3054,0.3052
4.7800,0.4963,-0.5701,-1.6899,1.8494,-0.2820,0.2804,-0.3101,-0.5144,-0.5456,1.7001,1.8359,0.2841,0.3071,0.3047
4.8101,0.5036,-0.5710,-1.6957,1.8593,-0.2833,0.2763,-0.3108,-0.5162,-0.5447,1.7004,1.8375,0.2840,0.3106,0.3046
4.8401,0.5077,-0.5744,-1.6979,1.8574,-0.2798,0.2892,-0.3083,-0.5174,-0.5442,1.7010,1.8408,0.2844,0.3116,0.3049
4.8700,0.5124,-0.5734,-1.7010,1.8624,-0.2796,0.2913,-0.3075,-0.5192,-0.5432,1.7021,1.8445,0.2844,0.3094,0.3042
4.9000,0.5180,-0.5729,-1.7035,1.8650,-0.2787,0.2964,-0.3064,-0.5199,-0.5427,1.7036,1.8497,0.2847,0.3047,0.3037
4.9300,0.5238,-0.5725,-1.7080,1.8743,-0.2795,0.2918,-0.3062,-0.5195,-0.5433,1.7015,1.8402,0.2786,0.3232,0.2985
4.9600,0.5258,-0.5721,-1.7092,1.8716,-0.2764,0.3037,-0.3032,-0.5193,-0.5436,1.6997,1.8407,0.2764,0.3251,0.2965
5.0000,0.5302,-0.5724,-1.7107,1.8754,-0.2759,0.3031,-0.3026,-0.5200,-0.5435,1.7005,1.8413,0.2758,0.3260,0.2955
5.0300,0.5343,-0.5719,-1.7139,1.8824,-0.2764,0.2995,-0.3023,-0.5210,-0.5432,1.7022,1.8467,0.2762,0.3213,0.2952
5.0600,0.5369,-0.5735,-1.7168,1.8858,-0.2775,0.2979,-0.3036,-0.5222,-0.5418,1.7008,1.8433,0.2753,0.3263,0.2944
5.0900,0.5387,-0.5709,-1.7164,1.8877,-0.2765,0.2980,-0.3018,-0.5207,-0.5404,1.7006,1.8415,0.2752,0.3303,0.2942
5.1200,0.5394,-0.5719,-1.7167,1.8827,-0.2747,0.3092,-0.3008,-0.5206,-0.5415,1.7018,1.8438,0.2759,0.3275,0.2949
5.1500,0.5393,-0.5721,-1.7163,1.8814,-0.2747,0.3105,-0.3010,-0.5223,-0.5418,1.7029,1.8451,0.2762,0.3276,0.2952
5.1800,0.5405,-0.5740,-1.7172,1.8791,-0.2753,0.3134,-0.3024,-0.5235,-0.5398,1.7025,1.8465,0.2755,0.3275,0.2937
5.2101,0.5402,-0.5700,-1.7165,1.8816,-0.2731,0.3145,-0.2987,-0.5211,-0.5357,1.7001,1.8394,0.2711,0.3449,0.2887
5.2500,0.5388,-0.5681,-1.7177,1.8814,-0.2707,0.3221,-0.2954,-0.5229,-0.5343,1.7017,1.8461,0.2712,0.3398,0.2876
5.2801,0.5405,-0.5654,-1.7173,1.8808,-0.2687,0.3280,-0.2928,-0.5219,-0.5320,1.6985,1.8377,0.2668,0.3580,0.2836
5.3101,0.5417,-0.5645,-1.7198,1.8902,-0.2693,0.3196,-0.2919,-0.5208,-0.5285,1.6972,1.8367,0.2645,0.3642,0.2801
5.3403,0.5436,-0.5650,-1.7217,1.8934,-0.2699,0.3178,-0.2924,-0.5212,-0.5236,1.6971,1.8356,0.2623,0.3703,0.2760
5.3701,0.5393,-0.5576,-1.7184,1.8807,-0.2621,0.3464,-0.2832,-0.5238,-0.5228,1.6984,1.8395,0.2623,0.3688,0.2754
5.4000,0.5391,-0.5541,-1.7177,1.8799,-0.2593,0.3536,-0.2792,-0.5278,-0.5205,1.7001,1.8463,0.2621,0.3659,0.2737
5.4300,0.5405,-0.5483,-1.7183,1.8784,-0.2567,0.3624,-0.2745,-0.5221,-0.5061,1.6943,1.8327,0.2532,0.3941,0.2606
5.4600,0.5396,-0.5425,-1.7175,1.8776,-0.2530,0.3716,-0.2687,-0.5253,-0.4996,1.6927,1.8380,0.2511,0.3928,0.2556
5.5002,0.5396,-0.5338,-1.7180,1.8765,-0.2482,0.3841,-0.2601,-0.5258,-0.4940,1.6876,1.8332,0.2409,0.4134,0.2435
5.5300,0.5398,-0.5274,-1.7171,1.8753,-0.2431,0.3938,-0.2523,-0.5309,-0.4868,1.6867,1.8420,0.2388,0.4104,0.2378
5.5600,0.5400,-0.5210,-1.7154,1.8733,-0.2380,0.4019,-0.2442,-0.5300,-0.4833,1.6826,1.8364,0.2284,0.4351,0.2263
5.5899,0.5403,-0.5157,-1.7134,1.8721,-0.2310,0.4131,-0.2348,-0.5338,-0.4799,1.6794,1.8386,0.2206,0.4446,0.2167
5.6200,0.5414,-0.5117,-1.7113,1.8709,-0.2237,0.4235,-0.2253,-0.5375,-0.4758,1.6762,1.8412,0.2121,0.4537,0.2058
5.6500,0.5415,-0.5078,-1.7093,1.8692,-0.2157,0.4349,-0.2149,-0.5395,-0.4726,1.6732,1.8455,0.2027,0.4647,0.1941
5.6803,0.5461,-0.5027,-1.7096,1.8799,-0.2146,0.4291,-0.2108,-0.5449,-0.4684,1.6699,1.8517,0.1930,0.4739,0.1816
5.7100,0.5434,-0.5009,-1.7053,1.8687,-0.1987,0.4580,-0.1935,-0.5492,-0.4649,1.6662,1.8568,0.1839,0.4836,0.1701
5.7502,0.5451,-0.4967,-1.7011,1.8689,-0.1865,0.4733,-0.1784,-0.5577,-0.4599,1.6591,1.8671,0.1725,0.4967,0.1565
5.7802,0.5462,-0.4936,-1.6979,1.8692,-0.1773,0.4862,-0.1671,-0.5637,-0.4549,1.6558,1.8752,0.1649,0.5068,0.1461
5.8102,0.5478,-0.4903,-1.6949,1.8708,-0.1691,0.4950,-0.1566,-0.5711,-0.4500,1.6527,1.8842,0.1583,0.5176,0.1371
5.8403,0.5498,-0.4862,-1.6927,1.8736,-0.1621,0.5046,-0.1469,-0.5774,-0.4448,1.6482,1.8933,0.1520,0.5264,0.1285
5.8700,0.5511,-0.4808,-1.6894,1.8769,-0.1555,0.5143,-0.1374,-0.5848,-0.4385,1.6457,1.9020,0.1455,0.5341,0.1183
5.9000,0.5591,-0.4736,-1.6890,1.8923,-0.1537,0.5072,-0.1311,-0.5938,-0.4325,1.6428,1.9113,0.1401,0.5449,0.1100
5.9300,0.5578,-0.4707,-1.6845,1.8853,-0.1430,0.5362,-0.1192,-0.6030,-0.4272,1.6395,1.9198,0.1342,0.5551,0.1014
5.9600,0.5629,-0.4649,-1.6811,1.8915,-0.1356,0.5469,-0.1086,-0.6116,-0.4219,1.6363,1.9281,0.1285,0.5670,0.0933
6.0001,0.5694,-0.4579,-1.6763,1.9004,-0.1266,0.5621,-0.0958,-0.6247,-0.4142,1.6307,1.9395,0.1188,0.5831,0.0797
6.0299,0.5752,-0.4512,-1.6738,1.9070,-0.1208,0.5732,-0.0862,-0.6351,-0.4098,1.6286,1.9488,0.1115,0.5954,0.0695
6.0599,0.5826,-0.4460,-1.6696,1.9149,-0.1136,0.5855,-0.0765,-0.6455,-0.4052,1.6237,1.9556,0.1040,0.6074,0.0598
6.0899,0.5900,-0.4397,-1.6663,1.9228,-0.1074,0.5975,-0.0668,-0.6557,-0.4020,1.6203,1.9645,0.0975,0.6197,0.0517
6.1200,0.6036,-0.4290,-1.6634,1.9448,-0.1039,0.5893,-0.0566,-0.6665,-0.3987,1.6161,1.9715,0.0904,0.6307,0.0429
6.1500,0.6062,-0.4294,-1.6583,1.9395,-0.0935,0.6218,-0.0474,-0.6771,-0.3953,1.6128,1.9790,0.0826,0.6417,0.0329
6.1800,0.6167,-0.4230,-1.6528,1.9464,-0.0856,0.6344,-0.0363,-0.6904,-0.3861,1.6082,1.9939,0.0784,0.6399,0.0234
6.2100,0.6324,-0.4141,-1.6514,1.9711,-0.0827,0.6250,-0.0275,-0.6980,-0.3897,1.6054,1.9933,0.0693,0.6583,0.0163
6.2500,0.6395,-0.4136,-1.6445,1.9670,-0.0703,0.6581,-0.0157,-0.7110,-0.3856,1.6015,2.0033,0.0601,0.6706,0.0041
6.2800,0.6485,-0.4088,-1.6404,1.9755,-0.0641,0.6673,-0.0068,-0.7196,-0.3830,1.5969,2.0085,0.0539,0.6777,-0.0034
6.3101,0.6610,-0.3999,-1.6358,1.9889,-0.0601,0.6664,0.0023,-0.7326,-0.3753,1.5926,2.0231,0.0500,0.6756,-0.0119
6.3401,0.6688,-0.4010,-1.6337,1.9923,-0.0531,0.6832,0.0086,-0.7369,-0.3759,1.5894,2.0233,0.0433,0.6925,-0.0180
6.3700,0.6784,-0.3970,-1.6295,2.0004,-0.0468,0.6905,0.0173,-0.7446,-0.3735,1.5861,2.0286,0.0379,0.6985,-0.0250
6.4000,0.6910,-0.3894,-1.6255,2.0121,-0.0431,0.6910,0.0254,-0.7516,-0.3703,1.5819,2.0353,0.0324,0.7020,-0.0324
6.4300,0.7037,-0.3830,-1.6228,2.0271,-0.0401,0.6883,0.0324,-0.7582,-0.3655,1.5779,2.0418,0.0295,0.7017,-0.0379
6.4600,0.7075,-0.3823,-1.6196,2.0238,-0.0352,0.7065,0.0372,-0.7659,-0.3614,1.5752,2.0511,0.0272,0.6998,-0.0427
6.5001,0.7214,-0.3746,-1.6153,2.0385,-0.0312,0.7053,0.0457,-0.7694,-0.3595,1.5716,2.0529,0.0199,0.7106,-0.0515
6.5300,0.7276,-0.3730,-1.6138,2.0419,-0.0267,0.7114,0.0516,-0.7728,-0.3570,1.5691,2.0589,0.0158,0.7131,-0.0574
6.5600,0.7344,-0.3691,-1.6103,2.0494,-0.0224,0.7128,0.0583,-0.7771,-0.3539,1.5663,2.0628,0.0123,0.7135,-0.0629
6.5900,0.7414,-0.3658,-1.6084,2.0563,-0.0205,0.7124,0.0621,-0.7801,-0.3517,1.5637,2.0685,0.0080,0.7144,-0.0688
6.6200,0.7480,-0.3590,-1.6038,2.0615,-0.0166,0.7156,0.0700,-0.7823,-0.3488,1.5587,2.0724,0.0033,0.7154,-0.0748
6.6501,0.7550,-0.3543,-1.5998,2.0693,-0.0137,0.7146,0.0755,-0.7856,-0.3443,1.5535,2.0781,0.0002,0.7127,-0.0800
6.6801,0.7601,-0.3517,-1.5963,2.0716,-0.0076,0.7205,0.0834,-0.7897,-0.3399,1.5485,2.0869,-0.0029,0.7077,-0.0852
6.7101,0.7645,-0.3486,-1.5921,2.0769,-0.0039,0.7186,0.0887,-0.7866,-0.3452,1.5493,2.0833,-0.0088,0.7167,-0.0888
6.7501,0.7693,-0.3445,-1.5875,2.0839,0.0022,0.7195,0.0974,-0.7884,-0.3410,1.5414,2.0895,-0.0162,0.7161,-0.0981
6.7801,0.7727,-0.3418,-1.5829,2.0887,0.0071,0.7191,0.1036,-0.7897,-0.3404,1.5362,2.0923,-0.0215,0.7150,-0.1030
6.8102,0.7771,-0.3374,-1.5779,2.0965,0.0102,0.7155,0.1088,-0.7913,-0.3386,1.5326,2.0968,-0.0266,0.7142,-0.1092
6.8403,0.7804,-0.3325,-1.5719,2.1003,0.0137,0.7148,0.1145,-0.7933,-0.3340,1.5264,2.1026,-0.0301,0.7101,-0.1145
6.8700,0.7804,-0.3336,-1.5691,2.1013,0.0197,0.7175,0.1200,-0.7931,-0.3388,1.5241,2.1039,-0.0372,0.7131,-0.1189
6.9001,0.7827,-0.3313,-1.5643,2.1051,0.0244,0.7176,0.1255,-0.7944,-0.3375,1.5195,2.1065,-0.0407,0.7117,-0.1224
6.9300,0.7850,-0.3262,-1.5573,2.1123,0.0283,0.7126,0.1315,-0.7959,-0.3359,1.5145,2.1096,-0.0445,0.7122,-0.1263
6.9600,0.7855,-0.3270,-1.5534,2.1128,0.0326,0.7161,0.1349,-0.7987,-0.3364,1.5108,2.1120,-0.0493,0.7148,-0.1306
7.0001,0.7869,-0.3237,-1.5481,2.1175,0.0376,0.7149,0.1414,-0.8069,-0.3315,1.5049,2.1250,-0.0534,0.7089,-0.1371
7.0299,0.7888,-0.3224,-1.5432,2.1196,0.0409,0.7191,0.1447,-0.8029,-0.3357,1.5014,2.1175,-0.0572,0.7271,-0.1380
7.0599,0.7892,-0.3209,-1.5389,2.1225,0.0439,0.7229,0.1481,-0.8058,-0.3344,1.4975,2.1194,-0.0602,0.7336,-0.1414
7.0900,0.7907,-0.3196,-1.5341,2.1257,0.0467,0.7297,0.1509,-0.8092,-0.3343,1.4947,2.1217,-0.0617,0.7419,-0.1428
7.1200,0.7926,-0.3194,-1.5292,2.1272,0.0496,0.7380,0.1532,-0.8137,-0.3332,1.4936,2.1237,-0.0640,0.7486,-0.1465
7.1500,0.8011,-0.3169,-1.5269,2.1405,0.0519,0.7326,0.1569,-0.8169,-0.3327,1.4895,2.1261,-0.0654,0.7553,-0.1474
7.1800,0.7961,-0.3164,-1.5200,2.1326,0.0531,0.7523,0.1569,-0.8248,-0.3300,1.4866,2.1321,-0.0679,0.7563,-0.1518
7.2102,0.7999,-0.3143,-1.5173,2.1347,0.0546,0.7562,0.1596,-0.8263,-0.3314,1.4844,2.1280,-0.0685,0.7695,-0.1515
7.2502,0.8037,-0.3128,-1.5122,2.1379,0.0569,0.7646,0.1621,-0.8366,-0.3277,1.4802,2.1363,-0.0721,0.7703,-0.1575
7.2801,0.8059,-0.3112,-1.5069,2.1410,0.0591,0.7709,0.1643,-0.8444,-0.3254,1.4776,2.1398,-0.0744,0.7737,-0.1617
7.3104,0.8104,-0.3114,-1.5061,2.1432,0.0614,0.7758,0.1670,-0.8432,-0.3304,1.4761,2.1345,-0.0775,0.7889,-0.1617
7.3400,0.8170,-0.3078,-1.5012,2.1477,0.0648,0.7771,0.1723,-0.8510,-0.3289,1.4747,2.1396,-0.0792,0.7907,-0.1650
7.3700,0.8241,-0.3048,-1.4974,2.1527,0.0676,0.7785,0.1769,-0.8578,-0.3271,1.4726,2.1443,-0.0811,0.7922,-0.1684
7.4001,0.8217,-0.3082,-1.4954,2.1473,0.0677,0.7937,0.1744,-0.8577,-0.3278,1.4710,2.1406,-0.0830,0.8039,-0.1701
7.4300,0.8275,-0.3063,-1.4925,2.1498,0.0685,0.7972,0.1762,-0.8640,-0.3261,1.4694,2.1431,-0.0839,0.8080,-0.1726
7.4599,0.8313,-0.3047,-1.4898,2.1534,0.0699,0.8007,0.1785,-0.8690,-0.3245,1.4679,2.1473,-0.0858,0.8098,-0.1760
7.5000,0.8382,-0.3024,-1.4869,2.1561,0.0722,0.8041,0.1825,-0.8751,-0.3244,1.4685,2.1508,-0.0862,0.8120,-0.1773
7.5300,0.8428,-0.2996,-1.4827,2.1582,0.0750,0.8059,0.1867,-0.8772,-0.3216,1.4639,2.1510,-0.0889,0.8131,-0.1812
7.5599,0.8473,-0.2970,-1.4787,2.1605,0.0777,0.8075,0.1907,-0.8809,-0.3193,1.4604,2.1534,-0.0913,0.8139,-0.1847
7.5900,0.8518,-0.3000,-1.4787,2.1635,0.0825,0.8068,0.1942,-0.8859,-0.3202,1.4604,2.1609,-0.0993,0.8080,-0.1931
7.6200,0.8553,-0.2968,-1.4736,2.1646,0.0857,0.8085,0.1988,-0.8884,-0.3196,1.4582,2.1642,-0.1048,0.8041,-0.1991
7.6500,0.8586,-0.2943,-1.4694,2.1666,0.0883,0.8091,0.2025,-0.8915,-0.3166,1.4534,2.1661,-0.1078,0.8044,-0.2033
7.6800,0.8610,-0.2909,-1.4639,2.1646,0.0915,0.8128,0.2074,-0.8942,-0.3187,1.4520,2.1708,-0.1140,0.8004,-0.2082
7.7100,0.8687,-0.2985,-1.4678,2.1742,0.1000,0.8024,0.2123,-0.8956,-0.3162,1.4483,2.1745,-0.1167,0.7974,-0.2118
7.7500,0.8734,-0.2982,-1.4649,2.1779,0.1059,0.8021,0.2185,-0.8973,-0.3128,1.4436,2.1768,-0.1199,0.7950,-0.2163
7.7801,0.8768,-0.2944,-1.4583,2.1791,0.1098,0.8033,0.2241,-0.8990,-0.3142,1.4400,2.1796,-0.1271,0.7901,-0.2219
7.8101,0.8801,-0.2976,-1.4587,2.1829,0.1148,0.8002,0.2274,-0.8996,-0.3135,1.4352,2.1814,-0.1337,0.7856,-0.2279
7.8403,0.8825,-0.2938,-1.4522,2.1836,0.1185,0.8010,0.2326,-0.9005,-0.3091,1.4274,2.1811,-0.1380,0.7856,-0.2336
7.8700,0.8837,-0.2899,-1.4452,2.1826,0.1224,0.8022,0.2378,-0.9019,-0.3114,1.4248,2.1842,-0.1439,0.7797,-0.2372
7.9003,0.8852,-0.2873,-1.4409,2.1819,0.1249,0.8037,0.2414,-0.9012,-0.3110,1.4199,2.1855,-0.1471,0.7793,-0.2392
7.9300,0.8916,-0.2925,-1.4404,2.1913,0.1309,0.7923,0.2434,-0.9019,-0.3080,1.4148,2.1847,-0.1499,0.7799,-0.2431
7.9600,0.8920,-0.2887,-1.4337,2.1886,0.1345,0.7943,0.2484,-0.9032,-0.3059,1.4107,2.1859,-0.1527,0.7769,-0.2462
8.0003,0.8952,-0.2884,-1.4299,2.1943,0.1381,0.7873,0.2510,-0.9042,-0.3016,1.4052,2.1860,-0.1521,0.7768,-0.2468
8.0300,0.8986,-0.2850,-1.4273,2.1950,0.1381,0.7854,0.2528,-0.9042,-0.2992,1.4021,2.1864,-0.1520,0.7775,-0.2476
8.0600,0.8998,-0.2839,-1.4252,2.1969,0.1394,0.7844,0.2544,-0.9050,-0.2972,1.3987,2.1861,-0.1540,0.7781,-0.2503
8.0900,0.9016,-0.2785,-1.4191,2.1976,0.1388,0.7830,0.2557,-0.9062,-0.2960,1.3946,2.1881,-0.1557,0.7764,-0.2517
8.1201,0.9021,-0.2774,-1.4172,2.1973,0.1398,0.7835,0.2571,-0.9068,-0.2939,1.3908,2.1889,-0.1579,0.7756,-0.2544
8.1500,0.9039,-0.2718,-1.4125,2.1983,0.1389,0.7824,0.2588,-0.9068,-0.2935,1.3880,2.1889,-0.1604,0.7746,-0.2564
8.1800,0.9032,-0.2708,-1.4072,2.1999,0.1429,0.7810,0.2620,-0.9090,-0.2909,1.3831,2.1927,-0.1635,0.7719,-0.2600
8.2100,0.9036,-0.2677,-1.4020,2.1978,0.1457,0.7826,0.2660,-0.9066,-0.2929,1.3791,2.1907,-0.1657,0.7771,-0.2599
8.2500,0.9033,-0.2674,-1.3955,2.2010,0.1517,0.7765,0.2701,-0.9076,-0.2915,1.3746,2.1911,-0.1683,0.7778,-0.2625
8.2800,0.9028,-0.2678,-1.3920,2.2012,0.1552,0.7752,0.2723,-0.9078,-0.2907,1.3736,2.1921,-0.1689,0.7778,-0.2635
8.3101,0.9031,-0.2667,-1.3896,2.2036,0.1566,0.7727,0.2736,-0.9098,-0.2895,1.3700,2.1924,-0.1701,0.7776,-0.2648
8.3402,0.9020,-0.2632,-1.3854,2.2028,0.1562,0.7744,0.2744,-0.9116,-0.2897,1.3701,2.1958,-0.1704,0.7759,-0.2649
8.3701,0.9029,-0.2615,-1.3822,2.2039,0.1581,0.7737,0.2767,-0.9122,-0.2878,1.3654,2.1951,-0.1720,0.7768,-0.2666
8.4000,0.9040,-0.2614,-1.3816,2.2064,0.1586,0.7722,0.2771,-0.9137,-0.2867,1.3635,2.1942,-0.1731,0.7787,-0.2685
8.4300,0.9027,-0.2582,-1.3781,2.2047,0.1580,0.7750,0.2777,-0.9161,-0.2886,1.3623,2.1976,-0.1764,0.7747,-0.2702
8.4600,0.9037,-0.2577,-1.3746,2.2054,0.1599,0.7736,0.2790,-0.9189,-0.2892,1.3605,2.1998,-0.1804,0.7724,-0.2738
8.5001,0.9051,-0.2542,-1.3675,2.2088,0.1640,0.7702,0.2836,-0.9197,-0.2917,1.3574,2.2033,-0.1868,0.7695,-0.2777
8.5300,0.9063,-0.2513,-1.3626,2.2071,0.1667,0.7720,0.2875,-0.9213,-0.2919,1.3551,2.2059,-0.1910,0.7673,-0.2814
8.5600,0.9043,-0.2608,-1.3639,2.2108,0.1739,0.7690,0.2884,-0.9219,-0.2944,1.3509,2.2084,-0.1971,0.7659,-0.2848
8.5900,0.9050,-0.2626,-1.3602,2.2131,0.1794,0.7673,0.2918,-0.9224,-0.2955,1.3464,2.2120,-0.2030,0.7609,-0.2884
8.6200,0.9059,-0.2647,-1.3565,2.2146,0.1855,0.7654,0.2957,-0.9240,-0.2972,1.3432,2.2133,-0.2086,0.7598,-0.2924
8.6500,0.9073,-0.2599,-1.3480,2.2129,0.1902,0.7666,0.3021,-0.9258,-0.2932,1.3356,2.2158,-0.2131,0.7573,-0.2976
8.6800,0.9069,-0.2689,-1.3474,2.2179,0.1972,0.7605,0.3021,-0.9246,-0.2986,1.3335,2.2168,-0.2176,0.7558,-0.2976
8.7102,0.9087,-0.2640,-1.3382,2.2183,0.2024,0.7598,0.3086,-0.9246,-0.2987,1.3294,2.2202,-0.2209,0.7542,-0.2996
8.7500,0.9093,-0.2733,-1.3371,2.2230,0.2106,0.7549,0.3100,-0.9277,-0.2952,1.3226,2.2228,-0.2251,0.7529,-0.3047
8.7800,0.9127,-0.2681,-1.3274,2.2238,0.2163,0.7551,0.3174,-0.9268,-0.2980,1.3186,2.2246,-0.2292,0.7520,-0.3055
8.8101,0.9124,-0.2779,-1.3255,2.2254,0.2220,0.7534,0.3157,-0.9297,-0.2930,1.3091,2.2258,-0.2348,0.7511,-0.3125
8.8401,0.9184,-0.2732,-1.3153,2.2322,0.2285,0.7498,0.3232,-0.9254,-0.3044,1.3054,2.2281,-0.2447,0.7502,-0.3132
8.8700,0.9225,-0.2687,-1.3069,2.2320,0.2335,0.7518,0.3302,-0.9245,-0.3093,1.2993,2.2314,-0.2552,0.7506,-0.3191
8.9000,0.9149,-0.2835,-1.3053,2.2322,0.2371,0.7591,0.3227,-0.9307,-0.3044,1.2889,2.2367,-0.2618,0.7484,-0.3271
8.9301,0.9217,-0.2794,-1.2961,2.2376,0.2431,0.7576,0.3301,-0.9227,-0.3122,1.2846,2.2336,-0.2634,0.7568,-0.3217
8.9600,0.9174,-0.2883,-1.2940,2.2365,0.2481,0.7618,0.3285,-0.9228,-0.3090,1.2778,2.2367,-0.2675,0.7523,-0.3252
9.0000,0.9254,-0.2808,-1.2783,2.2414,0.2579,0.7601,0.3405,-0.9238,-0.3080,1.2746,2.2414,-0.2697,0.7478,-0.3264
9.0300,0.9188,-0.2961,-1.2772,2.2421,0.2624,0.7683,0.3341,-0.9247,-0.3071,1.2716,2.2451,-0.2717,0.7443,-0.3277
9.0600,0.9190,-0.2988,-1.2712,2.2434,0.2663,0.7751,0.3356,-0.9229,-0.3036,1.2659,2.2416,-0.2701,0.7474,-0.3266
9.0899,0.9223,-0.2962,-1.2652,2.2467,0.2703,0.7732,0.3399,-0.9215,-0.3034,1.2607,2.2441,-0.2746,0.7442,-0.3290
9.1200,0.9221,-0.2969,-1.2604,2.2488,0.2696,0.7737,0.3369,-0.9210,-0.2986,1.2524,2.2415,-0.2791,0.7440,-0.3344
9.1500,0.9229,-0.2956,-1.2571,2.2509,0.2718,0.7713,0.3386,-0.9186,-0.3039,1.2498,2.2445,-0.2865,0.7361,-0.3359
9.1800,0.9242,-0.2956,-1.2540,2.2520,0.2749,0.7689,0.3407,-0.9179,-0.2993,1.2409,2.2449,-0.2916,0.7326,-0.3408
9.2102,0.9248,-0.2926,-1.2480,2.2519,0.2784,0.7679,0.3446,-0.9134,-0.3053,1.2384,2.2472,-0.3006,0.7258,-0.3433
9.2501,0.9238,-0.2957,-1.2425,2.2561,0.2875,0.7581,0.3482,-0.9113,-0.3045,1.2330,2.2484,-0.3074,0.7182,-0.3474
9.2802,0.9214,-0.2890,-1.2313,2.2502,0.2934,0.7584,0.3552,-0.9082,-0.3010,1.2274,2.2457,-0.3101,0.7162,-0.3500
9.3102,0.9204,-0.2971,-1.2307,2.2580,0.3030,0.7424,0.3560,-0.9067,-0.2982,1.2217,2.2470,-0.3134,0.7120,-0.3523
9.3403,0.9184,-0.2972,-1.2244,2.2582,0.3094,0.7350,0.3587,-0.9036,-0.2957,1.2176,2.2458,-0.3155,0.7092,-0.3536
9.3700,0.9176,-0.2951,-1.2193,2.2593,0.3140,0.7290,0.3619,-0.9001,-0.2934,1.2140,2.2440,-0.3171,0.7067,-0.3545
9.4000,0.9165,-0.2941,-1.2150,2.2597,0.3177,0.7233,0.3637,-0.9031,-0.2920,1.2094,2.2530,-0.3260,0.6891,-0.3604
9.4301,0.9129,-0.2923,-1.2118,2.2598,0.3194,0.7191,0.3638,-0.8991,-0.2870,1.2025,2.2472,-0.3293,0.6888,-0.3642
9.4601,0.9125,-0.2887,-1.2052,2.2612,0.3242,0.7124,0.3678,-0.8989,-0.2875,1.1968,2.2519,-0.3394,0.6721,-0.3695
9.5002,0.9099,-0.2864,-1.2000,2.2624,0.3320,0.7021,0.3733,-0.8923,-0.2888,1.1877,2.2543,-0.3576,0.6537,-0.3804
9.5300,0.9056,-0.2802,-1.1909,2.2560,0.3365,0.7012,0.3783,-0.8874,-0.2882,1.1812,2.2543,-0.3679,0.6392,-0.3857
9.5600,0.9042,-0.2828,-1.1873,2.2645,0.3489,0.6792,0.3837,-0.8775,-0.2798,1.1713,2.2420,-0.3720,0.6385,-0.3903
9.5900,0.9011,-0.2830,-1.1810,2.2657,0.3618,0.6624,0.3912,-0.8779,-0.2801,1.1648,2.2525,-0.3880,0.6057,-0.3983
9.6200,0.8967,-0.2833,-1.1723,2.2675,0.3764,0.6433,0.3990,-0.8722,-0.2736,1.1578,2.2515,-0.3951,0.5905,-0.4032
9.6500,0.8931,-0.2810,-1.1650,2.2681,0.3891,0.6224,0.4064,-0.8620,-0.2673,1.1507,2.2433,-0.3980,0.5866,-0.4047
9.6801,0.8881,-0.2773,-1.1562,2.2670,0.4008,0.6040,0.4135,-0.8592,-0.2610,1.1435,2.2501,-0.4098,0.5618,-0.4130
9.7101,0.8839,-0.2728,-1.1491,2.2651,0.4096,0.5878,0.4191,-0.8491,-0.2549,1.1359,2.2438,-0.4130,0.5561,-0.4143
9.7501,0.8778,-0.2661,-1.1400,2.2635,0.4195,0.5682,0.4251,-0.8395,-0.2482,1.1252,2.2475,-0.4302,0.5295,-0.4259
9.7801,0.8686,-0.2607,-1.1340,2.2563,0.4218,0.5646,0.4262,-0.8289,-0.2444,1.1159,2.2447,-0.4391,0.5153,-0.4297
9.8103,0.8662,-0.2539,-1.1264,2.2594,0.4321,0.5448,0.4340,-0.8185,-0.2346,1.1062,2.2324,-0.4433,0.5132,-0.4341
9.8403,0.8578,-0.2449,-1.1179,2.2464,0.4356,0.5456,0.4389,-0.8095,-0.2351,1.0979,2.2347,-0.4567,0.4911,-0.4396
9.8702,0.8521,-0.2451,-1.1097,2.2528,0.4496,0.5178,0.4440,-0.7987,-0.2293,1.0879,2.2291,-0.4643,0.4801,-0.4435
9.9001,0.8424,-0.2420,-1.1006,2.2487,0.4600,0.5043,0.4495,-0.7894,-0.2216,1.0780,2.2214,-0.4695,0.4705,-0.4462
9.9300,0.8329,-0.2360,-1.0910,2.2443,0.4687,0.4919,0.4546,-0.7786,-0.2119,1.0693,2.2098,-0.4731,0.4671,-0.4496
9.9600,0.8238,-0.2310,-1.0819,2.2385,0.4768,0.4807,0.4592,-0.7694,-0.2092,1.0604,2.2087,-0.4821,0.4530,-0.4533
10.0001,0.8078,-0.2253,-1.0657,2.2296,0.4902,0.4629,0.4650,-0.7525,-0.2061,1.0448,2.2018,-0.4947,0.4415,-0.4587
10.0301,0.7928,-0.2214,-1.0529,2.2241,0.5038,0.4467,0.4717,-0.7372,-0.2036,1.0310,2.1952,-0.5091,0.4254,-0.4656
10.0601,0.7764,-0.2176,-1.0398,2.2177,0.5163,0.4334,0.4774,-0.7216,-0.2014,1.0156,2.1865,-0.5219,0.4124,-0.4708
10.0900,0.7659,-0.2051,-1.0238,2.2115,0.5243,0.4218,0.4827,-0.7074,-0.1929,1.0026,2.1756,-0.5283,0.4056,-0.4737
10.1202,0.7473,-0.2020,-1.0125,2.2007,0.5272,0.4229,0.4804,-0.7007,-0.1783,0.9883,2.1658,-0.5356,0.3996,-0.4816
10.1502,0.7373,-0.1965,-1.0009,2.2038,0.5329,0.4065,0.4798,-0.6839,-0.1780,0.9785,2.1566,-0.5357,0.3986,-0.4750
10.1801,0.7262,-0.1838,-0.9960,2.1883,0.5289,0.4228,0.4805,-0.6748,-0.1699,0.9720,2.1488,-0.5358,0.3987,-0.4747
10.2100,0.7165,-0.1803,-0.9905,2.1844,0.5298,0.4228,0.4792,-0.6696,-0.1613,0.9676,2.1407,-0.5335,0.3996,-0.4733
10.2502,0.7066,-0.1728,-0.9830,2.1767,0.5319,0.4195,0.4797,-0.6612,-0.1522,0.9590,2.1340,-0.5353,0.3948,-0.4737
10.3190,0.6990,-0.1664,-0.9787,2.1690,0.5336,0.4168,0.4808,-0.6571,-0.1442,0.9548,2.1247,-0.5373,0.3957,-0.4774
10.3394,0.6857,-0.1566,-0.9644,2.1577,0.5462,0.3917,0.4867,-0.6411,-0.1426,0.9381,2.1130,-0.5505,0.3709,-0.4798
10.3694,0.6803,-0.1423,-0.9570,2.1405,0.5499,0.3954,0.4945,-0.6314,-0.1373,0.9295,2.1038,-0.5555,0.3614,-0.4811
10.3993,0.6679,-0.1469,-0.9480,2.1412,0.5575,0.3740,0.4912,-0.6212,-0.1342,0.9201,2.0956,-0.5643,0.3507,-0.4856
10.4293,0.6585,-0.1383,-0.9406,2.1326,0.5595,0.3693,0.4916,-0.6163,-0.1204,0.9112,2.0841,-0.5691,0.3485,-0.4923
10.4594,0.6479,-0.1338,-0.9307,2.1255,0.5659,0.3615,0.4942,-0.5988,-0.1240,0.8997,2.0785,-0.5755,0.3347,-0.4888
10.4893,0.6412,-0.1192,-0.9223,2.1106,0.5702,0.3610,0.5009,-0.5868,-0.1172,0.8887,2.0699,-0.5815,0.3268,-0.4911
10.5293,0.6196,-0.1225,-0.9076,2.1066,0.5836,0.3367,0.5013,-0.5797,-0.0928,0.8762,2.0473,-0.5888,0.3264,-0.5028
10.5593,0.6076,-0.1152,-0.8971,2.0965,0.5905,0.3263,0.5044,-0.5589,-0.0974,0.8628,2.0453,-0.5965,0.3013,-0.4973
10.5893,0.5964,-0.1069,-0.8860,2.0838,0.5963,0.3162,0.5067,-0.5506,-0.0802,0.8542,2.0298,-0.6011,0.2979,-0.5034
10.6194,0.5877,-0.0912,-0.8798,2.0660,0.5995,0.3164,0.5122,-0.5341,-0.0731,0.8420,2.0222,-0.6081,0.2773,-0.5034
10.6494,0.5739,-0.0877,-0.8655,2.0613,0.6084,0.2926,0.5124,-0.5263,-0.0543,0.8339,2.0048,-0.6129,0.2748,-0.5102
10.6795,0.5634,-0.0756,-0.8572,2.0495,0.6138,0.2805,0.5158,-0.5096,-0.0465,0.8214,1.9964,-0.6194,0.2552,-0.5103
10.7096,0.5518,-0.0639,-0.8476,2.0358,0.6188,0.2709,0.5188,-0.4982,-0.0300,0.8111,1.9822,-0.6235,0.2437,-0.5129
10.7397,0.5406,-0.0515,-0.8380,2.0218,0.6232,0.2601,0.5210,-0.4858,-0.0159,0.8013,1.9681,-0.6271,0.2356,-0.5148
10.7795,0.5286,-0.0320,-0.8284,2.0037,0.6284,0.2461,0.5253,-0.4725,0.0069,0.7914,1.9490,-0.6323,0.2268,-0.5201
10.8094,0.5181,-0.0166,-0.8199,1.9884,0.6311,0.2394,0.5274,-0.4602,0.0219,0.7811,1.9336,-0.6311,0.2221,-0.5171
10.8396,0.5095,-0.0001,-0.8137,1.9745,0.6323,0.2315,0.5285,-0.4484,0.0374,0.7746,1.9187,-0.6321,0.2172,-0.5175
10.8694,0.4988,0.0155,-0.8063,1.9601,0.6334,0.2260,0.5292,-0.4389,0.0532,0.7685,1.9046,-0.6327,0.2139,-0.5182
10.8994,0.4884,0.0299,-0.8014,1.9465,0.6359,0.2208,0.5316,-0.4296,0.0685,0.7620,1.8934,-0.6360,0.2058,-0.5210
10.9293,0.4781,0.0451,-0.7955,1.9312,0.6354,0.2173,0.5309,-0.4205,0.0813,0.7547,1.8865,-0.6391,0.1948,-0.5226
10.9593,0.4708,0.0623,-0.7876,1.9191,0.6400,0.2100,0.5360,-0.4037,0.0898,0.7542,1.8679,-0.6340,0.2062,-0.5171
10.9893,0.4604,0.0766,-0.7800,1.9101,0.6434,0.1992,0.5381,-0.3954,0.1008,0.7476,1.8629,-0.6366,0.1953,-0.5182
11.0293,0.4352,0.0863,-0.7737,1.8869,0.6366,0.2102,0.5287,-0.3771,0.1094,0.7447,1.8455,-0.6345,0.2055,-0.5152
11.0593,0.4203,0.0978,-0.7666,1.8736,0.6364,0.2108,0.5271,-0.3666,0.1162,0.7403,1.8425,-0.6350,0.1945,-0.5131
11.0893,0.4121,0.1110,-0.7601,1.8656,0.6395,0.2013,0.5294,-0.3587,0.1251,0.7401,1.8326,-0.6357,0.2022,-0.5151
11.1193,0.3957,0.1183,-0.7578,1.8511,0.6365,0.2081,0.5251,-0.3504,0.1270,0.7385,1.8273,-0.6346,0.2047,-0.5128
11.1494,0.3827,0.1274,-0.7543,1.8411,0.6369,0.2075,0.5245,-0.3483,0.1317,0.7335,1.8285,-0.6366,0.1970,-0.5138
11.1794,0.3725,0.1352,-0.7488,1.8386,0.6382,0.1951,0.5231,-0.3356,0.1285,0.7346,1.8196,-0.6331,0.2107,-0.5091
11.2094,0.3584,0.1421,-0.7493,1.8246,0.6374,0.2076,0.5227,-0.3365,0.1347,0.7364,1.8104,-0.6340,0.2166,-0.5125
11.2396,0.3510,0.1506,-0.7434,1.8223,0.6394,0.1965,0.5229,-0.3379,0.1380,0.7363,1.8068,-0.6349,0.2187,-0.5148
11.2794,0.3352,0.1577,-0.7462,1.8083,0.6374,0.2058,0.5210,-0.3259,0.1285,0.7318,1.8099,-0.6322,0.2117,-0.5058
11.3094,0.3256,0.1612,-0.7428,1.8085,0.6373,0.1949,0.5177,-0.3250,0.1298,0.7322,1.8078,-0.6321,0.2123,-0.5059
11.3395,0.3214,0.1696,-0.7474,1.7982,0.6384,0.2030,0.5216,-0.3227,0.1284,0.7318,1.8082,-0.6327,0.2118,-0.5058
11.3694,0.3128,0.1725,-0.7464,1.7958,0.6376,0.1966,0.5187,-0.3226,0.1283,0.7308,1.8070,-0.6325,0.2123,-0.5055
11.3993,0.3118,0.1812,-0.7487,1.7894,0.6403,0.1976,0.5237,-0.3247,0.1293,0.7312,1.8071,-0.6322,0.2120,-0.5057
11.4293,0.3069,0.1833,-0.7489,1.7869,0.6398,0.1987,0.5228,-0.3238,0.1279,0.7307,1.8061,-0.6327,0.2118,-0.5057
11.4594,0.3025,0.1848,-0.7488,1.7844,0.6399,0.1988,0.5225,-0.3253,0.1273,0.7297,1.8083,-0.6332,0.2109,-0.5062
11.4893,0.2976,0.1862,-0.7483,1.7822,0.6395,0.2004,0.5216,-0.3236,0.1242,0.7288,1.8073,-0.6319,0.2137,-0.5040
11.5293,0.2912,0.1837,-0.7453,1.7802,0.6392,0.2034,0.5197,-0.3212,0.1212,0.7273,1.8082,-0.6317,0.2164,-0.5029
11.5593,0.2874,0.1818,-0.7430,1.7798,0.6380,0.2063,0.5173,-0.3202,0.1188,0.7261,1.8075,-0.6315,0.2183,-0.5021
11.5893,0.2845,0.1792,-0.7419,1.7781,0.6369,0.2103,0.5154,-0.3204,0.1169,0.7265,1.8082,-0.6309,0.2196,-0.5013
11.6193,0.2820,0.1772,-0.7394,1.7782,0.6364,0.2125,0.5139,-0.3196,0.1145,0.7263,1.8089,-0.6310,0.2206,-0.5010
11.6494,0.2803,0.1745,-0.7372,1.7774,0.6351,0.2162,0.5117,-0.3157,0.1084,0.7239,1.8099,-0.6296,0.2267,-0.4980
11.6794,0.2778,0.1719,-0.7346,1.7785,0.6345,0.2188,0.5099,-0.3143,0.1037,0.7241,1.8137,-0.6295,0.2286,-0.4969
11.7094,0.2758,0.1689,-0.7326,1.7786,0.6339,0.2215,0.5084,-0.3166,0.1013,0.7203,1.8219,-0.6307,0.2226,-0.4966
11.7394,0.2742,0.1651,-0.7313,1.7783,0.6326,0.2263,0.5062,-0.3110,0.0927,0.7222,1.8218,-0.6296,0.2351,-0.4948
11.7795,0.2799,0.1660,-0.7279,1.7821,0.6348,0.2249,0.5093,-0.3084,0.0815,0.7203,1.8277,-0.6297,0.2392,-0.4925
11.8094,0.2708,0.1553,-0.7276,1.7824,0.6309,0.2344,0.5021,-0.3092,0.0743,0.7198,1.8315,-0.6267,0.2471,-0.4887
11.8396,0.2702,0.1501,-0.7258,1.7854,0.6305,0.2387,0.5008,-0.3108,0.0660,0.7217,1.8357,-0.6208,0.2582,-0.4824
11.8694,0.2685,0.1436,-0.7249,1.7879,0.6285,0.2441,0.4974,-0.3148,0.0566,0.7229,1.8416,-0.6147,0.2702,-0.4762
11.8993,0.2761,0.1419,-0.7221,1.7940,0.6305,0.2438,0.5003,-0.3160,0.0471,0.7245,1.8469,-0.6088,0.2845,-0.4699
11.9293,0.2692,0.1276,-0.7215,1.7938,0.6190,0.2651,0.4855,-0.3197,0.0395,0.7273,1.8529,-0.6037,0.2939,-0.4652
11.9593,0.2706,0.1197,-0.7203,1.7970,0.6108,0.2805,0.4764,-0.3237,0.0307,0.7291,1.8584,-0.5988,0.3054,-0.4604
11.9893,0.2730,0.1093,-0.7181,1.8010,0.6044,0.2958,0.4688,-0.3281,0.0221,0.7300,1.8640,-0.5957,0.3120,-0.4570
12.0293,0.2768,0.0976,-0.7185,1.8079,0.5977,0.3109,0.4615,-0.3317,0.0092,0.7321,1.8737,-0.5939,0.3194,-0.4541
12.0593,0.2788,0.0870,-0.7183,1.8132,0.5962,0.3184,0.4586,-0.3398,0.0047,0.7346,1.8761,-0.5935,0.3265,-0.4567
12.0894,0.2883,0.0823,-0.7178,1.8192,0.5971,0.3221,0.4616,-0.3384,-0.0085,0.7347,1.8868,-0.5947,0.3213,-0.4528
12.1193,0.2857,0.0666,-0.7174,1.8242,0.5959,0.3259,0.4557,-0.3435,-0.0162,0.7360,1.8924,-0.5956,0.3202,-0.4532
12.1494,0.2945,0.0639,-0.7170,1.8277,0.5970,0.3302,0.4594,-0.3468,-0.0254,0.7391,1.8987,-0.5958,0.3209,-0.4527
12.1794,0.2940,0.0489,-0.7175,1.8364,0.5972,0.3271,0.4547,-0.3500,-0.0319,0.7411,1.9048,-0.5955,0.3211,-0.4518
12.2096,0.2979,0.0415,-0.7212,1.8403,0.5954,0.3325,0.4536,-0.3537,-0.0388,0.7445,1.9111,-0.5948,0.3212,-0.4509
12.2396,0.3052,0.0363,-0.7227,1.8445,0.5953,0.3375,0.4554,-0.3547,-0.0483,0.7488,1.9181,-0.5921,0.3230,-0.4466
12.2794,0.3081,0.0211,-0.7234,1.8587,0.5960,0.3325,0.4516,-0.3620,-0.0540,0.7541,1.9261,-0.5910,0.3262,-0.4476
12.3094,0.3122,0.0116,-0.7259,1.8654,0.5940,0.3366,0.4490,-0.3647,-0.0592,0.7581,1.9329,-0.5898,0.3263,-0.4464
12.3396,0.3184,0.0039,-0.7287,1.8716,0.5929,0.3411,0.4489,-0.3670,-0.0657,0.7606,1.9397,-0.5894,0.3273,-0.4455
12.3694,0.3231,-0.0044,-0.7283,1.8836,0.5930,0.3384,0.4469,-0.3656,-0.0730,0.7624,1.9477,-0.5877,0.3241,-0.4406
12.3993,0.3275,-0.0114,-0.7334,1.8855,0.5906,0.3460,0.4463,-0.3683,-0.0774,0.7660,1.9533,-0.5909,0.3262,-0.4453
12.4293,0.3262,-0.0263,-0.7334,1.8959,0.5951,0.3409,0.4457,-0.3697,-0.0834,0.7686,1.9583,-0.5893,0.3272,-0.4429
12.4593,0.3301,-0.0345,-0.7359,1.9019,0.5956,0.3389,0.4452,-0.3710,-0.0866,0.7689,1.9667,-0.5933,0.3234,-0.4463
12.4995,0.3338,-0.0461,-0.7373,1.9109,0.5977,0.3368,0.4453,-0.3683,-0.0955,0.7714,1.9758,-0.5910,0.3192,-0.4398
