time,left_s0,left_s1,left_e0,left_e1,left_w0,left_w1,left_w2,right_s0,right_s1,right_e0,right_e1,right_w0,right_w1,right_w2
0.0000,0.1116,-0.2616,-1.2983,1.3817,-0.0943,0.5609,-0.0680,-0.1213,-0.2657,1.2976,1.3868,0.0928,0.5556,0.0657
0.0202,0.1117,-0.2610,-1.2987,1.3814,-0.0941,0.5617,-0.0671,-0.1223,-0.2640,1.2975,1.3895,0.0925,0.5534,0.0640
0.0501,0.1113,-0.2608,-1.2983,1.3771,-0.0940,0.5655,-0.0672,-0.1208,-0.2701,1.2958,1.3892,0.0928,0.5553,0.0697
0.0803,0.1112,-0.2615,-1.2985,1.3784,-0.0942,0.5643,-0.0678,-0.1188,-0.2718,1.2958,1.3867,0.0932,0.5563,0.0715
0.1000,0.1113,-0.2611,-1.2987,1.3821,-0.0944,0.5604,-0.0677,-0.1200,-0.2689,1.2961,1.3890,0.0933,0.5545,0.0695
0.1300,0.1118,-0.2609,-1.2977,1.3813,-0.0945,0.5594,-0.0682,-0.1197,-0.2690,1.2961,1.3881,0.0933,0.5552,0.0697
0.1601,0.1124,-0.2615,-1.2994,1.3810,-0.0945,0.5607,-0.0673,-0.1202,-0.2695,1.2966,1.3892,0.0932,0.5554,0.0695
0.1901,0.1129,-0.2606,-1.2993,1.3812,-0.0942,0.5608,-0.0664,-0.1194,-0.2685,1.2962,1.3875,0.0930,0.5562,0.0690
0.2102,0.1112,-0.2617,-1.2991,1.3809,-0.0942,0.5608,-0.0674,-0.1184,-0.2704,1.2965,1.3872,0.0935,0.5560,0.0708
0.2402,0.1121,-0.2608,-1.2994,1.3814,-0.0947,0.5608,-0.0674,-0.1177,-0.2697,1.2977,1.3883,0.0934,0.5539,0.0694
0.2700,0.1121,-0.2621,-1.2981,1.3821,-0.0936,0.5612,-0.0673,-0.1166,-0.2696,1.2976,1.3886,0.0934,0.5526,0.0696
0.2901,0.1112,-0.2621,-1.2977,1.3782,-0.0935,0.5643,-0.0677,-0.1166,-0.2716,1.2977,1.3891,0.0926,0.5543,0.0695
0.3202,0.1121,-0.2616,-1.2989,1.3816,-0.0943,0.5602,-0.0675,-0.1160,-0.2706,1.2974,1.3884,0.0924,0.5542,0.0689
0.3509,0.1125,-0.2618,-1.2985,1.3814,-0.0943,0.5605,-0.0678,-0.1155,-0.2745,1.2951,1.3886,0.0901,0.5535,0.0693
0.3803,0.1131,-0.2616,-1.2986,1.3820,-0.0942,0.5604,-0.0675,-0.1133,-0.2809,1.2906,1.3889,0.0836,0.5547,0.0663
0.4000,0.1116,-0.2622,-1.2981,1.3814,-0.0934,0.5597,-0.0671,-0.1130,-0.2870,1.2862,1.3894,0.0781,0.5535,0.0645
0.4300,0.1110,-0.2650,-1.2969,1.3816,-0.0906,0.5616,-0.0654,-0.1101,-0.2953,1.2805,1.3892,0.0702,0.5561,0.0614
0.4600,0.1116,-0.2627,-1.2965,1.3827,-0.0901,0.5605,-0.0633,-0.1078,-0.3051,1.2718,1.3900,0.0589,0.5573,0.0562
0.4901,0.1102,-0.2722,-1.2916,1.3825,-0.0806,0.5624,-0.0578,-0.1052,-0.3157,1.2639,1.3900,0.0479,0.5564,0.0511
0.5100,0.1093,-0.2775,-1.2885,1.3826,-0.0750,0.5621,-0.0545,-0.1026,-0.3228,1.2582,1.3919,0.0403,0.5587,0.0480
0.5401,0.1069,-0.2858,-1.2830,1.3837,-0.0645,0.5616,-0.0471,-0.1002,-0.3327,1.2495,1.3931,0.0296,0.5597,0.0437
0.5700,0.1047,-0.2953,-1.2759,1.3832,-0.0533,0.5623,-0.0405,-0.0967,-0.3403,1.2418,1.3935,0.0206,0.5640,0.0403
0.5901,0.1043,-0.3011,-1.2706,1.3841,-0.0461,0.5619,-0.0364,-0.0995,-0.3363,1.2416,1.4026,0.0197,0.5562,0.0363
0.6201,0.1019,-0.3105,-1.2649,1.3840,-0.0363,0.5609,-0.0311,-0.0905,-0.3510,1.2300,1.3934,0.0104,0.5776,0.0400
0.6501,0.1010,-0.3168,-1.2596,1.3842,-0.0292,0.5644,-0.0276,-0.0885,-0.3565,1.2247,1.3934,0.0070,0.5887,0.0424
0.6802,0.0994,-0.3226,-1.2550,1.3838,-0.0254,0.5724,-0.0288,-0.0954,-0.3527,1.2253,1.4131,0.0059,0.5737,0.0373
0.7000,0.0994,-0.3260,-1.2535,1.3837,-0.0238,0.5777,-0.0296,-0.0849,-0.3648,1.2155,1.3928,0.0018,0.6106,0.0464
0.7301,0.0970,-0.3317,-1.2487,1.3829,-0.0209,0.5899,-0.0325,-0.0828,-0.3678,1.2116,1.3937,-0.0006,0.6234,0.0479
0.7601,0.0963,-0.3376,-1.2452,1.3839,-0.0181,0.6041,-0.0346,-0.0825,-0.3721,1.2080,1.3941,-0.0034,0.6375,0.0491
0.7902,0.0949,-0.3424,-1.2414,1.3836,-0.0154,0.6185,-0.0366,-0.0821,-0.3759,1.2046,1.3950,-0.0056,0.6526,0.0509
0.8101,0.0933,-0.3467,-1.2387,1.3837,-0.0123,0.6275,-0.0369,-0.0872,-0.3770,1.2061,1.4087,-0.0055,0.6437,0.0500
0.8401,0.0917,-0.3524,-1.2339,1.3837,-0.0091,0.6429,-0.0397,-0.0816,-0.3827,1.2009,1.3958,-0.0083,0.6748,0.0540
0.8700,0.0889,-0.3565,-1.2298,1.3838,-0.0060,0.6565,-0.0414,-0.0831,-0.3852,1.1993,1.3971,-0.0090,0.6896,0.0556
0.8901,0.0884,-0.3597,-1.2275,1.3846,-0.0040,0.6656,-0.0424,-0.0836,-0.3872,1.1992,1.3973,-0.0095,0.6981,0.0559
0.9201,0.0860,-0.3637,-1.2237,1.3836,-0.0008,0.6787,-0.0437,-0.0845,-0.3892,1.1986,1.3988,-0.0090,0.7123,0.0585
0.9502,0.0851,-0.3682,-1.2207,1.3853,0.0009,0.6923,-0.0467,-0.0867,-0.3916,1.1991,1.4001,-0.0077,0.7238,0.0612
0.9801,0.0825,-0.3718,-1.2183,1.3855,0.0028,0.7064,-0.0488,-0.0887,-0.3928,1.1996,1.4015,-0.0057,0.7340,0.0645
1.0000,0.0824,-0.3724,-1.2168,1.3854,0.0029,0.7169,-0.0506,-0.0896,-0.3948,1.2007,1.4032,-0.0043,0.7404,0.0671
1.0300,0.0791,-0.3753,-1.2163,1.3867,0.0024,0.7267,-0.0547,-0.0916,-0.3971,1.2013,1.4071,-0.0024,0.7483,0.0711
1.0600,0.0786,-0.3774,-1.2138,1.3874,0.0026,0.7389,-0.0584,-0.0981,-0.4007,1.2040,1.4192,-0.0017,0.7430,0.0717
1.0902,0.0844,-0.3832,-1.2172,1.4079,0.0015,0.7255,-0.0613,-0.0985,-0.4018,1.2038,1.4151,-0.0001,0.7589,0.0747
1.1101,0.0783,-0.3811,-1.2147,1.3902,0.0001,0.7535,-0.0646,-0.0997,-0.4030,1.2043,1.4202,0.0010,0.7608,0.0770
1.1401,0.0832,-0.3832,-1.2165,1.4064,-0.0002,0.7422,-0.0647,-0.1039,-0.4071,1.2058,1.4261,0.0020,0.7625,0.0797
1.1700,0.0779,-0.3852,-1.2151,1.3962,-0.0017,0.7607,-0.0708,-0.1064,-0.4114,1.2067,1.4339,0.0026,0.7636,0.0830
1.1901,0.0781,-0.3863,-1.2158,1.3988,-0.0022,0.7601,-0.0720,-0.1097,-0.4133,1.2074,1.4405,0.0034,0.7612,0.0847
1.2201,0.0805,-0.3896,-1.2151,1.4029,-0.0028,0.7612,-0.0759,-0.1142,-0.4177,1.2098,1.4508,0.0045,0.7600,0.0872
1.2501,0.0835,-0.3925,-1.2169,1.4096,-0.0035,0.7581,-0.0772,-0.1209,-0.4195,1.2119,1.4635,0.0048,0.7536,0.0863
1.2802,0.0838,-0.3967,-1.2173,1.4131,-0.0037,0.7605,-0.0807,-0.1250,-0.4261,1.2121,1.4702,0.0059,0.7546,0.0922
1.3000,0.0859,-0.3998,-1.2174,1.4176,-0.0040,0.7600,-0.0832,-0.1297,-0.4273,1.2136,1.4809,0.0061,0.7483,0.0915
1.3300,0.0887,-0.4038,-1.2187,1.4251,-0.0049,0.7597,-0.0863,-0.1338,-0.4330,1.2137,1.4903,0.0069,0.7483,0.0967
1.3601,0.0957,-0.4064,-1.2212,1.4362,-0.0055,0.7555,-0.0860,-0.1406,-0.4368,1.2169,1.5051,0.0078,0.7407,0.0973
1.3901,0.1021,-0.4102,-1.2241,1.4502,-0.0063,0.7483,-0.0868,-0.1456,-0.4424,1.2173,1.5146,0.0083,0.7389,0.1012
1.4101,0.1063,-0.4117,-1.2256,1.4597,-0.0066,0.7429,-0.0866,-0.1493,-0.4457,1.2186,1.5235,0.0091,0.7364,0.1035
1.4402,0.1053,-0.4198,-1.2223,1.4582,-0.0068,0.7558,-0.0962,-0.1576,-0.4479,1.2215,1.5400,0.0095,0.7277,0.1023
1.4700,0.1111,-0.4251,-1.2229,1.4693,-0.0066,0.7531,-0.0986,-0.1643,-0.4495,1.2237,1.5512,0.0098,0.7227,0.1011
1.4901,0.1154,-0.4264,-1.2243,1.4755,-0.0069,0.7511,-0.0981,-0.1694,-0.4515,1.2258,1.5605,0.0103,0.7184,0.1010
1.5202,0.1193,-0.4337,-1.2248,1.4884,-0.0073,0.7438,-0.1037,-0.1764,-0.4539,1.2285,1.5749,0.0108,0.7107,0.1004
1.5502,0.1276,-0.4390,-1.2256,1.4997,-0.0081,0.7392,-0.1069,-0.1771,-0.4651,1.2261,1.5808,0.0139,0.7109,0.1152
1.5802,0.1343,-0.4429,-1.2261,1.5118,-0.0088,0.7317,-0.1097,-0.1811,-0.4686,1.2268,1.5912,0.0146,0.7047,0.1179
1.6000,0.1388,-0.4440,-1.2276,1.5192,-0.0091,0.7285,-0.1090,-0.1841,-0.4718,1.2276,1.5972,0.0147,0.7008,0.1192
1.6302,0.1444,-0.4448,-1.2291,1.5274,-0.0092,0.7253,-0.1075,-0.1891,-0.4760,1.2278,1.6057,0.0150,0.6922,0.1217
1.6601,0.1504,-0.4559,-1.2286,1.5445,-0.0099,0.7121,-0.1169,-0.1927,-0.4796,1.2289,1.6155,0.0148,0.6854,0.1228
1.6900,0.1566,-0.4557,-1.2297,1.5508,-0.0098,0.7110,-0.1144,-0.1948,-0.4825,1.2295,1.6217,0.0148,0.6794,0.1243
1.7101,0.1615,-0.4639,-1.2293,1.5634,-0.0095,0.6999,-0.1198,-0.1959,-0.4843,1.2291,1.6242,0.0143,0.6745,0.1249
1.7401,0.1681,-0.4642,-1.2309,1.5723,-0.0094,0.6966,-0.1176,-0.1966,-0.4866,1.2300,1.6288,0.0140,0.6702,0.1255
1.7701,0.1757,-0.4622,-1.2315,1.5810,-0.0087,0.6937,-0.1133,-0.1970,-0.4855,1.2294,1.6262,0.0136,0.6728,0.1244
1.7901,0.1762,-0.4763,-1.2291,1.5916,-0.0068,0.6874,-0.1227,-0.1969,-0.4846,1.2289,1.6291,0.0133,0.6694,0.1237
1.8201,0.1815,-0.4751,-1.2296,1.5953,-0.0064,0.6878,-0.1197,-0.1955,-0.4845,1.2286,1.6276,0.0133,0.6698,0.1241
1.8504,0.1851,-0.4841,-1.2295,1.6073,-0.0061,0.6786,-0.1255,-0.1968,-0.4865,1.2293,1.6347,0.0140,0.6581,0.1262
1.8803,0.1907,-0.4836,-1.2305,1.6170,-0.0058,0.6734,-0.1232,-0.1944,-0.4872,1.2291,1.6340,0.0134,0.6539,0.1264
1.9000,0.1916,-0.4825,-1.2301,1.6160,-0.0054,0.6747,-0.1219,-0.1919,-0.4859,1.2278,1.6294,0.0131,0.6560,0.1263
1.9300,0.1935,-0.4893,-1.2291,1.6257,-0.0054,0.6675,-0.1274,-0.1917,-0.4858,1.2275,1.6328,0.0132,0.6435,0.1267
1.9600,0.1942,-0.4883,-1.2287,1.6220,-0.0051,0.6714,-0.1263,-0.1862,-0.4832,1.2247,1.6220,0.0125,0.6488,0.1265
1.9901,0.1991,-0.4922,-1.2288,1.6342,-0.0054,0.6531,-0.1287,-0.1855,-0.4867,1.2237,1.6311,0.0114,0.6274,0.1285
2.0101,0.1997,-0.4908,-1.2282,1.6358,-0.0049,0.6515,-0.1274,-0.1834,-0.4866,1.2228,1.6292,0.0109,0.6211,0.1286
2.0401,0.1999,-0.4942,-1.2266,1.6378,-0.0037,0.6456,-0.1291,-0.1780,-0.4869,1.2200,1.6278,0.0096,0.6119,0.1299
2.0700,0.1951,-0.4917,-1.2241,1.6294,-0.0030,0.6493,-0.1288,-0.1702,-0.4820,1.2155,1.6139,0.0082,0.6176,0.1287
2.0901,0.1991,-0.4943,-1.2256,1.6405,-0.0040,0.6291,-0.1307,-0.1641,-0.4777,1.2118,1.6008,0.0070,0.6242,0.1275
2.1201,0.1930,-0.4895,-1.2214,1.6253,-0.0026,0.6376,-0.1289,-0.1623,-0.4854,1.2094,1.6160,0.0052,0.5898,0.1326
2.1501,0.1950,-0.4939,-1.2207,1.6400,-0.0022,0.6095,-0.1321,-0.1549,-0.4847,1.2049,1.6081,0.0037,0.5825,0.1341
2.1809,0.1897,-0.4894,-1.2170,1.6295,-0.0009,0.6140,-0.1303,-0.1470,-0.4841,1.1994,1.5994,0.0014,0.5768,0.1351
2.2000,0.1867,-0.4866,-1.2148,1.6228,-0.0001,0.6173,-0.1292,-0.1395,-0.4811,1.1961,1.5865,0.0007,0.5824,0.1355
2.2300,0.1857,-0.4930,-1.2139,1.6362,0.0005,0.5916,-0.1338,-0.1281,-0.4757,1.1907,1.5665,-0.0005,0.5910,0.1354
2.2601,0.1814,-0.4929,-1.2092,1.6328,0.0020,0.5856,-0.1354,-0.1214,-0.4799,1.1863,1.5708,-0.0032,0.5684,0.1389
2.2906,0.1744,-0.4918,-1.2042,1.6273,0.0041,0.5833,-0.1360,-0.1109,-0.4787,1.1820,1.5579,-0.0043,0.5656,0.1410
2.3102,0.1699,-0.4913,-1.2021,1.6238,0.0051,0.5826,-0.1365,-0.1025,-0.4761,1.1787,1.5440,-0.0048,0.5715,0.1421
2.3401,0.1621,-0.4874,-1.1982,1.6117,0.0061,0.5868,-0.1362,-0.0946,-0.4744,1.1743,1.5356,-0.0052,0.5647,0.1448
2.3700,0.1522,-0.4828,-1.1936,1.5960,0.0072,0.5927,-0.1363,-0.0832,-0.4723,1.1716,1.5193,-0.0049,0.5639,0.1477
2.3901,0.1480,-0.4880,-1.1913,1.6006,0.0071,0.5772,-0.1424,-0.0731,-0.4705,1.1683,1.5034,-0.0052,0.5708,0.1500
2.4201,0.1372,-0.4856,-1.1874,1.5860,0.0075,0.5820,-0.1444,-0.0653,-0.4644,1.1664,1.4910,-0.0014,0.5633,0.1546
2.4501,0.1289,-0.4816,-1.1853,1.5793,0.0039,0.5750,-0.1504,-0.0550,-0.4610,1.1646,1.4739,0.0012,0.5618,0.1593
2.6005,0.1149,-0.4809,-1.1814,1.5580,0.0036,0.5845,-0.1549,-0.0376,-0.4601,1.1595,1.4443,0.0013,0.5768,0.1651
2.6113,0.0640,-0.4577,-1.1732,1.4884,-0.0082,0.5718,-0.1723,0.0058,-0.4351,1.1550,1.3697,0.0094,0.5618,0.1726
2.6410,0.0522,-0.4523,-1.1712,1.4696,-0.0090,0.5711,-0.1736,0.0299,-0.4323,1.1473,1.3289,0.0089,0.5814,0.1798
2.6710,0.0429,-0.4484,-1.1697,1.4565,-0.0090,0.5706,-0.1738,0.0330,-0.4193,1.1528,1.3211,0.0113,0.5606,0.1715
2.7009,0.0238,-0.4412,-1.1663,1.4284,-0.0087,0.5695,-0.1746,0.0451,-0.4120,1.1528,1.2995,0.0120,0.5621,0.1701
2.7211,0.0115,-0.4387,-1.1621,1.4081,-0.0083,0.5786,-0.1773,0.0561,-0.4081,1.1488,1.2755,0.0114,0.5753,0.1713
2.7510,0.0020,-0.4301,-1.1629,1.3939,-0.0089,0.5703,-0.1740,0.0641,-0.3991,1.1503,1.2649,0.0124,0.5616,0.1676
2.7812,-0.0079,-0.4255,-1.1618,1.3788,-0.0089,0.5704,-0.1736,0.0749,-0.3907,1.1505,1.2427,0.0134,0.5637,0.1655
2.8009,-0.0261,-0.4196,-1.1552,1.3434,-0.0079,0.5883,-0.1759,0.0869,-0.3888,1.1466,1.2189,0.0131,0.5766,0.1687
2.8309,-0.0340,-0.4104,-1.1568,1.3339,-0.0092,0.5709,-0.1725,0.0925,-0.3761,1.1513,1.2074,0.0161,0.5641,0.1625
2.8611,-0.0472,-0.4096,-1.1530,1.3148,-0.0090,0.5785,-0.1771,0.1085,-0.3735,1.1462,1.1754,0.0156,0.5813,0.1668
2.8910,-0.0633,-0.3934,-1.1546,1.2893,-0.0094,0.5737,-0.1689,0.1116,-0.3619,1.1527,1.1678,0.0185,0.5663,0.1586
2.9110,-0.0707,-0.3871,-1.1544,1.2752,-0.0104,0.5733,-0.1679,0.1211,-0.3587,1.1496,1.1494,0.0180,0.5752,0.1599
2.9411,-0.0854,-0.3786,-1.1529,1.2529,-0.0105,0.5735,-0.1664,0.1265,-0.3494,1.1532,1.1383,0.0206,0.5692,0.1558
2.9710,-0.0994,-0.3714,-1.1515,1.2316,-0.0103,0.5730,-0.1651,0.1343,-0.3439,1.1539,1.1217,0.0212,0.5735,0.1536
3.0009,-0.1185,-0.3687,-1.1458,1.1981,-0.0098,0.5891,-0.1705,0.1456,-0.3416,1.1505,1.1017,0.0207,0.5829,0.1563
3.0209,-0.1194,-0.3585,-1.1511,1.1955,-0.0111,0.5775,-0.1613,0.1522,-0.3422,1.1486,1.0901,0.0206,0.5889,0.1596
3.0511,-0.1314,-0.3509,-1.1518,1.1740,-0.0125,0.5768,-0.1601,0.1530,-0.3319,1.1559,1.0883,0.0235,0.5814,0.1504
3.0813,-0.1396,-0.3448,-1.1524,1.1625,-0.0135,0.5781,-0.1587,0.1581,-0.3288,1.1561,1.0761,0.0236,0.5841,0.1490
3.1010,-0.1503,-0.3383,-1.1527,1.1443,-0.0143,0.5808,-0.1573,0.1617,-0.3278,1.1563,1.0701,0.0238,0.5839,0.1490
3.1310,-0.1587,-0.3377,-1.1504,1.1315,-0.0141,0.5862,-0.1603,0.1651,-0.3274,1.1553,1.0629,0.0237,0.5880,0.1501
3.1609,-0.1687,-0.3262,-1.1534,1.1116,-0.0156,0.5914,-0.1538,0.1682,-0.3257,1.1566,1.0588,0.0235,0.5838,0.1475
3.1909,-0.1765,-0.3221,-1.1540,1.0966,-0.0163,0.5933,-0.1528,0.1709,-0.3256,1.1566,1.0568,0.0238,0.5810,0.1487
3.2110,-0.1816,-0.3181,-1.1537,1.0867,-0.0170,0.5927,-0.1524,0.1717,-0.3258,1.1576,1.0559,0.0237,0.5812,0.1477
3.2409,-0.1930,-0.3163,-1.1506,1.0663,-0.0166,0.6025,-0.1555,0.1737,-0.3289,1.1571,1.0565,0.0239,0.5800,0.1512
3.2709,-0.1969,-0.3149,-1.1495,1.0612,-0.0163,0.6036,-0.1560,0.1708,-0.3268,1.1595,1.0580,0.0258,0.5803,0.1502
3.3009,-0.1985,-0.3074,-1.1544,1.0588,-0.0185,0.5940,-0.1499,0.1703,-0.3264,1.1625,1.0595,0.0284,0.5785,0.1517
3.3210,-0.2032,-0.3081,-1.1530,1.0479,-0.0185,0.6010,-0.1525,0.1713,-0.3297,1.1622,1.0575,0.0287,0.5809,0.1549
3.3513,-0.2077,-0.3075,-1.1518,1.0395,-0.0184,0.6052,-0.1538,0.1684,-0.3260,1.1674,1.0583,0.0335,0.5797,0.1555
3.3812,-0.2063,-0.3015,-1.1582,1.0437,-0.0238,0.5937,-0.1528,0.1664,-0.3258,1.1731,1.0597,0.0393,0.5794,0.1600
3.4009,-0.2071,-0.2997,-1.1599,1.0403,-0.0266,0.5916,-0.1553,0.1649,-0.3268,1.1765,1.0593,0.0425,0.5784,0.1626
3.4311,-0.2121,-0.3045,-1.1585,1.0323,-0.0268,0.5970,-0.1615,0.1666,-0.3316,1.1757,1.0494,0.0429,0.5885,0.1675
3.4611,-0.2082,-0.2946,-1.1689,1.0335,-0.0371,0.5903,-0.1622,0.1595,-0.3283,1.1857,1.0601,0.0515,0.5758,0.1698
3.4912,-0.2072,-0.2926,-1.1735,1.0295,-0.0425,0.5882,-0.1657,0.1575,-0.3299,1.1884,1.0599,0.0546,0.5752,0.1734
3.5117,-0.2090,-0.2961,-1.1729,1.0252,-0.0427,0.5922,-0.1695,0.1582,-0.3358,1.1881,1.0576,0.0550,0.5789,0.1788
3.5410,-0.2056,-0.2914,-1.1812,1.0256,-0.0506,0.5858,-0.1716,0.1495,-0.3368,1.1995,1.0651,0.0643,0.5733,0.1832
3.5709,-0.2040,-0.2902,-1.1855,1.0250,-0.0556,0.5823,-0.1756,0.1438,-0.3429,1.2056,1.0707,0.0693,0.5713,0.1896
3.6009,-0.2065,-0.2978,-1.1844,1.0182,-0.0561,0.5894,-0.1834,0.1377,-0.3488,1.2125,1.0777,0.0751,0.5691,0.1964
3.6209,-0.1991,-0.2907,-1.1942,1.0243,-0.0651,0.5803,-0.1838,0.1347,-0.3612,1.2138,1.0880,0.0765,0.5654,0.2058
3.6510,-0.1975,-0.2913,-1.1982,1.0247,-0.0689,0.5792,-0.1868,0.1272,-0.3573,1.2228,1.0916,0.0839,0.5660,0.2067
3.6814,-0.1913,-0.2952,-1.2064,1.0269,-0.0769,0.5764,-0.1948,0.1157,-0.3681,1.2322,1.1058,0.0917,0.5624,0.2171
3.7010,-0.1885,-0.2969,-1.2113,1.0293,-0.0819,0.5749,-0.1999,0.1105,-0.3802,1.2342,1.1154,0.0932,0.5610,0.2254
3.7309,-0.1828,-0.3012,-1.2188,1.0339,-0.0883,0.5729,-0.2063,0.0985,-0.3834,1.2449,1.1288,0.1025,0.5589,0.2323
3.7609,-0.1805,-0.3164,-1.2186,1.0326,-0.0895,0.5810,-0.2191,0.0875,-0.3996,1.2493,1.1463,0.1050,0.5557,0.2420
3.7913,-0.1702,-0.3100,-1.2319,1.0452,-0.1003,0.5680,-0.2193,0.0778,-0.4151,1.2533,1.1591,0.1075,0.5557,0.2517
3.8111,-0.1622,-0.3182,-1.2395,1.0538,-0.1069,0.5632,-0.2281,0.0655,-0.4123,1.2650,1.1755,0.1191,0.5485,0.2580
3.8412,-0.1563,-0.3220,-1.2446,1.0609,-0.1114,0.5596,-0.2331,0.0576,-0.4227,1.2686,1.1876,0.1211,0.5461,0.2640
3.8709,-0.1433,-0.3363,-1.2559,1.0754,-0.1200,0.5560,-0.2455,0.0380,-0.4373,1.2793,1.2144,0.1312,0.5364,0.2790
3.9009,-0.1322,-0.3469,-1.2623,1.0905,-0.1256,0.5500,-0.2551,0.0230,-0.4491,1.2880,1.2355,0.1385,0.5282,0.2894
3.9210,-0.1249,-0.3541,-1.2680,1.1012,-0.1300,0.5483,-0.2616,0.0132,-0.4579,1.2934,1.2495,0.1433,0.5238,0.2974
3.9512,-0.1179,-0.3649,-1.2702,1.1093,-0.1315,0.5491,-0.2687,-0.0014,-0.4711,1.3014,1.2706,0.1504,0.5148,0.3090
3.9815,-0.1029,-0.3740,-1.2803,1.1294,-0.1409,0.5364,-0.2799,-0.0142,-0.4859,1.3077,1.2836,0.1537,0.5162,0.3173
4.0009,-0.0885,-0.3880,-1.2878,1.1480,-0.1465,0.5281,-0.2901,-0.0276,-0.4924,1.3156,1.3068,0.1630,0.5001,0.3284
4.0309,-0.0800,-0.4049,-1.2901,1.1509,-0.1490,0.5368,-0.3025,-0.0433,-0.5066,1.3245,1.3275,0.1698,0.4901,0.3390
4.0610,-0.0601,-0.4193,-1.3017,1.1885,-0.1593,0.5016,-0.3160,-0.0595,-0.5182,1.3334,1.3499,0.1772,0.4819,0.3494
4.0912,-0.0433,-0.4352,-1.3080,1.2094,-0.1650,0.4869,-0.3275,-0.0768,-0.5310,1.3418,1.3694,0.1836,0.4749,0.3590
4.1111,-0.0381,-0.4410,-1.3103,1.2164,-0.1662,0.4857,-0.3306,-0.0864,-0.5384,1.3482,1.3827,0.1875,0.4728,0.3642
4.1414,-0.0144,-0.4602,-1.3212,1.2440,-0.1749,0.4750,-0.3450,-0.1036,-0.5496,1.3571,1.4014,0.1936,0.4691,0.3725
4.1710,0.0031,-0.4754,-1.3302,1.2669,-0.1806,0.4703,-0.3546,-0.1203,-0.5631,1.3672,1.4190,0.1979,0.4676,0.3787
4.2010,0.0222,-0.4909,-1.3384,1.2896,-0.1855,0.4659,-0.3635,-0.1362,-0.5749,1.3763,1.4316,0.2016,0.4703,0.3842
4.2211,0.0352,-0.4993,-1.3455,1.3094,-0.1882,0.4588,-0.3662,-0.1495,-0.5756,1.3864,1.4476,0.2117,0.4612,0.3921
4.2511,0.0526,-0.5147,-1.3530,1.3260,-0.1946,0.4605,-0.3785,-0.1670,-0.5842,1.3981,1.4640,0.2183,0.4577,0.3984
4.2810,0.0713,-0.5290,-1.3622,1.3483,-0.2003,0.4555,-0.3873,-0.1787,-0.5892,1.4064,1.4742,0.2229,0.4567,0.4024
4.3009,0.0841,-0.5380,-1.3691,1.3619,-0.2031,0.4541,-0.3912,-0.1939,-0.6026,1.4163,1.4854,0.2273,0.4596,0.4098
4.3309,0.1026,-0.5493,-1.3800,1.3840,-0.2106,0.4495,-0.4004,-0.2130,-0.6047,1.4315,1.5047,0.2365,0.4489,0.4142
4.3609,0.1206,-0.5619,-1.3897,1.4043,-0.2158,0.4458,-0.4077,-0.2290,-0.6163,1.4416,1.5148,0.2406,0.4529,0.4204
4.3910,0.1389,-0.5742,-1.4006,1.4234,-0.2201,0.4436,-0.4129,-0.2466,-0.6190,1.4562,1.5315,0.2485,0.4432,0.4240
4.4111,0.1524,-0.5791,-1.4081,1.4378,-0.2259,0.4405,-0.4189,-0.2524,-0.6203,1.4611,1.5360,0.2504,0.4432,0.4248
4.4410,0.1703,-0.5876,-1.4195,1.4601,-0.2296,0.4340,-0.4212,-0.2744,-0.6294,1.4774,1.5522,0.2566,0.4404,0.4293
4.4711,0.1839,-0.5927,-1.4270,1.4715,-0.2319,0.4346,-0.4224,-0.2894,-0.6359,1.4901,1.5625,0.2615,0.4369,0.4327
4.5010,0.2064,-0.6090,-1.4401,1.4968,-0.2402,0.4317,-0.4348,-0.2990,-0.6421,1.4966,1.5683,0.2639,0.4390,0.4361
4.5211,0.2179,-0.6123,-1.4465,1.5058,-0.2419,0.4325,-0.4352,-0.3144,-0.6439,1.5084,1.5779,0.2677,0.4346,0.4361
4.5511,0.2305,-0.6168,-1.4547,1.5198,-0.2442,0.4291,-0.4360,-0.3219,-0.6503,1.5135,1.5798,0.2698,0.4388,0.4404
4.5811,0.2470,-0.6244,-1.4651,1.5342,-0.2476,0.4287,-0.4389,-0.3342,-0.6601,1.5223,1.5847,0.2734,0.4437,0.4467
4.6010,0.2584,-0.6356,-1.4706,1.5464,-0.2508,0.4253,-0.4458,-0.3403,-0.6640,1.5259,1.5846,0.2747,0.4486,0.4493
4.6309,0.2799,-0.6452,-1.4841,1.5655,-0.2548,0.4229,-0.4489,-0.3593,-0.6610,1.5452,1.6044,0.2786,0.4296,0.4423
4.6610,0.2950,-0.6525,-1.4947,1.5799,-0.2583,0.4207,-0.4522,-0.3695,-0.6652,1.5524,1.6099,0.2802,0.4288,0.4435
4.6910,0.3055,-0.6573,-1.5013,1.5886,-0.2595,0.4203,-0.4530,-0.3773,-0.6675,1.5600,1.6137,0.2811,0.4289,0.4428
4.7112,0.3200,-0.6635,-1.5115,1.6012,-0.2626,0.4193,-0.4556,-0.3825,-0.6690,1.5628,1.6150,0.2818,0.4318,0.4436
4.7411,0.3333,-0.6699,-1.5212,1.6124,-0.2657,0.4186,-0.4586,-0.3879,-0.6708,1.5673,1.6177,0.2826,0.4284,0.4433
4.7711,0.3467,-0.6766,-1.5296,1.6214,-0.2637,0.4212,-0.4558,-0.3939,-0.6738,1.5729,1.6207,0.2829,0.4281,0.4430
4.8009,0.3570,-0.6808,-1.5365,1.6273,-0.2657,0.4234,-0.4578,-0.3995,-0.6783,1.5772,1.6221,0.2845,0.4309,0.4461
4.8211,0.3646,-0.6857,-1.5430,1.6353,-0.2657,0.4191,-0.4571,-0.4009,-0.6754,1.5808,1.6246,0.2840,0.4293,0.4423
4.8511,0.3744,-0.6902,-1.5500,1.6422,-0.2662,0.4183,-0.4570,-0.4046,-0.6756,1.5832,1.6259,0.2839,0.4319,0.4417
4.8810,0.3828,-0.6938,-1.5563,1.6484,-0.2680,0.4184,-0.4589,-0.4074,-0.6778,1.5851,1.6261,0.2847,0.4338,0.4433
4.9010,0.3862,-0.6950,-1.5584,1.6493,-0.2686,0.4201,-0.4596,-0.4075,-0.6730,1.5874,1.6267,0.2841,0.4377,0.4397
4.9309,0.3954,-0.6992,-1.5661,1.6588,-0.2709,0.4174,-0.4616,-0.4083,-0.6737,1.5890,1.6307,0.2847,0.4342,0.4398
4.9609,0.4006,-0.6995,-1.5708,1.6602,-0.2687,0.4223,-0.4574,-0.4082,-0.6707,1.5889,1.6264,0.2833,0.4463,0.4378
4.9910,0.4065,-0.7025,-1.5767,1.6689,-0.2706,0.4177,-0.4589,-0.4086,-0.6708,1.5894,1.6277,0.2835,0.4453,0.4378
5.0110,0.4082,-0.6994,-1.5780,1.6667,-0.2692,0.4275,-0.4560,-0.4087,-0.6696,1.5900,1.6270,0.2815,0.4548,0.4353
5.0409,0.4120,-0.7004,-1.5823,1.6701,-0.2697,0.4307,-0.4560,-0.4086,-0.6677,1.5890,1.6262,0.2801,0.4592,0.4333
5.0711,0.4142,-0.6990,-1.5837,1.6718,-0.2688,0.4338,-0.4539,-0.4098,-0.6681,1.5884,1.6261,0.2784,0.4622,0.4317
5.1009,0.4175,-0.6974,-1.5886,1.6751,-0.2690,0.4394,-0.4521,-0.4097,-0.6682,1.5880,1.6249,0.2769,0.4663,0.4303
5.1209,0.4192,-0.6978,-1.5899,1.6765,-0.2693,0.4393,-0.4523,-0.4121,-0.6673,1.5900,1.6308,0.2772,0.4623,0.4291
5.1510,0.4218,-0.6971,-1.5908,1.6761,-0.2673,0.4470,-0.4497,-0.4104,-0.6675,1.5880,1.6263,0.2755,0.4721,0.4287
5.1816,0.4223,-0.6973,-1.5912,1.6758,-0.2660,0.4485,-0.4482,-0.4127,-0.6670,1.5890,1.6278,0.2755,0.4726,0.4281
5.2009,0.4236,-0.6977,-1.5913,1.6765,-0.2652,0.4511,-0.4475,-0.4147,-0.6645,1.5888,1.6281,0.2748,0.4741,0.4261
5.2309,0.4263,-0.6986,-1.5946,1.6836,-0.2662,0.4459,-0.4475,-0.4157,-0.6652,1.5890,1.6266,0.2737,0.4826,0.4259
5.2611,0.4256,-0.6961,-1.5935,1.6767,-0.2634,0.4592,-0.4443,-0.4185,-0.6647,1.5891,1.6271,0.2725,0.4871,0.4243
5.2910,0.4278,-0.6957,-1.5950,1.6801,-0.2636,0.4576,-0.4436,-0.4210,-0.6641,1.5907,1.6260,0.2706,0.4940,0.4216
5.3113,0.4287,-0.6933,-1.5945,1.6760,-0.2622,0.4680,-0.4419,-0.4217,-0.6633,1.5914,1.6296,0.2707,0.4909,0.4206
5.3412,0.4291,-0.6922,-1.5952,1.6767,-0.2611,0.4726,-0.4401,-0.4246,-0.6626,1.5911,1.6265,0.2680,0.5065,0.4185
5.3710,0.4304,-0.6906,-1.5961,1.6762,-0.2588,0.4824,-0.4368,-0.4304,-0.6595,1.5938,1.6349,0.2680,0.5031,0.4150
5.4009,0.4322,-0.6896,-1.5973,1.6754,-0.2570,0.4901,-0.4341,-0.4304,-0.6580,1.5930,1.6263,0.2651,0.5256,0.4133
5.4210,0.4329,-0.6875,-1.5984,1.6748,-0.2564,0.4960,-0.4324,-0.4333,-0.6570,1.5946,1.6307,0.2653,0.5237,0.4120
5.4512,0.4346,-0.6843,-1.5987,1.6751,-0.2551,0.5058,-0.4298,-0.4349,-0.6554,1.5943,1.6269,0.2632,0.5401,0.4104
5.4811,0.4402,-0.6848,-1.6036,1.6853,-0.2563,0.4999,-0.4293,-0.4386,-0.6523,1.5957,1.6264,0.2624,0.5511,0.4082
5.5009,0.4364,-0.6795,-1.6012,1.6739,-0.2533,0.5222,-0.4256,-0.4418,-0.6502,1.5978,1.6269,0.2615,0.5625,0.4061
5.5309,0.4384,-0.6764,-1.6034,1.6721,-0.2527,0.5337,-0.4234,-0.4459,-0.6472,1.5994,1.6269,0.2610,0.5749,0.4044
5.5609,0.4458,-0.6763,-1.6086,1.6821,-0.2538,0.5295,-0.4222,-0.4546,-0.6446,1.6037,1.6382,0.2615,0.5710,0.4009
5.5911,0.4420,-0.6710,-1.6060,1.6706,-0.2499,0.5532,-0.4176,-0.4538,-0.6436,1.6006,1.6273,0.2586,0.5951,0.4009
5.6114,0.4444,-0.6679,-1.6082,1.6691,-0.2490,0.5658,-0.4151,-0.4576,-0.6424,1.6023,1.6280,0.2568,0.6086,0.3985
5.6411,0.4498,-0.6685,-1.6118,1.6741,-0.2498,0.5650,-0.4149,-0.4623,-0.6388,1.6030,1.6281,0.2547,0.6234,0.3949
5.6710,0.4510,-0.6617,-1.6112,1.6662,-0.2464,0.5916,-0.4095,-0.4684,-0.6386,1.6037,1.6292,0.2519,0.6368,0.3924
5.6910,0.4579,-0.6624,-1.6167,1.6773,-0.2479,0.5858,-0.4089,-0.4717,-0.6385,1.6039,1.6309,0.2496,0.6470,0.3903
5.7212,0.4557,-0.6594,-1.6133,1.6649,-0.2418,0.6149,-0.4037,-0.4756,-0.6362,1.6046,1.6321,0.2483,0.6569,0.3880
5.7511,0.4603,-0.6568,-1.6142,1.6638,-0.2397,0.6305,-0.4007,-0.4810,-0.6380,1.6035,1.6349,0.2425,0.6761,0.3843
5.7814,0.4639,-0.6560,-1.6149,1.6642,-0.2359,0.6469,-0.3965,-0.4906,-0.6337,1.6065,1.6469,0.2424,0.6727,0.3789
5.8011,0.4673,-0.6554,-1.6156,1.6640,-0.2336,0.6574,-0.3941,-0.4904,-0.6369,1.6017,1.6393,0.2365,0.6974,0.3790
5.8309,0.4713,-0.6557,-1.6153,1.6629,-0.2284,0.6748,-0.3894,-0.4973,-0.6372,1.5985,1.6442,0.2292,0.7197,0.3738
5.8609,0.4751,-0.6560,-1.6159,1.6633,-0.2237,0.6900,-0.3847,-0.5029,-0.6388,1.5964,1.6477,0.2230,0.7363,0.3696
5.8912,0.4792,-0.6560,-1.6151,1.6644,-0.2191,0.7081,-0.3811,-0.5071,-0.6376,1.5939,1.6509,0.2174,0.7546,0.3647
5.9110,0.4837,-0.6556,-1.6135,1.6642,-0.2149,0.7191,-0.3773,-0.5105,-0.6391,1.5916,1.6539,0.2127,0.7668,0.3622
5.9410,0.4873,-0.6573,-1.6132,1.6628,-0.2095,0.7365,-0.3733,-0.5154,-0.6383,1.5877,1.6585,0.2060,0.7854,0.3569
5.9710,0.4918,-0.6577,-1.6113,1.6635,-0.2027,0.7559,-0.3676,-0.5197,-0.6383,1.5840,1.6627,0.1995,0.8027,0.3521
5.9913,0.4927,-0.6573,-1.6101,1.6649,-0.2005,0.7618,-0.3654,-0.5221,-0.6374,1.5815,1.6664,0.1946,0.8152,0.3474
6.0210,0.4984,-0.6591,-1.6085,1.6644,-0.1912,0.7868,-0.3579,-0.5263,-0.6345,1.5777,1.6713,0.1890,0.8337,0.3418
6.0511,0.5009,-0.6592,-1.6070,1.6644,-0.1875,0.7985,-0.3551,-0.5300,-0.6329,1.5733,1.6760,0.1833,0.8501,0.3372
6.0812,0.5058,-0.6592,-1.6051,1.6660,-0.1800,0.8233,-0.3486,-0.5333,-0.6317,1.5705,1.6793,0.1795,0.8600,0.3338
6.1009,0.5083,-0.6582,-1.6030,1.6673,-0.1760,0.8355,-0.3448,-0.5346,-0.6291,1.5663,1.6845,0.1741,0.8749,0.3282
6.1310,0.5125,-0.6566,-1.6002,1.6696,-0.1706,0.8521,-0.3395,-0.5454,-0.6251,1.5686,1.7022,0.1738,0.8668,0.3216
6.1609,0.5152,-0.6542,-1.5983,1.6721,-0.1661,0.8666,-0.3338,-0.5392,-0.6236,1.5578,1.6929,0.1638,0.9044,0.3178
6.1910,0.5171,-0.6520,-1.5942,1.6750,-0.1609,0.8820,-0.3289,-0.5427,-0.6201,1.5527,1.6956,0.1583,0.9177,0.3117
6.2111,0.5198,-0.6499,-1.5911,1.6768,-0.1579,0.8914,-0.3259,-0.5479,-0.6180,1.5536,1.7070,0.1581,0.9109,0.3081
6.2410,0.5224,-0.6474,-1.5874,1.6792,-0.1525,0.9050,-0.3199,-0.5443,-0.6142,1.5447,1.7018,0.1502,0.9368,0.3023
6.2713,0.5251,-0.6450,-1.5821,1.6825,-0.1473,0.9174,-0.3151,-0.5525,-0.6100,1.5447,1.7166,0.1491,0.9292,0.2958
6.2909,0.5264,-0.6432,-1.5800,1.6848,-0.1442,0.9245,-0.3111,-0.5472,-0.6085,1.5346,1.7082,0.1412,0.9512,0.2926
6.3210,0.5290,-0.6403,-1.5750,1.6883,-0.1395,0.9342,-0.3062,-0.5481,-0.6050,1.5296,1.7123,0.1368,0.9584,0.2874
6.3510,0.5293,-0.6364,-1.5702,1.6910,-0.1352,0.9450,-0.3007,-0.5568,-0.5984,1.5272,1.7284,0.1343,0.9501,0.2782
6.3812,0.5312,-0.6328,-1.5650,1.6943,-0.1307,0.9531,-0.2954,-0.5492,-0.6007,1.5198,1.7191,0.1271,0.9682,0.2775
6.4009,0.5317,-0.6305,-1.5624,1.6966,-0.1276,0.9576,-0.2911,-0.5572,-0.5918,1.5144,1.7342,0.1231,0.9604,0.2661
6.4311,0.5335,-0.6294,-1.5582,1.6993,-0.1239,0.9604,-0.2879,-0.5519,-0.5961,1.5059,1.7288,0.1131,0.9759,0.2639
6.4609,0.5348,-0.6246,-1.5502,1.7042,-0.1159,0.9668,-0.2781,-0.5521,-0.5945,1.4995,1.7335,0.1048,0.9776,0.2555
6.4912,0.5350,-0.6230,-1.5440,1.7091,-0.1095,0.9714,-0.2724,-0.5563,-0.5888,1.4953,1.7425,0.1019,0.9723,0.2483
6.5113,0.5378,-0.6198,-1.5421,1.7139,-0.1081,0.9692,-0.2684,-0.5516,-0.5908,1.4886,1.7425,0.0910,0.9815,0.2409
6.5411,0.5365,-0.6172,-1.5329,1.7162,-0.0982,0.9802,-0.2594,-0.5555,-0.5865,1.4857,1.7496,0.0888,0.9776,0.2353
6.5709,0.5371,-0.6141,-1.5257,1.7213,-0.0907,0.9832,-0.2511,-0.5530,-0.5872,1.4767,1.7538,0.0786,0.9850,0.2290
6.5912,0.5373,-0.6124,-1.5217,1.7255,-0.0860,0.9850,-0.2459,-0.5535,-0.5872,1.4748,1.7570,0.0760,0.9855,0.2268
6.6210,0.5437,-0.6060,-1.5179,1.7400,-0.0830,0.9759,-0.2374,-0.5546,-0.5851,1.4676,1.7650,0.0686,0.9843,0.2199
6.6510,0.5368,-0.6039,-1.5100,1.7368,-0.0765,0.9890,-0.2331,-0.5596,-0.5808,1.4648,1.7758,0.0663,0.9776,0.2139
6.6812,0.5370,-0.6007,-1.5041,1.7419,-0.0718,0.9905,-0.2278,-0.5552,-0.5830,1.4594,1.7762,0.0599,0.9855,0.2119
6.7009,0.5386,-0.5977,-1.5011,1.7462,-0.0697,0.9920,-0.2241,-0.5568,-0.5825,1.4547,1.7816,0.0537,0.9852,0.2062
6.7309,0.5382,-0.5946,-1.4957,1.7523,-0.0648,0.9928,-0.2183,-0.5652,-0.5768,1.4513,1.7974,0.0503,0.9760,0.1978
6.7610,0.5384,-0.5913,-1.4900,1.7584,-0.0597,0.9930,-0.2123,-0.5591,-0.5819,1.4474,1.7914,0.0425,0.9864,0.1956
6.7911,0.5445,-0.5853,-1.4858,1.7714,-0.0564,0.9850,-0.2042,-0.5622,-0.5821,1.4421,1.7999,0.0329,0.9885,0.1866
6.8110,0.5405,-0.5864,-1.4820,1.7689,-0.0505,0.9932,-0.2005,-0.5619,-0.5825,1.4403,1.8044,0.0285,0.9881,0.1824
6.8411,0.5409,-0.5830,-1.4775,1.7758,-0.0449,0.9927,-0.1928,-0.5637,-0.5836,1.4376,1.8082,0.0241,0.9882,0.1793
6.8709,0.5415,-0.5812,-1.4728,1.7817,-0.0390,0.9929,-0.1865,-0.5683,-0.5840,1.4339,1.8178,0.0137,0.9868,0.1682
6.8910,0.5433,-0.5794,-1.4711,1.7859,-0.0355,0.9931,-0.1812,-0.5727,-0.5807,1.4313,1.8261,0.0114,0.9816,0.1634
6.9211,0.5444,-0.5781,-1.4676,1.7938,-0.0284,0.9891,-0.1727,-0.5730,-0.5841,1.4302,1.8297,0.0011,0.9826,0.1538
6.9512,0.5490,-0.5728,-1.4632,1.8042,-0.0251,0.9821,-0.1659,-0.5762,-0.5855,1.4281,1.8357,-0.0027,0.9820,0.1513
6.9810,0.5482,-0.5745,-1.4604,1.8077,-0.0155,0.9853,-0.1567,-0.5811,-0.5871,1.4249,1.8450,-0.0113,0.9777,0.1434
7.0009,0.5506,-0.5721,-1.4584,1.8130,-0.0140,0.9817,-0.1536,-0.5839,-0.5884,1.4237,1.8504,-0.0150,0.9755,0.1403
7.0309,0.5518,-0.5734,-1.4566,1.8192,-0.0060,0.9812,-0.1453,-0.5900,-0.5845,1.4206,1.8617,-0.0180,0.9685,0.1344
7.0610,0.5566,-0.5701,-1.4543,1.8302,-0.0037,0.9739,-0.1406,-0.5907,-0.5920,1.4192,1.8660,-0.0258,0.9688,0.1322
7.0911,0.5622,-0.5668,-1.4521,1.8429,-0.0015,0.9655,-0.1356,-0.5938,-0.5890,1.4163,1.8712,-0.0281,0.9657,0.1281
7.1111,0.5647,-0.5636,-1.4491,1.8454,0.0006,0.9647,-0.1316,-0.5961,-0.5949,1.4152,1.8783,-0.0332,0.9628,0.1276
7.1412,0.5623,-0.5761,-1.4476,1.8473,0.0100,0.9688,-0.1323,-0.5998,-0.5963,1.4133,1.8832,-0.0368,0.9586,0.1252
7.1709,0.5649,-0.5770,-1.4454,1.8548,0.0145,0.9631,-0.1286,-0.6084,-0.5914,1.4094,1.8976,-0.0408,0.9502,0.1177
7.1911,0.5696,-0.5757,-1.4451,1.8646,0.0155,0.9569,-0.1260,-0.6053,-0.5996,1.4082,1.8990,-0.0469,0.9540,0.1185
7.2210,0.5688,-0.5770,-1.4436,1.8656,0.0189,0.9591,-0.1238,-0.6088,-0.5952,1.4035,1.9064,-0.0504,0.9486,0.1128
7.2512,0.5732,-0.5738,-1.4410,1.8740,0.0212,0.9538,-0.1193,-0.6098,-0.6042,1.4028,1.9143,-0.0580,0.9463,0.1121
7.2810,0.5804,-0.5693,-1.4374,1.8884,0.0247,0.9448,-0.1126,-0.6151,-0.6003,1.3990,1.9227,-0.0613,0.9412,0.1064
7.3010,0.5841,-0.5692,-1.4382,1.8946,0.0248,0.9416,-0.1116,-0.6150,-0.6078,1.3970,1.9262,-0.0672,0.9411,0.1070
7.3309,0.5807,-0.5842,-1.4347,1.8980,0.0363,0.9456,-0.1131,-0.6170,-0.6085,1.3938,1.9355,-0.0729,0.9361,0.1026
7.3610,0.5833,-0.5858,-1.4321,1.9024,0.0410,0.9438,-0.1101,-0.6183,-0.6111,1.3912,1.9424,-0.0783,0.9311,0.1002
7.3909,0.5856,-0.5898,-1.4273,1.9133,0.0515,0.9366,-0.1035,-0.6202,-0.6121,1.3870,1.9508,-0.0855,0.9255,0.0949
7.4111,0.5862,-0.5909,-1.4263,1.9169,0.0535,0.9359,-0.1025,-0.6242,-0.6089,1.3836,1.9592,-0.0885,0.9195,0.0905
7.4410,0.5896,-0.5934,-1.4210,1.9271,0.0624,0.9281,-0.0969,-0.6219,-0.6124,1.3810,1.9653,-0.0962,0.9154,0.0865
7.4711,0.5934,-0.5887,-1.4157,1.9353,0.0663,0.9219,-0.0910,-0.6235,-0.6141,1.3773,1.9736,-0.1033,0.9083,0.0818
7.4910,0.5944,-0.5951,-1.4157,1.9412,0.0721,0.9179,-0.0896,-0.6237,-0.6102,1.3719,1.9764,-0.1066,0.9044,0.0779
7.5209,0.5957,-0.5968,-1.4124,1.9497,0.0782,0.9103,-0.0859,-0.6253,-0.6132,1.3696,1.9866,-0.1140,0.8942,0.0737
7.5511,0.5984,-0.5936,-1.4087,1.9562,0.0810,0.9052,-0.0818,-0.6262,-0.6103,1.3653,1.9947,-0.1170,0.8859,0.0709
7.5813,0.5999,-0.5978,-1.4074,1.9642,0.0886,0.8964,-0.0773,-0.6270,-0.6071,1.3609,1.9987,-0.1198,0.8816,0.0675
7.6011,0.6017,-0.5991,-1.4035,1.9712,0.0956,0.8883,-0.0725,-0.6274,-0.6074,1.3609,2.0084,-0.1280,0.8710,0.0590
7.6310,0.6029,-0.5988,-1.4008,1.9773,0.0994,0.8826,-0.0695,-0.6287,-0.6044,1.3568,2.0134,-0.1308,0.8659,0.0558
7.6609,0.6038,-0.5940,-1.3941,1.9871,0.1037,0.8723,-0.0647,-0.6300,-0.5997,1.3499,2.0232,-0.1355,0.8557,0.0511
7.6909,0.6063,-0.5969,-1.3932,1.9968,0.1120,0.8608,-0.0582,-0.6311,-0.5999,1.3479,2.0324,-0.1458,0.8468,0.0409
7.7110,0.6063,-0.5944,-1.3895,2.0006,0.1143,0.8563,-0.0558,-0.6315,-0.5989,1.3456,2.0373,-0.1502,0.8409,0.0367
7.7411,0.6084,-0.5944,-1.3870,2.0100,0.1229,0.8460,-0.0474,-0.6335,-0.5963,1.3410,2.0451,-0.1577,0.8321,0.0288
7.7711,0.6103,-0.5922,-1.3832,2.0179,0.1287,0.8358,-0.0413,-0.6342,-0.5916,1.3339,2.0512,-0.1623,0.8247,0.0242
7.7909,0.6114,-0.5915,-1.3800,2.0234,0.1344,0.8308,-0.0359,-0.6349,-0.5934,1.3338,2.0584,-0.1706,0.8154,0.0169
7.8210,0.6116,-0.5900,-1.3765,2.0306,0.1415,0.8201,-0.0291,-0.6374,-0.5903,1.3291,2.0665,-0.1777,0.8047,0.0095
7.8512,0.6120,-0.5881,-1.3734,2.0353,0.1462,0.8133,-0.0243,-0.6377,-0.5873,1.3257,2.0735,-0.1848,0.7936,0.0020
7.8812,0.6135,-0.5858,-1.3690,2.0437,0.1543,0.8017,-0.0160,-0.6371,-0.5839,1.3201,2.0782,-0.1882,0.7871,-0.0007
7.9009,0.6150,-0.5832,-1.3648,2.0521,0.1618,0.7894,-0.0082,-0.6401,-0.5825,1.3199,2.0854,-0.1955,0.7757,-0.0093
7.9309,0.6164,-0.5800,-1.3618,2.0595,0.1682,0.7790,-0.0006,-0.6401,-0.5809,1.3169,2.0907,-0.1975,0.7697,-0.0104
7.9610,0.6176,-0.5764,-1.3569,2.0654,0.1742,0.7663,0.0055,-0.6426,-0.5739,1.3136,2.0973,-0.2052,0.7567,-0.0218
7.9914,0.6192,-0.5730,-1.3549,2.0726,0.1799,0.7584,0.0132,-0.6432,-0.5719,1.3119,2.1012,-0.2094,0.7487,-0.0262
8.0110,0.6216,-0.5711,-1.3519,2.0781,0.1840,0.7506,0.0174,-0.6435,-0.5677,1.3088,2.1061,-0.2144,0.7386,-0.0323
8.0410,0.6238,-0.5685,-1.3502,2.0827,0.1876,0.7412,0.0219,-0.6434,-0.5651,1.3054,2.1099,-0.2200,0.7327,-0.0383
8.0713,0.6265,-0.5649,-1.3471,2.0901,0.1946,0.7286,0.0303,-0.6421,-0.5641,1.3030,2.1129,-0.2213,0.7283,-0.0385
8.0912,0.6264,-0.5639,-1.3453,2.0919,0.1957,0.7264,0.0312,-0.6434,-0.5620,1.3013,2.1157,-0.2262,0.7251,-0.0447
8.1211,0.6287,-0.5584,-1.3420,2.0993,0.2031,0.7165,0.0414,-0.6430,-0.5562,1.2975,2.1200,-0.2309,0.7206,-0.0518
8.1511,0.6301,-0.5567,-1.3392,2.1038,0.2051,0.7124,0.0433,-0.6422,-0.5551,1.2951,2.1216,-0.2331,0.7181,-0.0536
8.1812,0.6316,-0.5513,-1.3373,2.1076,0.2107,0.7070,0.0525,-0.6416,-0.5511,1.2896,2.1243,-0.2370,0.7153,-0.0580
8.2009,0.6354,-0.5500,-1.3345,2.1185,0.2134,0.6985,0.0545,-0.6416,-0.5499,1.2889,2.1252,-0.2382,0.7148,-0.0598
8.2309,0.6343,-0.5419,-1.3306,2.1170,0.2184,0.7015,0.0649,-0.6395,-0.5458,1.2844,2.1276,-0.2425,0.7110,-0.0647
8.2610,0.6366,-0.5394,-1.3267,2.1220,0.2212,0.6973,0.0679,-0.6403,-0.5420,1.2790,2.1279,-0.2458,0.7095,-0.0688
8.2910,0.6370,-0.5380,-1.3235,2.1279,0.2233,0.6911,0.0691,-0.6383,-0.5427,1.2764,2.1318,-0.2519,0.7038,-0.0729
8.3110,0.6368,-0.5315,-1.3200,2.1276,0.2266,0.6936,0.0764,-0.6376,-0.5399,1.2735,2.1336,-0.2546,0.7007,-0.0760
8.3410,0.6379,-0.5293,-1.3176,2.1299,0.2288,0.6924,0.0795,-0.6369,-0.5402,1.2695,2.1354,-0.2609,0.6957,-0.0805
8.3709,0.6387,-0.5259,-1.3121,2.1334,0.2322,0.6881,0.0830,-0.6354,-0.5372,1.2643,2.1372,-0.2638,0.6912,-0.0825
8.3911,0.6398,-0.5216,-1.3053,2.1374,0.2364,0.6832,0.0874,-0.6347,-0.5366,1.2628,2.1402,-0.2696,0.6867,-0.0880
8.4211,0.6382,-0.5221,-1.3009,2.1398,0.2461,0.6811,0.0960,-0.6333,-0.5340,1.2583,2.1418,-0.2721,0.6828,-0.0897
8.4511,0.6417,-0.5170,-1.2935,2.1436,0.2510,0.6779,0.1023,-0.6324,-0.5341,1.2572,2.1450,-0.2793,0.6770,-0.0964
8.4812,0.6392,-0.5207,-1.2901,2.1486,0.2596,0.6751,0.1075,-0.6312,-0.5332,1.2544,2.1465,-0.2830,0.6734,-0.0993
8.5010,0.6384,-0.5202,-1.2836,2.1518,0.2644,0.6751,0.1107,-0.6330,-0.5310,1.2496,2.1537,-0.2864,0.6663,-0.1016
8.5309,0.6380,-0.5223,-1.2751,2.1553,0.2734,0.6761,0.1163,-0.6281,-0.5295,1.2445,2.1521,-0.2926,0.6695,-0.1073
8.5610,0.6369,-0.5229,-1.2643,2.1603,0.2819,0.6780,0.1214,-0.6281,-0.5256,1.2376,2.1562,-0.2969,0.6634,-0.1107
8.5910,0.6359,-0.5262,-1.2543,2.1641,0.2936,0.6785,0.1286,-0.6227,-0.5288,1.2318,2.1562,-0.3066,0.6614,-0.1160
8.6111,0.6361,-0.5281,-1.2497,2.1667,0.2987,0.6803,0.1317,-0.6214,-0.5276,1.2278,2.1580,-0.3119,0.6556,-0.1197
8.6410,0.6339,-0.5281,-1.2343,2.1728,0.3097,0.6839,0.1380,-0.6194,-0.5258,1.2218,2.1601,-0.3173,0.6498,-0.1230
8.6709,0.6333,-0.5266,-1.2242,2.1772,0.3141,0.6878,0.1402,-0.6161,-0.5234,1.2102,2.1633,-0.3284,0.6356,-0.1290
8.6910,0.6334,-0.5245,-1.2197,2.1811,0.3171,0.6827,0.1419,-0.6144,-0.5182,1.2023,2.1627,-0.3327,0.6320,-0.1329
8.7211,0.6321,-0.5202,-1.2129,2.1805,0.3208,0.6800,0.1454,-0.6101,-0.5202,1.1970,2.1685,-0.3406,0.6197,-0.1349
8.7510,0.6330,-0.5156,-1.2037,2.1892,0.3275,0.6586,0.1476,-0.6062,-0.5161,1.1878,2.1719,-0.3492,0.6050,-0.1396
8.7813,0.6290,-0.5106,-1.1963,2.1855,0.3311,0.6565,0.1506,-0.6006,-0.5086,1.1759,2.1706,-0.3553,0.5977,-0.1436
8.8009,0.6247,-0.5049,-1.1887,2.1801,0.3347,0.6556,0.1541,-0.5970,-0.5072,1.1669,2.1801,-0.3678,0.5758,-0.1496
8.8309,0.6253,-0.5075,-1.1800,2.1988,0.3550,0.6142,0.1631,-0.5929,-0.5010,1.1568,2.1846,-0.3761,0.5592,-0.1543
8.8609,0.6186,-0.4994,-1.1687,2.1922,0.3604,0.6113,0.1675,-0.5856,-0.4963,1.1451,2.1886,-0.3867,0.5428,-0.1594
8.8910,0.6186,-0.4986,-1.1617,2.2049,0.3744,0.5799,0.1742,-0.5790,-0.4890,1.1331,2.1917,-0.3969,0.5244,-0.1652
8.9110,0.6163,-0.4960,-1.1564,2.2081,0.3806,0.5688,0.1778,-0.5746,-0.4859,1.1243,2.1939,-0.4046,0.5141,-0.1692
8.9411,0.6128,-0.4909,-1.1477,2.2107,0.3894,0.5512,0.1828,-0.5674,-0.4790,1.1137,2.1965,-0.4159,0.4958,-0.1763
8.9711,0.6088,-0.4859,-1.1381,2.2142,0.3996,0.5337,0.1889,-0.5597,-0.4723,1.1013,2.1992,-0.4270,0.4785,-0.1826
8.9911,0.6030,-0.4802,-1.1299,2.2101,0.4034,0.5300,0.1912,-0.5549,-0.4678,1.0925,2.1999,-0.4352,0.4669,-0.1876
9.0210,0.6001,-0.4764,-1.1193,2.2179,0.4182,0.5036,0.1999,-0.5472,-0.4600,1.0793,2.2009,-0.4465,0.4488,-0.1942
9.0513,0.5911,-0.4681,-1.1075,2.2119,0.4235,0.4977,0.2028,-0.5388,-0.4528,1.0673,2.2029,-0.4566,0.4305,-0.1993
9.0812,0.5870,-0.4633,-1.0975,2.2226,0.4413,0.4666,0.2142,-0.5323,-0.4450,1.0548,2.2046,-0.4668,0.4145,-0.2057
9.1009,0.5800,-0.4569,-1.0888,2.2177,0.4451,0.4623,0.2163,-0.5259,-0.4380,1.0474,2.1975,-0.4700,0.4124,-0.2081
9.1310,0.5764,-0.4500,-1.0776,2.2242,0.4594,0.4352,0.2255,-0.5207,-0.4306,1.0353,2.2021,-0.4825,0.3878,-0.2155
9.1609,0.5691,-0.4406,-1.0679,2.2247,0.4685,0.4161,0.2314,-0.5126,-0.4216,1.0244,2.1959,-0.4874,0.3819,-0.2185
9.1912,0.5639,-0.4350,-1.0597,2.2222,0.4724,0.4108,0.2335,-0.5060,-0.4152,1.0123,2.1997,-0.5008,0.3606,-0.2271
9.2112,0.5570,-0.4283,-1.0486,2.2253,0.4843,0.3913,0.2409,-0.5004,-0.4110,1.0041,2.2006,-0.5045,0.3519,-0.2276
9.2411,0.5525,-0.4221,-1.0405,2.2251,0.4902,0.3810,0.2447,-0.4948,-0.4044,0.9938,2.2000,-0.5162,0.3383,-0.2367
9.2711,0.5429,-0.4112,-1.0270,2.2266,0.5024,0.3616,0.2530,-0.4899,-0.3975,0.9865,2.1948,-0.5195,0.3350,-0.2393
9.2910,0.5375,-0.4064,-1.0193,2.2252,0.5058,0.3553,0.2542,-0.4823,-0.3933,0.9751,2.1984,-0.5332,0.3160,-0.2480
9.3211,0.5289,-0.3997,-1.0106,2.2251,0.5181,0.3397,0.2634,-0.4757,-0.3854,0.9636,2.1964,-0.5385,0.3068,-0.2506
9.3512,0.5215,-0.3918,-0.9981,2.2262,0.5278,0.3260,0.2698,-0.4710,-0.3821,0.9554,2.1973,-0.5495,0.2944,-0.2589
9.3815,0.5126,-0.3844,-0.9870,2.2240,0.5386,0.3111,0.2771,-0.4627,-0.3737,0.9406,2.1950,-0.5616,0.2793,-0.2672
9.4009,0.5074,-0.3794,-0.9799,2.2219,0.5417,0.3055,0.2784,-0.4577,-0.3689,0.9327,2.1950,-0.5675,0.2723,-0.2711
9.4309,0.4996,-0.3722,-0.9701,2.2213,0.5538,0.2912,0.2878,-0.4510,-0.3623,0.9221,2.1922,-0.5740,0.2617,-0.2748
9.4609,0.4911,-0.3639,-0.9588,2.2171,0.5586,0.2825,0.2900,-0.4471,-0.3572,0.9135,2.1908,-0.5787,0.2543,-0.2776
9.4910,0.4841,-0.3577,-0.9477,2.2165,0.5706,0.2685,0.2989,-0.4426,-0.3442,0.8998,2.1847,-0.5859,0.2470,-0.2840
9.5109,0.4800,-0.3527,-0.9410,2.2137,0.5741,0.2619,0.3009,-0.4327,-0.3449,0.8889,2.1861,-0.5894,0.2361,-0.2820
9.5410,0.4710,-0.3452,-0.9297,2.2096,0.5789,0.2520,0.3026,-0.4256,-0.3399,0.8766,2.1842,-0.5931,0.2284,-0.2824
9.5709,0.4640,-0.3381,-0.9201,2.2058,0.5833,0.2412,0.3045,-0.4234,-0.3294,0.8640,2.1824,-0.5999,0.2197,-0.2880
9.5911,0.4589,-0.3332,-0.9109,2.2067,0.5873,0.2318,0.3059,-0.4140,-0.3324,0.8597,2.1806,-0.5982,0.2204,-0.2833
9.6211,0.4483,-0.3309,-0.9001,2.2032,0.5953,0.2248,0.3105,-0.4098,-0.3184,0.8434,2.1770,-0.6067,0.2091,-0.2901
9.6510,0.4389,-0.3268,-0.8868,2.2017,0.5992,0.2204,0.3111,-0.3938,-0.3209,0.8309,2.1714,-0.6072,0.2110,-0.2858
9.6809,0.4305,-0.3221,-0.8747,2.1987,0.6004,0.2180,0.3095,-0.3885,-0.3109,0.8171,2.1707,-0.6136,0.1985,-0.2895
9.7009,0.4254,-0.3178,-0.8668,2.1968,0.6011,0.2167,0.3087,-0.3769,-0.3123,0.8108,2.1625,-0.6122,0.2077,-0.2861
9.7309,0.4161,-0.3127,-0.8545,2.1946,0.6030,0.2152,0.3078,-0.3676,-0.3059,0.8003,2.1563,-0.6149,0.2058,-0.2866
9.7609,0.4112,-0.3038,-0.8394,2.1967,0.6100,0.2006,0.3117,-0.3585,-0.3002,0.7892,2.1506,-0.6182,0.2047,-0.2876
9.7910,0.3968,-0.3008,-0.8302,2.1884,0.6108,0.2096,0.3106,-0.3541,-0.2897,0.7786,2.1464,-0.6234,0.1967,-0.2914
9.8115,0.3934,-0.2986,-0.8255,2.1868,0.6128,0.2083,0.3117,-0.3529,-0.2862,0.7758,2.1442,-0.6248,0.1951,-0.2927
9.8410,0.3809,-0.2927,-0.8098,2.1800,0.6198,0.2034,0.3150,-0.3339,-0.2811,0.7648,2.1303,-0.6227,0.2033,-0.2874
9.8712,0.3714,-0.2850,-0.7982,2.1733,0.6214,0.2035,0.3146,-0.3321,-0.2669,0.7555,2.1207,-0.6284,0.2001,-0.2938
9.8911,0.3676,-0.2802,-0.7909,2.1733,0.6244,0.1959,0.3159,-0.3226,-0.2689,0.7526,2.1181,-0.6243,0.2025,-0.2872
9.9214,0.3571,-0.2731,-0.7834,2.1630,0.6225,0.2033,0.3131,-0.3116,-0.2564,0.7419,2.1044,-0.6244,0.2029,-0.2858
9.9512,0.3487,-0.2642,-0.7741,2.1553,0.6231,0.2039,0.3124,-0.3023,-0.2479,0.7348,2.0928,-0.6254,0.2018,-0.2853
9.9812,0.3434,-0.2589,-0.7689,2.1506,0.6233,0.2033,0.3117,-0.2963,-0.2365,0.7258,2.0862,-0.6294,0.1942,-0.2880
10.0009,0.3345,-0.2497,-0.7606,2.1414,0.6244,0.2021,0.3114,-0.2932,-0.2282,0.7216,2.0792,-0.6316,0.1924,-0.2903
10.0309,0.3262,-0.2418,-0.7526,2.1330,0.6243,0.2020,0.3100,-0.2821,-0.2251,0.7173,2.0670,-0.6257,0.2026,-0.2830
10.0609,0.3179,-0.2320,-0.7442,2.1225,0.6251,0.2017,0.3096,-0.2709,-0.2122,0.7105,2.0505,-0.6255,0.2018,-0.2817
10.0910,0.3136,-0.2196,-0.7372,2.1124,0.6289,0.1988,0.3136,-0.2637,-0.2022,0.7050,2.0389,-0.6261,0.2001,-0.2817
10.1111,0.3098,-0.2161,-0.7337,2.1108,0.6300,0.1945,0.3135,-0.2612,-0.1989,0.7036,2.0346,-0.6259,0.1997,-0.2812
10.1411,0.3007,-0.2020,-0.7278,2.0963,0.6324,0.1918,0.3157,-0.2516,-0.1850,0.6974,2.0180,-0.6256,0.1972,-0.2801
10.1709,0.2850,-0.1980,-0.7229,2.0814,0.6259,0.1979,0.3067,-0.2453,-0.1736,0.6959,2.0035,-0.6264,0.1992,-0.2818
10.1910,0.2794,-0.1910,-0.7200,2.0737,0.6261,0.1966,0.3065,-0.2429,-0.1645,0.6943,1.9933,-0.6280,0.2009,-0.2845
10.2209,0.2736,-0.1781,-0.7139,2.0626,0.6292,0.1933,0.3096,-0.2335,-0.1585,0.6884,1.9854,-0.6267,0.1905,-0.2800
10.2511,0.2619,-0.1695,-0.7091,2.0487,0.6271,0.1914,0.3057,-0.2275,-0.1515,0.6860,1.9773,-0.6267,0.1890,-0.2795
10.2813,0.2564,-0.1620,-0.7073,2.0407,0.6266,0.1902,0.3050,-0.2201,-0.1380,0.6825,1.9615,-0.6267,0.1869,-0.2795
10.3009,0.2491,-0.1519,-0.7043,2.0279,0.6274,0.1868,0.3054,-0.2160,-0.1317,0.6807,1.9542,-0.6270,0.1859,-0.2797
10.3309,0.2430,-0.1407,-0.7014,2.0143,0.6279,0.1827,0.3057,-0.2093,-0.1239,0.6781,1.9438,-0.6266,0.1850,-0.2788
10.3609,0.2360,-0.1294,-0.6993,2.0024,0.6286,0.1786,0.3063,-0.2042,-0.1154,0.6767,1.9345,-0.6268,0.1844,-0.2791
10.3910,0.2315,-0.1161,-0.6967,1.9879,0.6308,0.1799,0.3097,-0.2011,-0.1064,0.6754,1.9243,-0.6280,0.1855,-0.2812
10.4121,0.2215,-0.1137,-0.6944,1.9811,0.6282,0.1778,0.3050,-0.1967,-0.1034,0.6737,1.9196,-0.6261,0.1843,-0.2784
10.4412,0.2164,-0.1032,-0.6927,1.9691,0.6294,0.1784,0.3069,-0.1918,-0.0957,0.6720,1.9129,-0.6259,0.1832,-0.2780
10.4711,0.2134,-0.0907,-0.6894,1.9572,0.6321,0.1784,0.3107,-0.1891,-0.0909,0.6707,1.9085,-0.6260,0.1835,-0.2783
10.4910,0.2005,-0.0922,-0.6858,1.9503,0.6274,0.1790,0.3028,-0.1851,-0.0861,0.6698,1.9020,-0.6260,0.1840,-0.2782
10.5211,0.1926,-0.0845,-0.6846,1.9407,0.6272,0.1797,0.3024,-0.1819,-0.0822,0.6675,1.8995,-0.6266,0.1808,-0.2782
10.5513,0.1856,-0.0776,-0.6839,1.9316,0.6274,0.1794,0.3024,-0.1784,-0.0809,0.6662,1.8990,-0.6263,0.1778,-0.2770
10.5815,0.1784,-0.0706,-0.6816,1.9222,0.6268,0.1803,0.3014,-0.1722,-0.0791,0.6626,1.9002,-0.6261,0.1701,-0.2746
10.6009,0.1750,-0.0662,-0.6808,1.9171,0.6270,0.1796,0.3015,-0.1779,-0.0712,0.6679,1.8922,-0.6255,0.1835,-0.2779
10.6309,0.1701,-0.0606,-0.6818,1.9082,0.6265,0.1815,0.3014,-0.1744,-0.0721,0.6650,1.8964,-0.6253,0.1768,-0.2758
10.6612,0.1641,-0.0566,-0.6771,1.9084,0.6272,0.1730,0.3000,-0.1726,-0.0733,0.6639,1.8988,-0.6249,0.1738,-0.2744
10.6910,0.1632,-0.0500,-0.6773,1.9001,0.6281,0.1759,0.3022,-0.1774,-0.0676,0.6686,1.8938,-0.6252,0.1835,-0.2780
10.7111,0.1607,-0.0483,-0.6782,1.8963,0.6246,0.1806,0.2988,-0.1775,-0.0673,0.6679,1.8948,-0.6245,0.1841,-0.2772
10.7415,0.1564,-0.0449,-0.6756,1.8919,0.6244,0.1808,0.2980,-0.1782,-0.0677,0.6680,1.8949,-0.6250,0.1840,-0.2779
10.7710,0.1520,-0.0408,-0.6747,1.8850,0.6244,0.1820,0.2979,-0.1795,-0.0675,0.6688,1.8954,-0.6245,0.1840,-0.2777
10.7911,0.1512,-0.0402,-0.6745,1.8838,0.6244,0.1813,0.2977,-0.1789,-0.0674,0.6684,1.8954,-0.6254,0.1838,-0.2785
10.8210,0.1491,-0.0357,-0.6739,1.8788,0.6248,0.1815,0.2985,-0.1791,-0.0680,0.6678,1.8968,-0.6254,0.1827,-0.2782
10.8511,0.1488,-0.0358,-0.6746,1.8787,0.6246,0.1800,0.2980,-0.1803,-0.0675,0.6698,1.8968,-0.6254,0.1826,-0.2787
10.8814,0.1435,-0.0360,-0.6739,1.8788,0.6233,0.1763,0.2953,-0.1780,-0.0692,0.6719,1.8955,-0.6238,0.1843,-0.2769
10.9010,0.1435,-0.0353,-0.6755,1.8759,0.6230,0.1793,0.2956,-0.1823,-0.0663,0.6702,1.8988,-0.6270,0.1774,-0.2805
10.9309,0.1421,-0.0344,-0.6744,1.8761,0.6231,0.1771,0.2952,-0.1825,-0.0664,0.6705,1.8989,-0.6263,0.1775,-0.2798
10.9609,0.1490,-0.0283,-0.6754,1.8761,0.6243,0.1780,0.2987,-0.1819,-0.0680,0.6710,1.8999,-0.6257,0.1773,-0.2789
10.9911,0.1497,-0.0292,-0.6756,1.8762,0.6240,0.1782,0.2983,-0.1844,-0.0654,0.6724,1.9027,-0.6276,0.1743,-0.2816
