time,left_s0,left_s1,left_e0,left_e1,left_w0,left_w1,left_w2,right_s0,right_s1,right_e0,right_e1,right_w0,right_w1,right_w2
0.0000,0.1157,-0.2600,-1.3000,1.3833,-0.0947,0.5593,-0.0659,-0.1177,-0.2763,1.2937,1.3825,0.0899,0.5622,0.0709
0.0200,0.1155,-0.2601,-1.3000,1.3830,-0.0949,0.5585,-0.0662,-0.1187,-0.2764,1.2943,1.3824,0.0901,0.5608,0.0708
0.0499,0.1163,-0.2599,-1.3001,1.3842,-0.0948,0.5580,-0.0658,-0.1181,-0.2777,1.2929,1.3835,0.0883,0.5613,0.0699
0.0799,0.1157,-0.2601,-1.3002,1.3846,-0.0949,0.5571,-0.0661,-0.1172,-0.2803,1.2907,1.3832,0.0847,0.5605,0.0673
0.1099,0.1154,-0.2606,-1.3004,1.3872,-0.0951,0.5542,-0.0665,-0.1161,-0.2847,1.2877,1.3834,0.0788,0.5634,0.0630
0.1300,0.1148,-0.2619,-1.2981,1.3833,-0.0927,0.5586,-0.0653,-0.1177,-0.2794,1.2867,1.3837,0.0776,0.5632,0.0583
0.1601,0.1132,-0.2639,-1.2967,1.3836,-0.0894,0.5590,-0.0624,-0.1132,-0.2960,1.2773,1.3846,0.0629,0.5640,0.0525
0.1902,0.1139,-0.2590,-1.2955,1.3811,-0.0883,0.5610,-0.0584,-0.1108,-0.3054,1.2702,1.3848,0.0519,0.5641,0.0462
0.2200,0.1113,-0.2731,-1.2894,1.3837,-0.0746,0.5602,-0.0500,-0.1072,-0.3146,1.2623,1.3863,0.0401,0.5636,0.0394
0.2399,0.1100,-0.2777,-1.2851,1.3843,-0.0676,0.5625,-0.0450,-0.1060,-0.3204,1.2570,1.3866,0.0335,0.5646,0.0366
0.2699,0.1086,-0.2848,-1.2784,1.3833,-0.0564,0.5692,-0.0367,-0.1024,-0.3282,1.2506,1.3857,0.0249,0.5669,0.0330
0.2999,0.1078,-0.2910,-1.2724,1.3838,-0.0463,0.5735,-0.0290,-0.1005,-0.3343,1.2448,1.3860,0.0193,0.5709,0.0323
0.3300,0.1063,-0.2968,-1.2671,1.3849,-0.0379,0.5734,-0.0233,-0.0987,-0.3401,1.2405,1.3860,0.0164,0.5776,0.0348
0.3499,0.1052,-0.3000,-1.2652,1.3837,-0.0350,0.5739,-0.0221,-0.0974,-0.3434,1.2381,1.3856,0.0144,0.5864,0.0356
0.3799,0.1052,-0.3016,-1.2636,1.3844,-0.0338,0.5743,-0.0223,-0.0958,-0.3487,1.2344,1.3868,0.0119,0.5981,0.0382
0.4099,0.1063,-0.3036,-1.2644,1.3859,-0.0342,0.5743,-0.0236,-0.0942,-0.3550,1.2303,1.3864,0.0084,0.6140,0.0400
0.4399,0.1114,-0.3061,-1.2663,1.4015,-0.0346,0.5641,-0.0241,-0.0922,-0.3603,1.2267,1.3871,0.0052,0.6283,0.0417
0.4600,0.1054,-0.3120,-1.2622,1.3832,-0.0306,0.5955,-0.0249,-0.0894,-0.3645,1.2242,1.3865,0.0032,0.6387,0.0437
0.4901,0.1122,-0.3128,-1.2640,1.3976,-0.0306,0.5875,-0.0235,-0.0885,-0.3690,1.2201,1.3869,0.0002,0.6545,0.0453
0.5200,0.1058,-0.3239,-1.2570,1.3826,-0.0255,0.6258,-0.0283,-0.0863,-0.3743,1.2165,1.3870,-0.0028,0.6673,0.0475
0.5499,0.1046,-0.3317,-1.2538,1.3825,-0.0224,0.6467,-0.0316,-0.0845,-0.3787,1.2137,1.3881,-0.0054,0.6795,0.0492
0.5699,0.1039,-0.3352,-1.2513,1.3831,-0.0199,0.6596,-0.0322,-0.0834,-0.3816,1.2121,1.3878,-0.0070,0.6885,0.0501
0.6000,0.1039,-0.3408,-1.2488,1.3818,-0.0176,0.6820,-0.0344,-0.0818,-0.3853,1.2095,1.3868,-0.0091,0.7013,0.0517
0.6301,0.1117,-0.3394,-1.2500,1.4006,-0.0171,0.6698,-0.0307,-0.0800,-0.3882,1.2075,1.3870,-0.0112,0.7098,0.0524
0.6601,0.1004,-0.3536,-1.2408,1.3824,-0.0102,0.7062,-0.0389,-0.0817,-0.3914,1.2057,1.3895,-0.0108,0.7150,0.0569
0.6799,0.0991,-0.3564,-1.2391,1.3834,-0.0087,0.7130,-0.0404,-0.0813,-0.3928,1.2058,1.3899,-0.0100,0.7195,0.0593
0.7099,0.1025,-0.3571,-1.2400,1.3912,-0.0088,0.7084,-0.0399,-0.0822,-0.3938,1.2066,1.3894,-0.0076,0.7326,0.0628
0.7399,0.0958,-0.3640,-1.2348,1.3826,-0.0063,0.7287,-0.0465,-0.0828,-0.3958,1.2074,1.3909,-0.0059,0.7412,0.0663
0.7700,0.0930,-0.3672,-1.2333,1.3825,-0.0063,0.7346,-0.0511,-0.0904,-0.3987,1.2100,1.4058,-0.0054,0.7339,0.0659
0.7900,0.0951,-0.3675,-1.2339,1.3890,-0.0063,0.7301,-0.0507,-0.0858,-0.4011,1.2074,1.3952,-0.0044,0.7558,0.0720
0.8200,0.0901,-0.3706,-1.2313,1.3828,-0.0064,0.7482,-0.0564,-0.0923,-0.4035,1.2097,1.4120,-0.0041,0.7454,0.0717
0.8499,0.0878,-0.3728,-1.2314,1.3829,-0.0075,0.7570,-0.0604,-0.0888,-0.4061,1.2075,1.4044,-0.0035,0.7630,0.0771
0.8799,0.0865,-0.3758,-1.2296,1.3851,-0.0072,0.7618,-0.0644,-0.0930,-0.4090,1.2095,1.4131,-0.0029,0.7589,0.0779
0.8999,0.0862,-0.3775,-1.2290,1.3859,-0.0075,0.7656,-0.0670,-0.0930,-0.4118,1.2081,1.4135,-0.0026,0.7621,0.0820
0.9300,0.0834,-0.3795,-1.2290,1.3886,-0.0079,0.7654,-0.0702,-0.0961,-0.4152,1.2101,1.4223,-0.0018,0.7572,0.0836
0.9602,0.0847,-0.3792,-1.2291,1.3933,-0.0078,0.7616,-0.0695,-0.0978,-0.4184,1.2087,1.4272,-0.0013,0.7598,0.0882
0.9902,0.0822,-0.3864,-1.2266,1.3949,-0.0068,0.7620,-0.0767,-0.1011,-0.4228,1.2108,1.4361,-0.0003,0.7583,0.0910
1.0099,0.0817,-0.3887,-1.2269,1.3969,-0.0071,0.7623,-0.0789,-0.1047,-0.4260,1.2110,1.4420,-0.0002,0.7576,0.0928
1.0399,0.0847,-0.3894,-1.2279,1.4032,-0.0072,0.7588,-0.0785,-0.1110,-0.4281,1.2132,1.4550,0.0002,0.7508,0.0923
1.0699,0.0812,-0.3950,-1.2250,1.4057,-0.0068,0.7621,-0.0860,-0.1122,-0.4358,1.2127,1.4622,-0.0004,0.7496,0.0978
1.0999,0.0829,-0.4002,-1.2267,1.4131,-0.0066,0.7618,-0.0881,-0.1187,-0.4386,1.2154,1.4748,0.0003,0.7435,0.0978
1.1201,0.0852,-0.4008,-1.2275,1.4215,-0.0066,0.7556,-0.0878,-0.1211,-0.4433,1.2151,1.4813,0.0010,0.7416,0.1027
1.1499,0.0834,-0.4074,-1.2269,1.4246,-0.0061,0.7603,-0.0933,-0.1272,-0.4465,1.2178,1.4935,0.0018,0.7358,0.1030
1.1799,0.0852,-0.4126,-1.2266,1.4330,-0.0057,0.7597,-0.0970,-0.1322,-0.4530,1.2191,1.5048,0.0036,0.7289,0.1092
1.2099,0.0892,-0.4161,-1.2287,1.4425,-0.0072,0.7581,-0.0998,-0.1386,-0.4576,1.2200,1.5174,0.0041,0.7227,0.1117
1.2300,0.0912,-0.4201,-1.2294,1.4483,-0.0066,0.7550,-0.1013,-0.1430,-0.4596,1.2220,1.5279,0.0046,0.7166,0.1118
1.2600,0.0954,-0.4212,-1.2308,1.4563,-0.0069,0.7510,-0.1008,-0.1481,-0.4657,1.2226,1.5387,0.0050,0.7124,0.1158
1.2899,0.0992,-0.4255,-1.2336,1.4678,-0.0079,0.7442,-0.1030,-0.1545,-0.4668,1.2246,1.5494,0.0052,0.7075,0.1145
1.3200,0.1044,-0.4373,-1.2326,1.4815,-0.0067,0.7326,-0.1106,-0.1611,-0.4673,1.2263,1.5602,0.0052,0.7024,0.1124
1.3399,0.1079,-0.4367,-1.2331,1.4878,-0.0065,0.7291,-0.1088,-0.1639,-0.4794,1.2252,1.5704,0.0052,0.6962,0.1219
1.3699,0.1142,-0.4462,-1.2330,1.5013,-0.0068,0.7201,-0.1158,-0.1702,-0.4835,1.2253,1.5815,0.0048,0.6903,0.1231
1.3999,0.1196,-0.4517,-1.2348,1.5138,-0.0068,0.7120,-0.1178,-0.1757,-0.4879,1.2254,1.5923,0.0047,0.6842,0.1253
1.4300,0.1271,-0.4584,-1.2337,1.5260,-0.0049,0.7047,-0.1196,-0.1818,-0.4880,1.2269,1.6007,0.0046,0.6809,0.1231
1.4500,0.1312,-0.4620,-1.2344,1.5340,-0.0053,0.7015,-0.1217,-0.1851,-0.4948,1.2261,1.6088,0.0042,0.6752,0.1275
1.4799,0.1382,-0.4601,-1.2350,1.5397,-0.0046,0.7011,-0.1175,-0.1887,-0.4980,1.2268,1.6165,0.0033,0.6723,0.1274
1.5099,0.1457,-0.4742,-1.2329,1.5564,-0.0020,0.6894,-0.1244,-0.1942,-0.4965,1.2273,1.6219,0.0027,0.6709,0.1242
1.5399,0.1517,-0.4794,-1.2326,1.5674,-0.0008,0.6886,-0.1257,-0.1978,-0.5027,1.2261,1.6297,0.0027,0.6663,0.1289
1.5700,0.1581,-0.4836,-1.2315,1.5783,0.0004,0.6855,-0.1266,-0.2011,-0.5047,1.2255,1.6337,0.0020,0.6629,0.1291
1.5904,0.1652,-0.4823,-1.2325,1.5846,0.0009,0.6847,-0.1230,-0.2019,-0.5032,1.2249,1.6328,0.0015,0.6640,0.1276
1.6200,0.1745,-0.4812,-1.2341,1.5986,0.0015,0.6781,-0.1188,-0.2053,-0.5068,1.2247,1.6416,0.0019,0.6518,0.1304
1.6499,0.1767,-0.4941,-1.2300,1.6044,0.0023,0.6798,-0.1292,-0.2057,-0.5067,1.2237,1.6465,0.0018,0.6433,0.1311
1.6799,0.1816,-0.4969,-1.2291,1.6143,0.0025,0.6696,-0.1310,-0.2055,-0.5062,1.2235,1.6475,0.0024,0.6423,0.1318
1.6999,0.1846,-0.4954,-1.2290,1.6179,0.0030,0.6680,-0.1287,-0.2046,-0.5063,1.2233,1.6467,0.0024,0.6424,0.1323
1.7300,0.1910,-0.4991,-1.2290,1.6270,0.0019,0.6583,-0.1320,-0.2041,-0.5071,1.2219,1.6516,0.0015,0.6264,0.1327
1.7602,0.1938,-0.5011,-1.2269,1.6331,0.0027,0.6493,-0.1333,-0.2023,-0.5067,1.2216,1.6505,0.0013,0.6186,0.1328
1.7903,0.1969,-0.5018,-1.2246,1.6386,0.0032,0.6396,-0.1342,-0.1991,-0.5068,1.2197,1.6498,0.0005,0.6084,0.1337
1.8099,0.1963,-0.5002,-1.2235,1.6324,0.0037,0.6448,-0.1330,-0.1943,-0.5039,1.2169,1.6400,-0.0003,0.6133,0.1331
1.8399,0.1997,-0.5040,-1.2225,1.6460,0.0046,0.6224,-0.1350,-0.1889,-0.4991,1.2130,1.6319,-0.0017,0.6153,0.1313
1.8699,0.2028,-0.5052,-1.2203,1.6493,0.0049,0.6118,-0.1362,-0.1882,-0.5063,1.2123,1.6457,-0.0017,0.5866,0.1373
1.8999,0.2025,-0.5006,-1.2177,1.6439,0.0064,0.6154,-0.1326,-0.1826,-0.5053,1.2080,1.6414,-0.0034,0.5825,0.1379
1.9200,0.2038,-0.5056,-1.2161,1.6522,0.0064,0.6018,-0.1369,-0.1787,-0.5055,1.2060,1.6388,-0.0046,0.5813,0.1382
1.9499,0.2020,-0.5028,-1.2142,1.6449,0.0073,0.6066,-0.1353,-0.1723,-0.5019,1.2026,1.6325,-0.0056,0.5810,0.1378
1.9799,0.2029,-0.5054,-1.2121,1.6533,0.0073,0.5947,-0.1384,-0.1644,-0.4982,1.1987,1.6211,-0.0066,0.5848,0.1378
2.0099,0.2018,-0.5007,-1.2094,1.6474,0.0088,0.5981,-0.1351,-0.1564,-0.5009,1.1942,1.6174,-0.0076,0.5780,0.1426
2.0301,0.2003,-0.5052,-1.2065,1.6518,0.0092,0.5890,-0.1396,-0.1498,-0.4998,1.1910,1.6099,-0.0073,0.5775,0.1454
2.0601,0.1975,-0.5039,-1.2026,1.6484,0.0099,0.5881,-0.1408,-0.1386,-0.4972,1.1869,1.5938,-0.0077,0.5836,0.1475
2.0900,0.1950,-0.5006,-1.2003,1.6447,0.0109,0.5885,-0.1392,-0.1299,-0.4940,1.1854,1.5868,-0.0044,0.5749,0.1531
2.1203,0.1898,-0.4999,-1.1976,1.6396,0.0058,0.5876,-0.1485,-0.1157,-0.4928,1.1810,1.5652,-0.0044,0.5843,0.1573
2.1400,0.1872,-0.4979,-1.1960,1.6397,0.0064,0.5847,-0.1481,-0.1123,-0.4877,1.1815,1.5649,-0.0003,0.5720,0.1609
2.1699,0.1805,-0.4946,-1.1926,1.6296,0.0017,0.5864,-0.1559,-0.0959,-0.4857,1.1762,1.5383,-0.0004,0.5843,0.1654
2.1999,0.1719,-0.4911,-1.1899,1.6197,-0.0014,0.5868,-0.1614,-0.0889,-0.4791,1.1772,1.5309,0.0039,0.5713,0.1685
2.2301,0.1613,-0.4859,-1.1874,1.6069,-0.0053,0.5870,-0.1671,-0.0754,-0.4731,1.1742,1.5118,0.0051,0.5712,0.1709
2.2499,0.1513,-0.4851,-1.1845,1.5888,-0.0054,0.5967,-0.1701,-0.0677,-0.4687,1.1732,1.4984,0.0069,0.5711,0.1728
2.2799,0.1441,-0.4802,-1.1829,1.5838,-0.0083,0.5792,-0.1739,-0.0478,-0.4676,1.1673,1.4654,0.0070,0.5872,0.1794
2.3099,0.1282,-0.4800,-1.1787,1.5620,-0.0087,0.5879,-0.1796,-0.0409,-0.4601,1.1683,1.4590,0.0074,0.5661,0.1760
2.3399,0.1123,-0.4770,-1.1733,1.5411,-0.0082,0.5945,-0.1833,-0.0220,-0.4556,1.1615,1.4261,0.0066,0.5816,0.1797
2.3601,0.1095,-0.4726,-1.1756,1.5459,-0.0075,0.5729,-0.1789,-0.0180,-0.4508,1.1620,1.4238,0.0060,0.5634,0.1763
2.3903,0.0972,-0.4685,-1.1722,1.5276,-0.0059,0.5739,-0.1784,0.0005,-0.4486,1.1562,1.3974,0.0057,0.5735,0.1817
2.4200,0.0828,-0.4632,-1.1700,1.5110,-0.0053,0.5730,-0.1784,0.0087,-0.4370,1.1575,1.3827,0.0061,0.5673,0.1757
2.4501,0.0697,-0.4580,-1.1680,1.4918,-0.0050,0.5744,-0.1784,0.0272,-0.4342,1.1514,1.3489,0.0057,0.5846,0.1807
2.4699,0.0591,-0.4530,-1.1662,1.4787,-0.0063,0.5747,-0.1805,0.0295,-0.4256,1.1538,1.3454,0.0062,0.5711,0.1746
2.4999,0.0375,-0.4509,-1.1597,1.4473,-0.0062,0.5875,-0.1870,0.0421,-0.4176,1.1517,1.3218,0.0057,0.5679,0.1725
2.5300,0.0272,-0.4369,-1.1602,1.4349,-0.0061,0.5744,-0.1798,0.0556,-0.4098,1.1510,1.2977,0.0064,0.5660,0.1715
2.5600,0.0061,-0.4336,-1.1536,1.4029,-0.0057,0.5876,-0.1854,0.0755,-0.4064,1.1446,1.2635,0.0058,0.5822,0.1767
2.5799,-0.0071,-0.4285,-1.1487,1.3797,-0.0047,0.5977,-0.1866,0.0766,-0.3953,1.1490,1.2591,0.0076,0.5680,0.1691
2.6099,-0.0143,-0.4145,-1.1531,1.3750,-0.0056,0.5750,-0.1773,0.0949,-0.3901,1.1430,1.2271,0.0067,0.5825,0.1722
2.6399,-0.0286,-0.4067,-1.1497,1.3512,-0.0039,0.5750,-0.1748,0.1004,-0.3773,1.1473,1.2142,0.0094,0.5683,0.1657
2.6699,-0.0501,-0.4039,-1.1434,1.3200,-0.0036,0.5870,-0.1811,0.1122,-0.3693,1.1459,1.1934,0.0096,0.5695,0.1639
2.6900,-0.0620,-0.4003,-1.1395,1.2992,-0.0030,0.5964,-0.1830,0.1222,-0.3651,1.1425,1.1708,0.0090,0.5819,0.1646
2.7200,-0.0679,-0.3850,-1.1472,1.2937,-0.0050,0.5772,-0.1714,0.1290,-0.3565,1.1449,1.1610,0.0106,0.5712,0.1609
2.7499,-0.0836,-0.3753,-1.1453,1.2706,-0.0052,0.5774,-0.1700,0.1436,-0.3510,1.1403,1.1333,0.0097,0.5842,0.1624
2.7799,-0.0982,-0.3671,-1.1440,1.2487,-0.0052,0.5775,-0.1684,0.1466,-0.3427,1.1435,1.1264,0.0119,0.5784,0.1580
2.7999,-0.1076,-0.3627,-1.1440,1.2341,-0.0055,0.5779,-0.1676,0.1545,-0.3408,1.1411,1.1120,0.0115,0.5851,0.1597
2.8300,-0.1199,-0.3551,-1.1441,1.2120,-0.0068,0.5787,-0.1670,0.1599,-0.3330,1.1427,1.1016,0.0125,0.5862,0.1555
2.8600,-0.1340,-0.3477,-1.1441,1.1903,-0.0066,0.5815,-0.1643,0.1679,-0.3275,1.1431,1.0886,0.0132,0.5860,0.1541
2.8899,-0.1470,-0.3386,-1.1446,1.1687,-0.0077,0.5870,-0.1619,0.1787,-0.3265,1.1400,1.0701,0.0128,0.5947,0.1578
2.9099,-0.1540,-0.3337,-1.1445,1.1564,-0.0083,0.5885,-0.1610,0.1775,-0.3219,1.1432,1.0707,0.0138,0.5860,0.1527
2.9399,-0.1663,-0.3263,-1.1447,1.1370,-0.0090,0.5898,-0.1592,0.1862,-0.3218,1.1408,1.0575,0.0136,0.5917,0.1563
2.9699,-0.1777,-0.3213,-1.1446,1.1197,-0.0088,0.5918,-0.1575,0.1876,-0.3161,1.1453,1.0568,0.0165,0.5858,0.1535
2.9999,-0.1868,-0.3153,-1.1459,1.1030,-0.0105,0.5933,-0.1568,0.1942,-0.3158,1.1434,1.0426,0.0164,0.5942,0.1559
3.0201,-0.1946,-0.3139,-1.1438,1.0906,-0.0102,0.5984,-0.1589,0.1927,-0.3122,1.1485,1.0478,0.0208,0.5847,0.1563
3.0500,-0.2001,-0.3069,-1.1475,1.0797,-0.0133,0.5959,-0.1569,0.1957,-0.3094,1.1518,1.0442,0.0248,0.5839,0.1593
3.0799,-0.2123,-0.3099,-1.1445,1.0635,-0.0133,0.6028,-0.1645,0.1959,-0.3063,1.1568,1.0413,0.0303,0.5836,0.1622
3.1099,-0.2128,-0.2972,-1.1528,1.0566,-0.0210,0.5977,-0.1612,0.1973,-0.3046,1.1620,1.0385,0.0356,0.5823,0.1659
3.1399,-0.2160,-0.2924,-1.1572,1.0471,-0.0259,0.5963,-0.1628,0.1983,-0.3033,1.1656,1.0362,0.0391,0.5827,0.1681
3.1602,-0.2219,-0.2951,-1.1558,1.0427,-0.0259,0.5965,-0.1676,0.1980,-0.3025,1.1688,1.0356,0.0430,0.5819,0.1714
3.1904,-0.2229,-0.2842,-1.1644,1.0336,-0.0353,0.5963,-0.1685,0.1976,-0.3013,1.1745,1.0339,0.0489,0.5787,0.1757
3.2200,-0.2257,-0.2806,-1.1680,1.0262,-0.0404,0.5933,-0.1725,0.1968,-0.3007,1.1806,1.0342,0.0547,0.5790,0.1799
3.2501,-0.2269,-0.2767,-1.1723,1.0186,-0.0456,0.5930,-0.1749,0.1961,-0.3021,1.1850,1.0346,0.0592,0.5777,0.1846
3.2699,-0.2324,-0.2802,-1.1709,1.0113,-0.0456,0.5967,-0.1803,0.1942,-0.3028,1.1887,1.0349,0.0627,0.5779,0.1875
3.3000,-0.2296,-0.2719,-1.1806,1.0112,-0.0552,0.5888,-0.1816,0.1921,-0.3042,1.1949,1.0369,0.0684,0.5763,0.1924
3.3300,-0.2299,-0.2670,-1.1860,1.0077,-0.0622,0.5869,-0.1859,0.1882,-0.3063,1.2035,1.0388,0.0766,0.5720,0.1996
3.3602,-0.2295,-0.2639,-1.1907,1.0038,-0.0687,0.5844,-0.1911,0.1838,-0.3078,1.2107,1.0429,0.0839,0.5708,0.2063
3.3799,-0.2284,-0.2619,-1.1953,1.0032,-0.0736,0.5820,-0.1940,0.1811,-0.3102,1.2155,1.0469,0.0883,0.5698,0.2111
3.4099,-0.2279,-0.2602,-1.2024,1.0016,-0.0817,0.5798,-0.2008,0.1753,-0.3155,1.2235,1.0534,0.0950,0.5672,0.2182
3.4399,-0.2255,-0.2588,-1.2079,1.0020,-0.0888,0.5758,-0.2073,0.1677,-0.3216,1.2301,1.0624,0.1012,0.5634,0.2261
3.4700,-0.2288,-0.2664,-1.2064,0.9943,-0.0891,0.5830,-0.2156,0.1599,-0.3289,1.2378,1.0715,0.1075,0.5616,0.2339
3.4899,-0.2223,-0.2602,-1.2176,1.0013,-0.0990,0.5721,-0.2169,0.1563,-0.3394,1.2387,1.0760,0.1086,0.5632,0.2418
3.5201,-0.2191,-0.2625,-1.2236,1.0054,-0.1062,0.5627,-0.2254,0.1440,-0.3441,1.2496,1.0943,0.1176,0.5530,0.2489
3.5499,-0.2138,-0.2668,-1.2302,1.0093,-0.1129,0.5576,-0.2335,0.1323,-0.3545,1.2571,1.1058,0.1238,0.5479,0.2579
3.5799,-0.2093,-0.2710,-1.2378,1.0143,-0.1200,0.5502,-0.2410,0.1214,-0.3655,1.2639,1.1198,0.1290,0.5417,0.2666
3.5999,-0.2053,-0.2760,-1.2425,1.0201,-0.1240,0.5479,-0.2467,0.1157,-0.3761,1.2654,1.1231,0.1304,0.5463,0.2741
3.6301,-0.1980,-0.2825,-1.2509,1.0278,-0.1305,0.5472,-0.2538,0.1004,-0.3872,1.2748,1.1464,0.1365,0.5311,0.2811
3.6599,-0.1898,-0.2909,-1.2585,1.0377,-0.1363,0.5424,-0.2614,0.0920,-0.4011,1.2769,1.1479,0.1386,0.5405,0.2909
3.6899,-0.1811,-0.3001,-1.2651,1.0482,-0.1417,0.5398,-0.2699,0.0727,-0.4125,1.2882,1.1793,0.1472,0.5141,0.3000
3.7099,-0.1775,-0.3150,-1.2655,1.0536,-0.1431,0.5413,-0.2819,0.0631,-0.4217,1.2930,1.1911,0.1514,0.5077,0.3074
3.7399,-0.1630,-0.3207,-1.2779,1.0726,-0.1521,0.5253,-0.2877,0.0466,-0.4353,1.3002,1.2097,0.1591,0.4984,0.3207
3.7700,-0.1500,-0.3342,-1.2841,1.0888,-0.1589,0.5095,-0.3008,0.0300,-0.4497,1.3108,1.2312,0.1673,0.4889,0.3326
3.7999,-0.1358,-0.3503,-1.2903,1.1087,-0.1654,0.4941,-0.3148,0.0125,-0.4633,1.3195,1.2529,0.1754,0.4787,0.3450
3.8199,-0.1274,-0.3599,-1.2942,1.1199,-0.1699,0.4839,-0.3237,-0.0001,-0.4740,1.3254,1.2688,0.1804,0.4716,0.3534
3.8500,-0.1117,-0.3775,-1.3000,1.1387,-0.1744,0.4724,-0.3348,-0.0198,-0.4888,1.3343,1.2927,0.1878,0.4636,0.3652
3.8799,-0.0949,-0.3959,-1.3061,1.1576,-0.1778,0.4659,-0.3443,-0.0396,-0.5052,1.3437,1.3120,0.1922,0.4644,0.3731
3.9099,-0.0756,-0.4138,-1.3139,1.1807,-0.1823,0.4611,-0.3540,-0.0607,-0.5207,1.3550,1.3410,0.2002,0.4571,0.3847
3.9300,-0.0630,-0.4269,-1.3196,1.1938,-0.1848,0.4599,-0.3598,-0.0751,-0.5321,1.3616,1.3562,0.2026,0.4557,0.3891
3.9600,-0.0438,-0.4450,-1.3265,1.2167,-0.1882,0.4567,-0.3686,-0.0942,-0.5438,1.3710,1.3709,0.2062,0.4591,0.3939
3.9902,-0.0211,-0.4635,-1.3352,1.2394,-0.1929,0.4516,-0.3779,-0.1131,-0.5575,1.3811,1.3873,0.2105,0.4607,0.4002
4.0200,-0.0013,-0.4814,-1.3441,1.2628,-0.1974,0.4488,-0.3869,-0.1381,-0.5760,1.3938,1.4193,0.2205,0.4419,0.4147
4.0399,0.0135,-0.4927,-1.3497,1.2713,-0.2002,0.4553,-0.3928,-0.1521,-0.5839,1.4026,1.4328,0.2236,0.4406,0.4173
4.0699,0.0365,-0.5106,-1.3608,1.3024,-0.2073,0.4403,-0.4036,-0.1715,-0.5948,1.4132,1.4462,0.2274,0.4447,0.4218
4.1000,0.0591,-0.5275,-1.3701,1.3267,-0.2125,0.4350,-0.4127,-0.1909,-0.6049,1.4242,1.4608,0.2312,0.4471,0.4258
4.1300,0.0819,-0.5424,-1.3800,1.3521,-0.2175,0.4318,-0.4204,-0.2129,-0.6187,1.4357,1.4898,0.2395,0.4285,0.4364
4.1500,0.0968,-0.5536,-1.3866,1.3675,-0.2196,0.4312,-0.4243,-0.2258,-0.6269,1.4434,1.5019,0.2417,0.4280,0.4391
4.1799,0.1181,-0.5692,-1.3959,1.3914,-0.2216,0.4307,-0.4285,-0.2438,-0.6363,1.4534,1.5183,0.2447,0.4270,0.4422
4.2099,0.1399,-0.5839,-1.4053,1.4131,-0.2251,0.4257,-0.4343,-0.2615,-0.6457,1.4645,1.5349,0.2481,0.4245,0.4456
4.2399,0.1625,-0.5892,-1.4183,1.4391,-0.2284,0.4190,-0.4330,-0.2778,-0.6541,1.4751,1.5503,0.2513,0.4243,0.4488
4.2600,0.1762,-0.5948,-1.4272,1.4569,-0.2311,0.4131,-0.4340,-0.2890,-0.6584,1.4832,1.5598,0.2538,0.4227,0.4501
4.2903,0.1924,-0.6207,-1.4290,1.4738,-0.2338,0.4195,-0.4494,-0.3039,-0.6646,1.4939,1.5735,0.2566,0.4246,0.4521
4.3202,0.2132,-0.6260,-1.4422,1.4985,-0.2372,0.4122,-0.4487,-0.3180,-0.6720,1.5049,1.5862,0.2597,0.4232,0.4548
4.3500,0.2302,-0.6413,-1.4481,1.5162,-0.2401,0.4147,-0.4571,-0.3317,-0.6752,1.5144,1.5999,0.2620,0.4203,0.4550
4.3700,0.2412,-0.6478,-1.4557,1.5301,-0.2420,0.4141,-0.4588,-0.3399,-0.6837,1.5195,1.6065,0.2626,0.4197,0.4576
4.3999,0.2597,-0.6514,-1.4691,1.5570,-0.2451,0.4020,-0.4572,-0.3526,-0.6878,1.5298,1.6232,0.2655,0.4127,0.4584
4.4300,0.2789,-0.6542,-1.4819,1.5797,-0.2478,0.3948,-0.4556,-0.3620,-0.6941,1.5366,1.6272,0.2650,0.4204,0.4587
4.4600,0.2910,-0.6785,-1.4841,1.5867,-0.2471,0.4105,-0.4658,-0.3727,-0.7007,1.5428,1.6346,0.2655,0.4181,0.4599
4.4799,0.3006,-0.6852,-1.4903,1.5989,-0.2478,0.4096,-0.4670,-0.3774,-0.7030,1.5475,1.6396,0.2669,0.4182,0.4610
4.5099,0.3183,-0.6874,-1.5023,1.6179,-0.2502,0.4044,-0.4655,-0.3847,-0.7058,1.5552,1.6472,0.2679,0.4183,0.4606
4.5399,0.3312,-0.7028,-1.5097,1.6293,-0.2503,0.4080,-0.4699,-0.3938,-0.7093,1.5618,1.6525,0.2683,0.4207,0.4606
4.5699,0.3459,-0.7065,-1.5207,1.6449,-0.2530,0.4036,-0.4703,-0.4008,-0.7139,1.5688,1.6614,0.2707,0.4166,0.4631
4.5899,0.3534,-0.7156,-1.5244,1.6507,-0.2518,0.4085,-0.4719,-0.4070,-0.7146,1.5724,1.6641,0.2713,0.4187,0.4631
4.6201,0.3667,-0.7184,-1.5339,1.6629,-0.2540,0.4063,-0.4721,-0.4141,-0.7176,1.5780,1.6694,0.2730,0.4186,0.4648
4.6501,0.3772,-0.7275,-1.5411,1.6723,-0.2536,0.4074,-0.4732,-0.4209,-0.7177,1.5829,1.6770,0.2738,0.4162,0.4640
4.6799,0.3884,-0.7288,-1.5493,1.6842,-0.2553,0.4039,-0.4727,-0.4219,-0.7112,1.5839,1.6715,0.2705,0.4355,0.4581
4.7100,0.3981,-0.7329,-1.5582,1.6967,-0.2579,0.3983,-0.4744,-0.4273,-0.7114,1.5878,1.6776,0.2713,0.4335,0.4577
4.7300,0.4016,-0.7372,-1.5597,1.6936,-0.2556,0.4118,-0.4739,-0.4281,-0.7080,1.5888,1.6747,0.2708,0.4418,0.4559
4.7600,0.4089,-0.7382,-1.5663,1.6992,-0.2556,0.4160,-0.4725,-0.4315,-0.7068,1.5909,1.6766,0.2698,0.4474,0.4538
4.7899,0.4151,-0.7389,-1.5718,1.7048,-0.2566,0.4188,-0.4725,-0.4324,-0.7069,1.5919,1.6763,0.2685,0.4509,0.4521
4.8202,0.4212,-0.7384,-1.5765,1.7095,-0.2569,0.4238,-0.4717,-0.4354,-0.7067,1.5927,1.6771,0.2674,0.4540,0.4505
4.8399,0.4242,-0.7387,-1.5794,1.7122,-0.2565,0.4264,-0.4705,-0.4373,-0.7063,1.5941,1.6799,0.2676,0.4527,0.4500
4.8699,0.4285,-0.7396,-1.5835,1.7163,-0.2561,0.4291,-0.4693,-0.4382,-0.7067,1.5937,1.6770,0.2664,0.4596,0.4494
4.9000,0.4344,-0.7406,-1.5881,1.7224,-0.2571,0.4273,-0.4694,-0.4397,-0.7068,1.5955,1.6774,0.2653,0.4642,0.4479
4.9300,0.4364,-0.7397,-1.5893,1.7209,-0.2546,0.4363,-0.4661,-0.4406,-0.7045,1.5970,1.6768,0.2656,0.4687,0.4469
4.9499,0.4389,-0.7398,-1.5907,1.7217,-0.2548,0.4375,-0.4660,-0.4437,-0.7023,1.5978,1.6792,0.2651,0.4689,0.4449
4.9799,0.4436,-0.7385,-1.5943,1.7304,-0.2552,0.4322,-0.4643,-0.4428,-0.7016,1.5991,1.6766,0.2631,0.4782,0.4423
5.0099,0.4447,-0.7371,-1.5947,1.7262,-0.2539,0.4455,-0.4631,-0.4455,-0.7005,1.5988,1.6774,0.2620,0.4846,0.4411
5.0400,0.4472,-0.7361,-1.5959,1.7270,-0.2517,0.4521,-0.4600,-0.4489,-0.7008,1.6018,1.6837,0.2628,0.4808,0.4407
5.0601,0.4482,-0.7352,-1.5965,1.7271,-0.2501,0.4587,-0.4579,-0.4525,-0.6989,1.6037,1.6895,0.2627,0.4779,0.4386
5.0899,0.4495,-0.7339,-1.5990,1.7269,-0.2486,0.4662,-0.4550,-0.4494,-0.6962,1.6011,1.6755,0.2561,0.5083,0.4325
5.1200,0.4563,-0.7307,-1.6027,1.7372,-0.2486,0.4613,-0.4515,-0.4515,-0.6935,1.6026,1.6759,0.2553,0.5166,0.4303
5.1499,0.4551,-0.7312,-1.6010,1.7281,-0.2454,0.4826,-0.4504,-0.4579,-0.6957,1.6090,1.6870,0.2573,0.5101,0.4310
5.1699,0.4587,-0.7316,-1.6038,1.7322,-0.2460,0.4812,-0.4503,-0.4541,-0.6867,1.6058,1.6741,0.2541,0.5366,0.4258
5.1999,0.4575,-0.7250,-1.6039,1.7269,-0.2440,0.4992,-0.4460,-0.4598,-0.6893,1.6113,1.6821,0.2559,0.5326,0.4271
5.2300,0.4646,-0.7252,-1.6095,1.7373,-0.2452,0.4939,-0.4451,-0.4579,-0.6790,1.6099,1.6695,0.2522,0.5603,0.4198
5.2600,0.4615,-0.7193,-1.6072,1.7252,-0.2408,0.5213,-0.4398,-0.4612,-0.6780,1.6113,1.6680,0.2507,0.5703,0.4178
5.2799,0.4629,-0.7160,-1.6087,1.7249,-0.2407,0.5296,-0.4380,-0.4625,-0.6752,1.6126,1.6668,0.2503,0.5797,0.4161
5.3099,0.4643,-0.7127,-1.6098,1.7245,-0.2393,0.5417,-0.4352,-0.4720,-0.6749,1.6182,1.6756,0.2514,0.5784,0.4149
5.3399,0.4737,-0.7128,-1.6170,1.7390,-0.2409,0.5343,-0.4339,-0.4699,-0.6684,1.6152,1.6629,0.2459,0.6096,0.4084
5.3700,0.4690,-0.7046,-1.6134,1.7225,-0.2359,0.5689,-0.4276,-0.4738,-0.6663,1.6167,1.6621,0.2440,0.6224,0.4054
5.3903,0.4733,-0.7039,-1.6163,1.7296,-0.2365,0.5651,-0.4263,-0.4754,-0.6655,1.6174,1.6616,0.2422,0.6322,0.4032
5.4200,0.4711,-0.6986,-1.6153,1.7192,-0.2322,0.5923,-0.4209,-0.4795,-0.6646,1.6186,1.6604,0.2387,0.6483,0.3994
5.4499,0.4737,-0.6950,-1.6169,1.7176,-0.2303,0.6082,-0.4171,-0.4846,-0.6625,1.6180,1.6605,0.2344,0.6642,0.3942
5.4799,0.4767,-0.6931,-1.6165,1.7158,-0.2267,0.6211,-0.4128,-0.4888,-0.6624,1.6180,1.6605,0.2308,0.6789,0.3912
5.5000,0.4793,-0.6918,-1.6173,1.7147,-0.2240,0.6340,-0.4094,-0.4978,-0.6599,1.6227,1.6760,0.2317,0.6710,0.3872
5.5299,0.4816,-0.6899,-1.6180,1.7122,-0.2194,0.6524,-0.4037,-0.4950,-0.6627,1.6172,1.6604,0.2217,0.7097,0.3831
5.5602,0.4831,-0.6888,-1.6184,1.7100,-0.2150,0.6696,-0.3988,-0.4992,-0.6638,1.6162,1.6604,0.2154,0.7286,0.3781
5.5904,0.4861,-0.6882,-1.6183,1.7083,-0.2099,0.6876,-0.3935,-0.5042,-0.6643,1.6141,1.6611,0.2090,0.7476,0.3732
5.6099,0.4892,-0.6878,-1.6180,1.7058,-0.2057,0.7003,-0.3893,-0.5129,-0.6612,1.6174,1.6736,0.2093,0.7427,0.3687
5.6399,0.4912,-0.6881,-1.6178,1.7040,-0.2000,0.7191,-0.3838,-0.5109,-0.6667,1.6113,1.6623,0.1976,0.7781,0.3645
5.6700,0.4951,-0.6876,-1.6183,1.7031,-0.1950,0.7366,-0.3783,-0.5147,-0.6677,1.6093,1.6631,0.1913,0.7957,0.3596
5.6999,0.4980,-0.6887,-1.6177,1.7001,-0.1891,0.7536,-0.3734,-0.5202,-0.6672,1.6078,1.6652,0.1860,0.8116,0.3547
5.7200,0.5002,-0.6887,-1.6164,1.6990,-0.1845,0.7656,-0.3690,-0.5211,-0.6667,1.6057,1.6661,0.1822,0.8244,0.3516
5.7499,0.5037,-0.6890,-1.6155,1.6949,-0.1774,0.7881,-0.3625,-0.5243,-0.6660,1.6042,1.6681,0.1768,0.8428,0.3466
5.7800,0.5062,-0.6896,-1.6152,1.6935,-0.1713,0.8059,-0.3567,-0.5281,-0.6646,1.6009,1.6714,0.1711,0.8599,0.3414
5.8099,0.5107,-0.6881,-1.6145,1.6920,-0.1667,0.8244,-0.3515,-0.5303,-0.6624,1.5973,1.6741,0.1665,0.8755,0.3370
5.8300,0.5112,-0.6879,-1.6133,1.6911,-0.1630,0.8356,-0.3481,-0.5321,-0.6613,1.5950,1.6757,0.1626,0.8845,0.3330
5.8600,0.5147,-0.6873,-1.6129,1.6917,-0.1588,0.8512,-0.3436,-0.5347,-0.6580,1.5903,1.6804,0.1578,0.8973,0.3278
5.8899,0.5169,-0.6858,-1.6109,1.6916,-0.1538,0.8657,-0.3381,-0.5473,-0.6527,1.5927,1.7018,0.1573,0.8868,0.3195
5.9201,0.5195,-0.6858,-1.6091,1.6905,-0.1477,0.8811,-0.3323,-0.5386,-0.6519,1.5816,1.6864,0.1484,0.9233,0.3173
5.9400,0.5277,-0.6831,-1.6113,1.7017,-0.1476,0.8767,-0.3281,-0.5403,-0.6494,1.5782,1.6887,0.1456,0.9302,0.3141
5.9699,0.5229,-0.6829,-1.6047,1.6911,-0.1389,0.9052,-0.3226,-0.5412,-0.6462,1.5728,1.6921,0.1396,0.9404,0.3073
5.9999,0.5241,-0.6816,-1.6013,1.6914,-0.1332,0.9170,-0.3166,-0.5427,-0.6432,1.5687,1.6970,0.1350,0.9481,0.3015
6.0299,0.5342,-0.6783,-1.6038,1.7068,-0.1330,0.9100,-0.3111,-0.5515,-0.6360,1.5662,1.7118,0.1324,0.9413,0.2919
6.0499,0.5396,-0.6750,-1.6037,1.7146,-0.1321,0.9070,-0.3067,-0.5455,-0.6367,1.5582,1.7027,0.1268,0.9592,0.2920
6.0799,0.5267,-0.6735,-1.5937,1.6926,-0.1223,0.9432,-0.3010,-0.5532,-0.6302,1.5558,1.7190,0.1245,0.9499,0.2831
6.1099,0.5270,-0.6695,-1.5904,1.6940,-0.1197,0.9492,-0.2962,-0.5469,-0.6297,1.5473,1.7114,0.1173,0.9690,0.2801
6.1399,0.5281,-0.6668,-1.5859,1.6947,-0.1151,0.9535,-0.2905,-0.5531,-0.6210,1.5417,1.7236,0.1133,0.9627,0.2694
6.1602,0.5293,-0.6654,-1.5834,1.6959,-0.1110,0.9563,-0.2853,-0.5478,-0.6254,1.5353,1.7189,0.1062,0.9748,0.2693
6.1902,0.5349,-0.6586,-1.5798,1.7071,-0.1083,0.9503,-0.2770,-0.5550,-0.6181,1.5313,1.7338,0.1030,0.9662,0.2597
6.2200,0.5301,-0.6614,-1.5718,1.6997,-0.0980,0.9674,-0.2718,-0.5477,-0.6196,1.5219,1.7290,0.0922,0.9822,0.2541
6.2500,0.5301,-0.6590,-1.5659,1.7037,-0.0912,0.9736,-0.2645,-0.5482,-0.6165,1.5157,1.7334,0.0862,0.9859,0.2473
6.2800,0.5366,-0.6519,-1.5621,1.7173,-0.0882,0.9658,-0.2554,-0.5479,-0.6124,1.5097,1.7391,0.0803,0.9876,0.2395
6.2999,0.5305,-0.6524,-1.5548,1.7105,-0.0821,0.9829,-0.2535,-0.5531,-0.6081,1.5075,1.7511,0.0782,0.9799,0.2335
6.3299,0.5368,-0.6476,-1.5529,1.7230,-0.0801,0.9758,-0.2468,-0.5580,-0.6019,1.5032,1.7639,0.0750,0.9713,0.2256
6.3601,0.5302,-0.6412,-1.5442,1.7196,-0.0752,0.9897,-0.2408,-0.5478,-0.6023,1.4958,1.7560,0.0679,0.9887,0.2227
6.3900,0.5361,-0.6375,-1.5432,1.7336,-0.0738,0.9806,-0.2353,-0.5487,-0.5984,1.4902,1.7635,0.0650,0.9887,0.2189
6.4099,0.5299,-0.6320,-1.5357,1.7275,-0.0707,0.9935,-0.2318,-0.5488,-0.5959,1.4869,1.7674,0.0623,0.9869,0.2152
6.4399,0.5365,-0.6264,-1.5328,1.7405,-0.0681,0.9861,-0.2242,-0.5488,-0.5939,1.4832,1.7726,0.0568,0.9885,0.2085
6.4699,0.5308,-0.6210,-1.5247,1.7386,-0.0637,0.9981,-0.2193,-0.5546,-0.5883,1.4794,1.7854,0.0537,0.9803,0.2010
6.5000,0.5360,-0.6155,-1.5212,1.7503,-0.0609,0.9907,-0.2121,-0.5512,-0.5895,1.4749,1.7845,0.0460,0.9868,0.1953
6.5200,0.5312,-0.6139,-1.5159,1.7479,-0.0567,0.9997,-0.2090,-0.5542,-0.5856,1.4717,1.7941,0.0437,0.9794,0.1903
6.5499,0.5361,-0.6084,-1.5122,1.7615,-0.0539,0.9901,-0.2019,-0.5531,-0.5864,1.4674,1.7956,0.0339,0.9845,0.1811
6.5800,0.5322,-0.6036,-1.5068,1.7609,-0.0452,0.9985,-0.1897,-0.5536,-0.5854,1.4646,1.8036,0.0267,0.9831,0.1725
6.6099,0.5337,-0.5987,-1.5022,1.7672,-0.0403,0.9969,-0.1814,-0.5557,-0.5834,1.4617,1.8103,0.0203,0.9826,0.1639
6.6300,0.5335,-0.5961,-1.5001,1.7723,-0.0366,0.9933,-0.1752,-0.5581,-0.5836,1.4602,1.8159,0.0160,0.9795,0.1593
6.6600,0.5346,-0.5909,-1.4961,1.7792,-0.0318,0.9907,-0.1663,-0.5597,-0.5824,1.4570,1.8234,0.0106,0.9764,0.1531
6.6899,0.5381,-0.5862,-1.4921,1.7888,-0.0289,0.9837,-0.1604,-0.5639,-0.5777,1.4527,1.8324,0.0074,0.9703,0.1469
6.7200,0.5378,-0.5838,-1.4898,1.7935,-0.0217,0.9862,-0.1500,-0.5660,-0.5743,1.4494,1.8384,0.0051,0.9658,0.1428
6.7399,0.5400,-0.5809,-1.4873,1.7995,-0.0198,0.9819,-0.1464,-0.5694,-0.5728,1.4487,1.8443,0.0041,0.9625,0.1403
6.7700,0.5412,-0.5791,-1.4848,1.8062,-0.0162,0.9804,-0.1415,-0.5720,-0.5818,1.4486,1.8499,-0.0014,0.9606,0.1414
6.7999,0.5424,-0.5779,-1.4823,1.8131,-0.0132,0.9772,-0.1380,-0.5757,-0.5781,1.4454,1.8594,-0.0039,0.9537,0.1365
6.8301,0.5448,-0.5760,-1.4792,1.8210,-0.0100,0.9741,-0.1338,-0.5770,-0.5858,1.4448,1.8653,-0.0138,0.9535,0.1312
6.8499,0.5457,-0.5732,-1.4763,1.8241,-0.0082,0.9716,-0.1307,-0.5806,-0.5877,1.4428,1.8704,-0.0171,0.9505,0.1296
6.8799,0.5485,-0.5745,-1.4754,1.8331,-0.0044,0.9659,-0.1273,-0.5828,-0.5893,1.4406,1.8778,-0.0226,0.9467,0.1253
6.9099,0.5519,-0.5721,-1.4736,1.8405,-0.0028,0.9611,-0.1239,-0.5883,-0.5852,1.4371,1.8872,-0.0256,0.9412,0.1195
6.9399,0.5540,-0.5739,-1.4719,1.8499,0.0002,0.9551,-0.1228,-0.5933,-0.5797,1.4316,1.8951,-0.0297,0.9365,0.1124
6.9600,0.5579,-0.5712,-1.4699,1.8572,0.0020,0.9507,-0.1189,-0.5919,-0.5945,1.4328,1.8997,-0.0359,0.9364,0.1174
6.9903,0.5589,-0.5744,-1.4687,1.8640,0.0051,0.9484,-0.1187,-0.5944,-0.5965,1.4305,1.9065,-0.0408,0.9337,0.1143
7.0200,0.5610,-0.5763,-1.4660,1.8719,0.0093,0.9454,-0.1166,-0.5992,-0.5913,1.4252,1.9150,-0.0448,0.9282,0.1076
7.0499,0.5647,-0.5796,-1.4637,1.8805,0.0166,0.9421,-0.1115,-0.6004,-0.6007,1.4248,1.9227,-0.0521,0.9246,0.1071
7.0699,0.5652,-0.5807,-1.4607,1.8860,0.0215,0.9389,-0.1080,-0.6015,-0.5965,1.4197,1.9250,-0.0552,0.9223,0.1024
7.0999,0.5683,-0.5835,-1.4581,1.8947,0.0282,0.9340,-0.1036,-0.6047,-0.6040,1.4198,1.9362,-0.0636,0.9135,0.0987
7.1300,0.5704,-0.5867,-1.4538,1.9034,0.0357,0.9274,-0.0994,-0.6090,-0.5993,1.4146,1.9453,-0.0675,0.9069,0.0927
7.1601,0.5739,-0.5818,-1.4486,1.9123,0.0394,0.9206,-0.0934,-0.6093,-0.6077,1.4128,1.9525,-0.0763,0.9011,0.0906
7.1799,0.5742,-0.5913,-1.4500,1.9173,0.0453,0.9169,-0.0938,-0.6106,-0.6042,1.4084,1.9568,-0.0791,0.8971,0.0866
7.2099,0.5763,-0.5879,-1.4462,1.9236,0.0479,0.9118,-0.0898,-0.6121,-0.6101,1.4072,1.9672,-0.0876,0.8875,0.0825
7.2399,0.5795,-0.5940,-1.4453,1.9354,0.0562,0.9025,-0.0855,-0.6146,-0.6049,1.4007,1.9764,-0.0921,0.8791,0.0767
7.2699,0.5825,-0.5974,-1.4422,1.9436,0.0642,0.8923,-0.0803,-0.6154,-0.6085,1.4000,1.9836,-0.0996,0.8694,0.0717
7.2902,0.5836,-0.5995,-1.4400,1.9498,0.0688,0.8878,-0.0779,-0.6160,-0.6073,1.3969,1.9901,-0.1034,0.8641,0.0680
7.3199,0.5868,-0.6023,-1.4371,1.9586,0.0755,0.8811,-0.0736,-0.6189,-0.6039,1.3926,2.0007,-0.1067,0.8549,0.0641
7.3501,0.5893,-0.6037,-1.4335,1.9671,0.0826,0.8749,-0.0682,-0.6190,-0.6063,1.3909,2.0074,-0.1152,0.8484,0.0573
7.3799,0.5913,-0.5986,-1.4271,1.9739,0.0867,0.8686,-0.0625,-0.6214,-0.6050,1.3868,2.0157,-0.1217,0.8404,0.0509
7.3999,0.5942,-0.6048,-1.4280,1.9814,0.0933,0.8599,-0.0594,-0.6227,-0.6012,1.3816,2.0206,-0.1251,0.8354,0.0468
7.4301,0.5953,-0.5987,-1.4202,1.9844,0.0981,0.8564,-0.0528,-0.6244,-0.6038,1.3793,2.0290,-0.1353,0.8256,0.0385
7.4600,0.6002,-0.6026,-1.4193,1.9981,0.1066,0.8414,-0.0467,-0.6252,-0.5998,1.3736,2.0342,-0.1389,0.8199,0.0344
7.4899,0.6035,-0.6010,-1.4159,2.0063,0.1123,0.8303,-0.0408,-0.6286,-0.5996,1.3709,2.0459,-0.1492,0.8056,0.0243
7.5099,0.6048,-0.6001,-1.4125,2.0113,0.1176,0.8238,-0.0358,-0.6294,-0.5959,1.3658,2.0479,-0.1523,0.8030,0.0204
7.5399,0.6076,-0.5971,-1.4089,2.0192,0.1235,0.8132,-0.0285,-0.6328,-0.5958,1.3660,2.0599,-0.1605,0.7888,0.0116
7.5699,0.6078,-0.5907,-1.4002,2.0214,0.1285,0.8096,-0.0219,-0.6321,-0.5912,1.3590,2.0635,-0.1645,0.7831,0.0075
7.5999,0.6124,-0.5932,-1.4009,2.0367,0.1384,0.7892,-0.0131,-0.6366,-0.5884,1.3582,2.0747,-0.1731,0.7670,-0.0032
7.6200,0.6114,-0.5894,-1.3954,2.0365,0.1413,0.7876,-0.0095,-0.6384,-0.5859,1.3556,2.0810,-0.1765,0.7602,-0.0072
7.6500,0.6156,-0.5877,-1.3936,2.0512,0.1502,0.7672,-0.0001,-0.6406,-0.5824,1.3527,2.0892,-0.1823,0.7508,-0.0146
7.6799,0.6173,-0.5846,-1.3909,2.0579,0.1561,0.7580,0.0073,-0.6426,-0.5772,1.3499,2.0956,-0.1875,0.7406,-0.0222
7.7099,0.6155,-0.5817,-1.3860,2.0609,0.1586,0.7527,0.0095,-0.6415,-0.5744,1.3451,2.0981,-0.1901,0.7363,-0.0244
7.7300,0.6200,-0.5773,-1.3865,2.0706,0.1646,0.7371,0.0191,-0.6465,-0.5689,1.3453,2.1071,-0.1966,0.7239,-0.0353
7.7601,0.6235,-0.5728,-1.3840,2.0782,0.1690,0.7272,0.0257,-0.6480,-0.5650,1.3430,2.1127,-0.2008,0.7154,-0.0410
7.7899,0.6251,-0.5682,-1.3810,2.0846,0.1736,0.7176,0.0324,-0.6479,-0.5611,1.3370,2.1146,-0.2043,0.7120,-0.0449
7.8200,0.6252,-0.5654,-1.3767,2.0880,0.1762,0.7134,0.0350,-0.6511,-0.5570,1.3358,2.1234,-0.2110,0.7043,-0.0545
7.8500,0.6299,-0.5600,-1.3757,2.0977,0.1839,0.6999,0.0466,-0.6515,-0.5553,1.3328,2.1269,-0.2129,0.7005,-0.0561
7.8700,0.6308,-0.5572,-1.3716,2.1008,0.1864,0.6965,0.0496,-0.6526,-0.5541,1.3306,2.1308,-0.2145,0.6970,-0.0575
7.8999,0.6332,-0.5546,-1.3709,2.1064,0.1925,0.6899,0.0578,-0.6531,-0.5511,1.3283,2.1335,-0.2199,0.6962,-0.0649
7.9300,0.6367,-0.5536,-1.3686,2.1182,0.1948,0.6804,0.0594,-0.6531,-0.5488,1.3245,2.1357,-0.2221,0.6930,-0.0671
7.9602,0.6376,-0.5442,-1.3646,2.1171,0.2001,0.6846,0.0714,-0.6544,-0.5445,1.3231,2.1402,-0.2272,0.6878,-0.0749
7.9799,0.6377,-0.5438,-1.3634,2.1205,0.2010,0.6811,0.0716,-0.6537,-0.5424,1.3197,2.1406,-0.2290,0.6860,-0.0767
8.0099,0.6401,-0.5437,-1.3626,2.1284,0.2021,0.6749,0.0720,-0.6544,-0.5354,1.3169,2.1447,-0.2320,0.6796,-0.0829
8.0399,0.6410,-0.5413,-1.3588,2.1322,0.2045,0.6710,0.0746,-0.6545,-0.5326,1.3135,2.1483,-0.2360,0.6743,-0.0873
8.0699,0.6454,-0.5255,-1.3535,2.1344,0.2133,0.6696,0.0941,-0.6539,-0.5295,1.3101,2.1513,-0.2415,0.6683,-0.0934
8.0899,0.6462,-0.5240,-1.3508,2.1385,0.2151,0.6656,0.0956,-0.6536,-0.5275,1.3068,2.1522,-0.2446,0.6657,-0.0967
8.1200,0.6467,-0.5192,-1.3476,2.1417,0.2212,0.6616,0.1043,-0.6521,-0.5235,1.3006,2.1522,-0.2479,0.6629,-0.1000
8.1499,0.6485,-0.5161,-1.3443,2.1450,0.2270,0.6569,0.1116,-0.6521,-0.5218,1.2993,2.1581,-0.2543,0.6547,-0.1067
8.1800,0.6490,-0.5137,-1.3391,2.1495,0.2332,0.6533,0.1179,-0.6511,-0.5185,1.2941,2.1584,-0.2571,0.6521,-0.1096
8.1999,0.6506,-0.5115,-1.3356,2.1530,0.2355,0.6503,0.1206,-0.6507,-0.5186,1.2933,2.1635,-0.2625,0.6494,-0.1149
8.2300,0.6503,-0.5107,-1.3304,2.1547,0.2438,0.6486,0.1287,-0.6503,-0.5159,1.2884,2.1663,-0.2653,0.6451,-0.1172
8.2602,0.6503,-0.5096,-1.3246,2.1602,0.2517,0.6455,0.1359,-0.6482,-0.5146,1.2849,2.1683,-0.2726,0.6417,-0.1242
8.2904,0.6491,-0.5119,-1.3164,2.1645,0.2619,0.6440,0.1429,-0.6466,-0.5133,1.2797,2.1714,-0.2796,0.6378,-0.1302
8.3099,0.6518,-0.5070,-1.3091,2.1678,0.2666,0.6407,0.1486,-0.6459,-0.5132,1.2765,2.1736,-0.2851,0.6331,-0.1345
8.3399,0.6476,-0.5120,-1.3018,2.1710,0.2753,0.6458,0.1530,-0.6450,-0.5125,1.2699,2.1776,-0.2930,0.6244,-0.1400
8.3700,0.6538,-0.5069,-1.2929,2.1817,0.2818,0.6376,0.1599,-0.6427,-0.5119,1.2633,2.1809,-0.3008,0.6166,-0.1450
8.4000,0.6459,-0.5106,-1.2828,2.1809,0.2865,0.6494,0.1599,-0.6405,-0.5111,1.2549,2.1860,-0.3112,0.6054,-0.1519
8.4200,0.6487,-0.5078,-1.2768,2.1890,0.2908,0.6419,0.1633,-0.6394,-0.5101,1.2476,2.1878,-0.3178,0.5979,-0.1559
8.4500,0.6526,-0.5012,-1.2653,2.1968,0.2983,0.6338,0.1710,-0.6362,-0.5087,1.2384,2.1915,-0.3280,0.5864,-0.1622
8.4800,0.6431,-0.5085,-1.2529,2.1971,0.3081,0.6377,0.1720,-0.6335,-0.5092,1.2256,2.1954,-0.3388,0.5759,-0.1672
8.5099,0.6429,-0.5085,-1.2373,2.2038,0.3221,0.6252,0.1795,-0.6307,-0.4986,1.2102,2.1920,-0.3470,0.5715,-0.1760
8.5301,0.6419,-0.5092,-1.2273,2.2076,0.3314,0.6168,0.1841,-0.6284,-0.5058,1.2037,2.2025,-0.3586,0.5542,-0.1787
8.5600,0.6397,-0.5107,-1.2112,2.2135,0.3468,0.6062,0.1919,-0.6279,-0.4947,1.1872,2.2023,-0.3680,0.5478,-0.1885
8.5899,0.6364,-0.5103,-1.1933,2.2208,0.3618,0.5943,0.1992,-0.6204,-0.5007,1.1728,2.2101,-0.3825,0.5251,-0.1904
8.6200,0.6350,-0.5092,-1.1774,2.2272,0.3748,0.5833,0.2059,-0.6167,-0.4970,1.1575,2.2147,-0.3944,0.5104,-0.1968
8.6399,0.6359,-0.5029,-1.1662,2.2305,0.3816,0.5767,0.2119,-0.6133,-0.4937,1.1463,2.2185,-0.4029,0.4986,-0.2012
8.6699,0.6328,-0.5017,-1.1534,2.2377,0.3874,0.5693,0.2117,-0.6079,-0.4876,1.1313,2.2233,-0.4142,0.4835,-0.2077
8.6999,0.6260,-0.4940,-1.1413,2.2339,0.3933,0.5634,0.2154,-0.6021,-0.4781,1.1160,2.2224,-0.4222,0.4739,-0.2130
8.7300,0.6303,-0.4875,-1.1300,2.2501,0.4070,0.5252,0.2226,-0.5954,-0.4734,1.1028,2.2306,-0.4375,0.4491,-0.2218
8.7499,0.6282,-0.4840,-1.1213,2.2526,0.4157,0.5114,0.2277,-0.5892,-0.4674,1.0944,2.2266,-0.4413,0.4448,-0.2239
8.7799,0.6245,-0.4763,-1.1106,2.2574,0.4286,0.4877,0.2364,-0.5840,-0.4597,1.0806,2.2346,-0.4552,0.4189,-0.2322
8.8099,0.6213,-0.4706,-1.0991,2.2600,0.4405,0.4683,0.2439,-0.5777,-0.4508,1.0689,2.2368,-0.4648,0.4013,-0.2385
8.8399,0.6160,-0.4630,-1.0861,2.2612,0.4523,0.4470,0.2509,-0.5667,-0.4440,1.0578,2.2329,-0.4693,0.3922,-0.2390
8.8600,0.6107,-0.4583,-1.0796,2.2574,0.4552,0.4438,0.2524,-0.5599,-0.4391,1.0506,2.2296,-0.4722,0.3870,-0.2397
8.8901,0.6090,-0.4513,-1.0702,2.2636,0.4695,0.4171,0.2627,-0.5575,-0.4270,1.0378,2.2376,-0.4897,0.3581,-0.2545
8.9204,0.6051,-0.4412,-1.0583,2.2647,0.4776,0.3997,0.2681,-0.5493,-0.4200,1.0261,2.2382,-0.5006,0.3426,-0.2616
8.9501,0.5993,-0.4330,-1.0469,2.2661,0.4850,0.3870,0.2726,-0.5417,-0.4133,1.0121,2.2407,-0.5072,0.3287,-0.2636
8.9701,0.5954,-0.4269,-1.0405,2.2660,0.4912,0.3759,0.2771,-0.5330,-0.4099,1.0044,2.2404,-0.5191,0.3227,-0.2734
9.0001,0.5888,-0.4211,-1.0297,2.2662,0.5025,0.3614,0.2849,-0.5250,-0.4012,0.9900,2.2392,-0.5258,0.3111,-0.2766
9.0300,0.5794,-0.4150,-1.0186,2.2663,0.5143,0.3459,0.2925,-0.5149,-0.3969,0.9786,2.2379,-0.5391,0.3022,-0.2865
9.0604,0.5727,-0.4056,-1.0069,2.2602,0.5198,0.3404,0.2966,-0.5065,-0.3897,0.9666,2.2373,-0.5478,0.2911,-0.2920
9.0799,0.5678,-0.4023,-1.0002,2.2633,0.5285,0.3247,0.3016,-0.5012,-0.3842,0.9598,2.2337,-0.5507,0.2867,-0.2935
9.1101,0.5579,-0.3955,-0.9901,2.2589,0.5324,0.3166,0.3024,-0.4945,-0.3768,0.9482,2.2325,-0.5628,0.2689,-0.3022
9.1400,0.5525,-0.3848,-0.9809,2.2578,0.5438,0.2996,0.3121,-0.4874,-0.3678,0.9396,2.2246,-0.5664,0.2653,-0.3050
9.1699,0.5435,-0.3763,-0.9716,2.2501,0.5475,0.2947,0.3141,-0.4810,-0.3615,0.9273,2.2257,-0.5764,0.2442,-0.3105
9.1901,0.5387,-0.3736,-0.9637,2.2556,0.5631,0.2735,0.3260,-0.4768,-0.3572,0.9193,2.2245,-0.5797,0.2354,-0.3116
9.2200,0.5297,-0.3648,-0.9524,2.2499,0.5678,0.2658,0.3284,-0.4693,-0.3501,0.9102,2.2234,-0.5840,0.2249,-0.3134
9.2500,0.5182,-0.3606,-0.9425,2.2494,0.5709,0.2534,0.3267,-0.4634,-0.3421,0.8972,2.2235,-0.5899,0.2133,-0.3166
9.2799,0.5073,-0.3556,-0.9293,2.2516,0.5757,0.2375,0.3263,-0.4531,-0.3378,0.8859,2.2198,-0.5918,0.2115,-0.3157
9.2999,0.4992,-0.3539,-0.9228,2.2528,0.5773,0.2279,0.3245,-0.4510,-0.3319,0.8757,2.2217,-0.5969,0.2024,-0.3191
9.3300,0.4951,-0.3392,-0.9150,2.2456,0.5857,0.2279,0.3348,-0.4370,-0.3311,0.8636,2.2156,-0.5988,0.2069,-0.3179
9.3600,0.4871,-0.3331,-0.9027,2.2464,0.5907,0.2151,0.3362,-0.4267,-0.3278,0.8490,2.2136,-0.6018,0.2057,-0.3175
9.3899,0.4744,-0.3292,-0.8936,2.2413,0.5934,0.2177,0.3369,-0.4149,-0.3257,0.8333,2.2093,-0.6053,0.2077,-0.3175
9.4200,0.4637,-0.3259,-0.8799,2.2373,0.5957,0.2154,0.3357,-0.4032,-0.3218,0.8202,2.2058,-0.6085,0.2084,-0.3176
9.4399,0.4587,-0.3215,-0.8679,2.2421,0.6008,0.2017,0.3373,-0.4025,-0.3129,0.8099,2.2039,-0.6144,0.2019,-0.3228
9.4699,0.4458,-0.3171,-0.8600,2.2318,0.5991,0.2125,0.3345,-0.3885,-0.3103,0.7997,2.1981,-0.6140,0.2034,-0.3191
9.5000,0.4344,-0.3118,-0.8488,2.2284,0.6035,0.2105,0.3364,-0.3800,-0.3030,0.7867,2.1911,-0.6167,0.2007,-0.3193
9.5300,0.4293,-0.3025,-0.8346,2.2284,0.6102,0.1980,0.3405,-0.3730,-0.2951,0.7756,2.1898,-0.6211,0.1893,-0.3209
9.5500,0.4260,-0.2959,-0.8258,2.2271,0.6144,0.1910,0.3433,-0.3695,-0.2868,0.7729,2.1801,-0.6200,0.1946,-0.3208
9.5799,0.4080,-0.2959,-0.8185,2.2163,0.6150,0.2014,0.3416,-0.3644,-0.2765,0.7655,2.1722,-0.6235,0.1905,-0.3237
9.6099,0.3989,-0.2888,-0.8067,2.2109,0.6159,0.2011,0.3403,-0.3532,-0.2684,0.7578,2.1626,-0.6208,0.1897,-0.3191
9.6399,0.3895,-0.2815,-0.7912,2.2143,0.6217,0.1827,0.3415,-0.3446,-0.2615,0.7481,2.1535,-0.6220,0.1902,-0.3186
9.6600,0.3863,-0.2756,-0.7832,2.2135,0.6254,0.1756,0.3438,-0.3393,-0.2566,0.7426,2.1474,-0.6217,0.1912,-0.3174
9.6903,0.3741,-0.2668,-0.7818,2.1929,0.6181,0.2002,0.3383,-0.3329,-0.2457,0.7318,2.1429,-0.6264,0.1814,-0.3202
9.7200,0.3692,-0.2573,-0.7689,2.1920,0.6241,0.1884,0.3419,-0.3200,-0.2402,0.7261,2.1270,-0.6224,0.1917,-0.3151
9.7499,0.3562,-0.2504,-0.7634,2.1775,0.6183,0.2003,0.3353,-0.3106,-0.2306,0.7175,2.1158,-0.6229,0.1933,-0.3144
9.7699,0.3501,-0.2453,-0.7572,2.1722,0.6190,0.2002,0.3349,-0.3030,-0.2259,0.7123,2.1079,-0.6228,0.1938,-0.3131
9.7999,0.3417,-0.2364,-0.7498,2.1630,0.6199,0.1993,0.3347,-0.2981,-0.2133,0.7044,2.0989,-0.6268,0.1888,-0.3165
9.8301,0.3324,-0.2270,-0.7425,2.1526,0.6198,0.1985,0.3334,-0.2841,-0.2070,0.6970,2.0848,-0.6239,0.1936,-0.3115
9.8599,0.3222,-0.2176,-0.7340,2.1424,0.6204,0.1968,0.3323,-0.2754,-0.1969,0.6907,2.0732,-0.6248,0.1918,-0.3114
9.8799,0.3178,-0.2107,-0.7314,2.1351,0.6214,0.1944,0.3331,-0.2714,-0.1879,0.6876,2.0640,-0.6264,0.1912,-0.3133
9.9099,0.3104,-0.1992,-0.7269,2.1233,0.6212,0.1909,0.3323,-0.2662,-0.1754,0.6864,2.0481,-0.6276,0.1946,-0.3158
9.9399,0.3014,-0.1882,-0.7216,2.1117,0.6212,0.1880,0.3315,-0.2548,-0.1679,0.6794,2.0379,-0.6236,0.1856,-0.3083
9.9699,0.2931,-0.1776,-0.7154,2.1000,0.6226,0.1852,0.3320,-0.2471,-0.1565,0.6772,2.0252,-0.6246,0.1814,-0.3090
9.9902,0.2882,-0.1687,-0.7147,2.0878,0.6231,0.1878,0.3334,-0.2421,-0.1481,0.6764,2.0146,-0.6251,0.1825,-0.3099
10.0201,0.2799,-0.1573,-0.7110,2.0754,0.6244,0.1857,0.3344,-0.2373,-0.1363,0.6768,1.9979,-0.6257,0.1876,-0.3122
10.0499,0.2697,-0.1482,-0.7057,2.0655,0.6237,0.1760,0.3315,-0.2329,-0.1235,0.6761,1.9818,-0.6270,0.1915,-0.3152
10.0799,0.2619,-0.1366,-0.7031,2.0519,0.6247,0.1755,0.3326,-0.2246,-0.1131,0.6737,1.9704,-0.6275,0.1893,-0.3153
10.0999,0.2548,-0.1304,-0.6998,2.0434,0.6244,0.1723,0.3312,-0.2123,-0.1151,0.6669,1.9707,-0.6251,0.1733,-0.3072
10.1300,0.2473,-0.1196,-0.6972,2.0296,0.6243,0.1682,0.3307,-0.2044,-0.1079,0.6644,1.9593,-0.6246,0.1742,-0.3062
10.1602,0.2402,-0.1088,-0.6962,2.0166,0.6251,0.1632,0.3313,-0.1962,-0.0996,0.6625,1.9500,-0.6245,0.1715,-0.3054
10.1904,0.2322,-0.0963,-0.6945,2.0015,0.6260,0.1636,0.3326,-0.1908,-0.0922,0.6606,1.9389,-0.6240,0.1738,-0.3049
10.2099,0.2243,-0.0941,-0.6921,1.9932,0.6253,0.1631,0.3307,-0.1856,-0.0881,0.6586,1.9356,-0.6240,0.1702,-0.3040
10.2399,0.2152,-0.0856,-0.6895,1.9817,0.6248,0.1632,0.3297,-0.1817,-0.0803,0.6598,1.9238,-0.6240,0.1740,-0.3051
10.2699,0.2058,-0.0774,-0.6860,1.9707,0.6243,0.1645,0.3285,-0.1763,-0.0736,0.6574,1.9180,-0.6246,0.1706,-0.3050
10.2999,0.1958,-0.0708,-0.6843,1.9592,0.6239,0.1661,0.3275,-0.1714,-0.0690,0.6551,1.9145,-0.6248,0.1668,-0.3044
10.3200,0.1911,-0.0649,-0.6833,1.9524,0.6242,0.1651,0.3276,-0.1686,-0.0661,0.6550,1.9107,-0.6247,0.1665,-0.3041
10.3499,0.1847,-0.0563,-0.6825,1.9418,0.6244,0.1649,0.3280,-0.1646,-0.0610,0.6573,1.9018,-0.6222,0.1738,-0.3025
10.3799,0.1801,-0.0478,-0.6808,1.9331,0.6254,0.1640,0.3292,-0.1603,-0.0578,0.6552,1.8980,-0.6221,0.1743,-0.3019
10.4099,0.1720,-0.0411,-0.6794,1.9253,0.6250,0.1609,0.3280,-0.1606,-0.0527,0.6545,1.8929,-0.6233,0.1756,-0.3041
10.4300,0.1607,-0.0417,-0.6783,1.9163,0.6223,0.1679,0.3240,-0.1559,-0.0539,0.6544,1.8925,-0.6219,0.1749,-0.3015
10.4599,0.1561,-0.0353,-0.6771,1.9096,0.6227,0.1666,0.3243,-0.1545,-0.0508,0.6546,1.8884,-0.6221,0.1758,-0.3021
10.4904,0.1476,-0.0325,-0.6758,1.9015,0.6218,0.1685,0.3224,-0.1509,-0.0501,0.6535,1.8873,-0.6218,0.1744,-0.3010
10.5200,0.1417,-0.0280,-0.6749,1.8963,0.6214,0.1662,0.3214,-0.1502,-0.0481,0.6540,1.8855,-0.6213,0.1744,-0.3007
10.5399,0.1391,-0.0247,-0.6756,1.8916,0.6210,0.1684,0.3214,-0.1494,-0.0476,0.6547,1.8839,-0.6210,0.1753,-0.3005
10.5699,0.1344,-0.0204,-0.6753,1.8866,0.6211,0.1681,0.3213,-0.1493,-0.0471,0.6533,1.8851,-0.6215,0.1731,-0.3007
10.6001,0.1317,-0.0177,-0.6753,1.8822,0.6205,0.1683,0.3206,-0.1486,-0.0465,0.6535,1.8843,-0.6206,0.1749,-0.2998
10.6300,0.1301,-0.0148,-0.6752,1.8781,0.6207,0.1676,0.3209,-0.1494,-0.0461,0.6532,1.8834,-0.6210,0.1754,-0.3004
10.6500,0.1275,-0.0135,-0.6744,1.8773,0.6205,0.1655,0.3202,-0.1496,-0.0458,0.6525,1.8840,-0.6213,0.1745,-0.3006
10.6800,0.1259,-0.0116,-0.6745,1.8728,0.6201,0.1683,0.3200,-0.1520,-0.0457,0.6544,1.8833,-0.6206,0.1742,-0.3005
10.7100,0.1238,-0.0111,-0.6745,1.8699,0.6204,0.1686,0.3201,-0.1526,-0.0445,0.6546,1.8816,-0.6209,0.1755,-0.3013
10.7401,0.1250,-0.0071,-0.6758,1.8638,0.6211,0.1728,0.3223,-0.1496,-0.0466,0.6565,1.8811,-0.6191,0.1763,-0.2989
10.7601,0.1226,-0.0089,-0.6741,1.8658,0.6201,0.1669,0.3196,-0.1559,-0.0434,0.6561,1.8838,-0.6216,0.1679,-0.3021
10.7907,0.1206,-0.0085,-0.6754,1.8630,0.6192,0.1683,0.3188,-0.1569,-0.0420,0.6563,1.8831,-0.6220,0.1666,-0.3028
10.8200,0.1235,-0.0060,-0.6752,1.8626,0.6202,0.1645,0.3201,-0.1571,-0.0418,0.6561,1.8833,-0.6216,0.1661,-0.3023
10.8501,0.1207,-0.0076,-0.6772,1.8611,0.6185,0.1658,0.3182,-0.1566,-0.0431,0.6564,1.8844,-0.6211,0.1657,-0.3015
10.8701,0.1261,-0.0032,-0.6766,1.8619,0.6213,0.1609,0.3219,-0.1544,-0.0447,0.6555,1.8870,-0.6205,0.1626,-0.2998
10.8999,0.1270,-0.0022,-0.6764,1.8612,0.6218,0.1612,0.3228,-0.1582,-0.0419,0.6577,1.8858,-0.6215,0.1663,-0.3025
10.9300,0.1271,-0.0034,-0.6768,1.8616,0.6204,0.1599,0.3210,-0.1572,-0.0424,0.6561,1.8862,-0.6214,0.1674,-0.3021
10.9600,0.1275,-0.0022,-0.6754,1.8622,0.6211,0.1583,0.3216,-0.1580,-0.0425,0.6552,1.8878,-0.6214,0.1678,-0.3021
10.9902,0.1289,-0.0024,-0.6755,1.8627,0.6214,0.1589,0.3222,-0.1580,-0.0431,0.6537,1.8904,-0.6217,0.1651,-0.3018
